Time,X,Y,Vy,Yaw,YawRate,YawAcc,SideSlipAngle,Steer,T_FL,T_FR,T_RL,T_RR
0,2.51192248797939,-5.25000000813128,2.37771233695162e-09,0,0,-6.7803266669067e-08,0,-6.84906457069923e-10,-0.0109315665564204,-0.0109315665564204,-0.00762835934666336,-0.00762835934666336
0.01,2.68691318288689,-5.25000000812638,3.56483219603951e-09,-3.43725920648956e-12,-5.71439052227311e-10,-3.68995635609046e-08,6.26215170932886e-11,-6.70146755362561e-10,-0.00252638876341093,-0.00252635372795854,-0.00159523838897202,-0.00159519721814857
0.02,2.88132073722564,-5.25000000810145,6.26167426985539e-09,-1.12481783103242e-11,-9.62614959973181e-10,-3.95560728923915e-08,2.05906050727088e-10,-6.55673419855049e-10,-0.0025181387910981,-0.00251810368734026,-0.00159258531023215,-0.00159254418684169
0.03,3.07570164398868,-5.25000000804427,9.97073617539546e-09,-2.30662191597811e-11,-1.37298647020626e-09,-4.47326927464477e-08,4.03900026507045e-10,-6.57468714236956e-10,4.84208179546724,4.84208185941047,5.98306750716829,5.98306752436362
0.04,3.27005844216373,-5.25000000794805,1.41780093391865e-08,-3.93351004114109e-11,-1.84260473461557e-09,-4.91800443223269e-08,6.29534442407397e-10,-6.62247792845502e-10,11.7213858687598,11.7213859082254,15.9791426139697,15.9791426583316
0.05,3.46439537787279,-5.25000000781054,1.85172539788136e-08,-6.04756722604511e-11,-2.33866302803391e-09,-4.99882252708615e-08,8.6337175029029e-10,-6.60388638521955e-10,19.0201242360081,19.0201244688221,22.4587936819809,22.4587935254747
0.06,3.65871619301565,-5.25000000763263,2.27338138041503e-08,-8.65317657279855e-11,-2.82073354983058e-09,-4.68693790887934e-08,1.09179325568012e-09,-6.48693099670333e-10,24.2009565425905,24.2009568743135,28.4431438505423,28.4431435966263
0.07,3.85302390547945,-5.2500000074174,2.6648167497957e-08,-1.17167986968479e-10,-3.25388291747186e-09,-4.04961965933828e-08,1.30512572834919e-09,-6.20750365606243e-10,27.8998652492782,27.8998656615347,32.7191534126739,32.7191530818167
0.08,4.04732067638929,-5.25000000716935,3.01379040533347e-08,-1.51736472517918e-10,-3.61036048698806e-09,-3.17070452590334e-08,1.49670584534961e-09,-5.74557057963707e-10,30.3513627731486,30.3513632399388,35.5610882195884,35.5610878387517
0.09,4.24160793742363,-5.2500000068939,3.31235269904847e-08,-1.89355921602619e-10,-3.87036688341322e-09,-2.12635663335263e-08,1.66213904579512e-09,-5.09742011621517e-10,31.9230345118792,31.9230350091234,37.3929197491029,37.3929193426777
0.1,4.43588660012242,-5.25000000659691,3.55595543903477e-08,-2.28984185858335e-10,-4.02039168695466e-09,-9.65578108528558e-09,1.7988330478807e-09,-4.24249241206404e-10,32.9644099359681,32.9644104454546,38.6172255808179,38.61722516743
0.11,4.63015726052482,-5.25000000628437,3.74278424034268e-08,-2.69468781061224e-10,-4.05185196475975e-09,2.51702421826909e-09,1.90564822222109e-09,-3.21709151072241e-10,33.7402782141645,33.740278723337,39.5388374945548,39.5388370869087
0.12,4.82442035653695,-5.25000000596215,3.87292634657321e-08,-3.09603451035367e-10,-3.961676210807e-09,1.48022718678873e-08,1.98246692085471e-09,-2.03681763946348e-10,34.4183141974071,34.4183146976664,40.3505226941679,40.3505223011619
0.13,5.01867626876808,-5.25000000563582,3.94794612274614e-08,-3.4817518155256e-10,-3.75156279183414e-09,2.66172806987601e-08,2.02997193372416e-09,-7.66222413208645e-11,35.0846625889733,35.0846630739305,41.1510069159064,41.1510065436655
0.14,5.21292537304397,-5.25000000531052,3.97034157581e-08,-3.84019045437441e-10,-3.42845682480918e-09,3.75573552312459e-08,2.04936524630443e-09,5.61525832342563e-11,35.7692559103173,35.7692563747197,41.9742587554063,41.9742584088414
0.15,5.40716805911614,-5.2500000049909,3.94336741467627e-08,-4.16060769831661e-10,-3.00357079796404e-09,4.70872261322101e-08,2.04227369064964e-09,1.86528899747893e-10,36.4700467733901,36.4700472122988,42.817460542823,42.8174602258666
0.16,5.60140472983607,-5.25000000468105,3.87067396377881e-08,-4.43366067279345e-10,-2.49256785235756e-09,5.49352368100062e-08,2.01056085079521e-09,3.11404630163811e-10,37.171423482825,37.1714238917217,43.662231850825,43.6622315669752
0.17,5.79563579179723,-5.25000000438454,3.75633600287048e-08,-4.65170452467825e-10,-1.91389885498418e-09,6.07157844264803e-08,1.95633731475785e-09,4.22910230273021e-10,37.8557987775707,37.8557991522304,44.4879541323655,44.4879538842443
0.18,5.989861644475,-5.25000000410437,3.60457856845275e-08,-4.80913308778738e-10,-1.28880034440401e-09,6.43541105779176e-08,1.88181653098253e-09,5.19373682082713e-10,38.509406158741,38.5094064955707,45.2784293976617,45.2784291874845
0.19,6.18408267146484,-5.250000003843,3.41989688137625e-08,-4.90248616328834e-10,-6.39337791293387e-10,6.5649903552351e-08,1.78937121479901e-09,5.94152799659672e-10,39.1241196835809,39.1241199795953,46.0239665958178,46.023966424777
0.2,6.37829923502116,-5.2500000036024,3.20681309904825e-08,-4.93060051678018e-10,1.16509255937207e-11,6.4765132672081e-08,1.68140485282923e-09,6.48244304589374e-10,39.6970035975755,39.6970038507434,46.7208687560987,46.7208686248467
0.21,6.57251167370946,-5.25000000338406,2.97006871780281e-08,-4.89448882269292e-10,6.42795931469294e-10,6.17074043905741e-08,1.56044505323883e-09,6.77162799141498e-10,40.2288665288176,40.2288667378126,47.3697714954477,47.3697714037256
0.22,6.76672030236127,-5.25000000318901,2.7143707429848e-08,-4.79727930696309e-10,1.23408361796476e-09,5.6875824264314e-08,1.42900986923077e-09,6.85249678181177e-10,40.7227072211787,40.7227073857215,47.973862326715,47.9738622737217
0.23,6.9609254134225,-5.25000000301787,2.44461734710267e-08,-4.64386814516946e-10,1.76910555221484e-09,5.04501518046955e-08,1.28971847902914e-09,6.70295048849426e-10,41.1824465010574,41.1824466218334,48.537426299512,48.5374262833933
0.24,7.15512727893873,-5.25000000287086,2.16557319380494e-08,-4.44068746568571e-10,2.23427194907596e-09,4.29609828972671e-08,1.14512209535843e-09,6.38927623048541e-10,41.6120797943689,41.6120798728889,49.0648631691111,49.0648631878319
0.25,7.34932615266588,-5.25000000274786,1.88207625796401e-08,-4.19523135725451e-10,2.62063861247063e-09,3.46602506069493e-08,9.97805907483405e-10,5.90504000298059e-10,42.0152054825171,42.0152055209681,49.5601569287843,49.5601569795507
0.26,7.54352227200916,-5.2500000026484,1.59867489408364e-08,-3.91575397206828e-10,2.92251814286292e-09,2.60964866619834e-08,8.50201534781551e-10,5.32705013780999e-10,42.3948337951627,42.3948337966293,50.0266447682866,50.0266448480086
0.27,7.73771585967561,-5.25000000257169,1.31981971235984e-08,-3.61077911664261e-10,3.13882518047121e-09,1.74959655669545e-08,7.0468248126601e-10,4.65456182494398e-10,42.753428278146,42.7534282461563,50.4670743904157,50.4670744954811
0.28,7.93190712504111,-5.25000000251671,1.04949889414429e-08,-3.28882572965333e-10,3.27126830739192e-09,9.3395635996234e-09,5.63376848699816e-10,3.96447468386726e-10,43.0929634638127,43.0929634024633,50.8836637511364,50.8836638779263
0.29,8.12609626526907,-5.25000000248218,7.91436487766214e-09,-2.9579849767731e-10,3.32534430528603e-09,1.76045029742915e-09,4.2826719929901e-10,3.252954906309e-10,43.4150344942846,43.4150344078312,51.2782250529863,51.2782251975841
0.3,8.32028346624017,-5.25000000246662,5.48749745738652e-09,-2.62573953747938e-10,3.30829538757542e-09,-4.87951236697072e-09,3.01015547159516e-10,2.58906080168736e-10,43.7209823672493,43.7209822602436,51.6523130585059,51.6523132171295
0.31,8.51446890335789,-5.2500000024684,3.24171260687557e-09,-2.29865776653962e-10,3.22993585493132e-09,-1.05681264640247e-08,1.83076325262331e-10,1.96070363504136e-10,44.0119470204083,44.0119468973616,52.0072777117112,52.0072778804601
0.32,8.70865274226227,-5.25000000248574,1.19742692103118e-09,-1.98233535457849e-10,3.1005434294563e-09,-1.50852810822635e-08,7.55407501174557e-11,1.42301522345137e-10,44.2889230013766,44.288922866703,52.3443266752004,52.3443268505824
0.33,8.90283513948147,-5.25000000251678,-6.29377073830559e-10,-1.6812261839516e-10,2.93165270500495e-09,-1.85309381690637e-08,-2.07365904227199e-11,9.55054436143493e-11,44.5528012821212,44.5528011400721,52.6645723539608,52.6645725324293
0.34,9.0970162430397,-5.25000000255962,-2.23012850521012e-09,-1.39873782627341e-10,2.73343305945529e-09,-2.08777912134462e-08,-1.05288114375405e-10,5.9638704348261e-11,44.8043757838305,44.8043756383278,52.9690299475796,52.9690301261223
0.35,9.29119619302493,-5.25000000261233,-3.59952088667269e-09,-1.1371322109177e-10,2.51763566756565e-09,-2.21782218476627e-08,-1.77822353079934e-10,3.16873699588577e-11,45.0443605268425,45.0443603814667,53.2586410670722,53.2586412427866
0.36,9.48537512211627,-5.25000000267301,-4.73910295394876e-09,-8.97655130069536e-11,2.29369365755068e-09,-2.2502160752817e-08,-2.38404334829837e-10,1.44165449977168e-11,45.2733729833097,45.2733728411776,53.5342404778082,53.5342406483642
0.37,9.67955315622426,-5.25000000273992,-5.67963224409846e-09,-6.81563021073529e-11,2.0523976273474e-09,-2.38910126613076e-08,-2.88613907525666e-10,2.49609621166824e-12,45.4917320338323,45.4917317840952,53.7971853650104,53.7971856494551
0.38,9.8737304155601,-5.25000000281148,-6.41236693763312e-09,-4.88170485127813e-11,1.84101366092602e-09,-2.04315795201393e-08,-3.28087815306779e-10,-7.59627387034167e-13,45.6997733600446,45.6997731892565,54.047894165979,54.047894360063
0.39,10.067907015483,-5.25000000288616,-6.97010135711411e-09,-3.14973508961498e-11,1.64628140272151e-09,-1.85854338499106e-08,-3.58476510502068e-10,2.30639769435714e-12,45.8976507959054,45.8976506654254,54.2849851819111,54.2849853372626
0.4,10.2620830642986,-5.25000000296274,-7.37743449096444e-09,-1.60321980875599e-11,1.46802885783422e-09,-1.69788853400245e-08,-3.81021786492048e-10,9.74920534926871e-12,46.0857629688213,46.0857628595671,54.5095338975046,54.50953403217
0.41,10.456258664063,-5.25000000304007,-7.63970001514439e-09,-2.25509842585704e-12,1.30761132857896e-09,-1.50262705655064e-08,-3.95984455064268e-10,2.32476403579096e-11,46.2647905273682,46.2647904345423,54.7226051951814,54.7226053139084
0.42,10.6504339112813,-5.25000000311698,-7.75760627521286e-09,1.00292988555648e-11,1.16764122908582e-09,-1.2939594193031e-08,-4.03391393347794e-10,3.77944578845019e-11,46.4353598673201,46.4353597889751,54.9251170940165,54.9251171987304
0.43,10.8446088973921,-5.2500000031923,-7.73727306835479e-09,2.10297222219182e-11,1.04886918585751e-09,-1.07835718697107e-08,-4.0354788842534e-10,5.47637503921228e-11,46.5979735228367,46.5979734571417,55.1178261934626,55.1178262860738
0.44,11.038783709155,-5.2500000032649,-7.58905246533494e-09,3.09589639690858e-11,9.50863076629181e-10,-8.82943173553e-09,-3.96978200290332e-10,6.99935775571453e-11,46.7530311744343,46.7530311198894,55.3013527343037,55.3013528161715
0.45,11.2329584289879,-5.25000000333375,-7.32797582111025e-09,4.00112987900125e-11,8.71301527830385e-10,-7.07148871503707e-09,-3.84448389648209e-10,8.54955793661016e-11,46.9008608651536,46.9008608210217,55.4762050220136,55.4762050937914
0.46,11.427133135259,-5.25000000339791,-6.96969846987049e-09,4.83597798215823e-11,8.07772023676954e-10,-5.64528383183581e-09,-3.66759654882101e-10,9.80600240764462e-11,47.0417248039875,47.0417247701281,55.6427899868997,55.6427900485494
0.47,11.6213079025304,-5.25000000345662,-6.5310980063793e-09,5.61465559711001e-11,7.57242805100034e-10,-4.44358459963004e-09,-3.44778458804983e-10,1.10051527569752e-10,47.1758293138646,47.1758292901705,55.801428088112,55.8014281396392
0.48,11.8154828017626,-5.25000000350921,-6.02759287572296e-09,6.34901117274915e-11,7.17413851226705e-10,-3.52745216792766e-09,-3.19299651114828e-10,1.1891394661491e-10,47.303367875432,47.3033678618491,55.9524132427998,55.9524132841002
0.49,12.0096579004954,-5.25000000355516,-5.47467417168452e-09,7.04823185331273e-11,6.85814043635959e-10,-2.77964486086426e-09,-2.91124053682685e-10,1.26914649579632e-10,47.4245011595195,47.4245011554874,56.0959954721047,56.0959955036187
0.5,12.2038332630054,-5.25000000359409,-4.88604499249632e-09,7.71970692260033e-11,6.60762397805849e-10,-2.24269977219741e-09,-2.60963367284718e-10,1.32057935550364e-10,47.5393762895488,47.5393762944187,56.232400503664,56.2324005258771
0.51,12.3980089504484,-5.25000000362573,-4.27513025544263e-09,8.36887443166081e-11,6.40494629297847e-10,-1.81173275889624e-09,-2.29516672609286e-10,1.364688017539e-10,47.6481293638399,47.6481293768539,56.3618374310333,56.3618374445706
0.52,12.5921850209882,-5.25000000364994,-3.6535519130109e-09,9.00000486284516e-11,6.23949244320787e-10,-1.52317250454095e-09,-1.97392473938492e-10,1.38529197011086e-10,47.7509119661961,47.7509119863595,56.4845231940013,56.4845231997232
0.53,12.7863615299219,-5.2500000036667,-3.03247676752727e-09,9.61607320986968e-11,6.09988867177567e-10,-1.28741593678877e-09,-1.65176980022201e-10,1.40147418626821e-10,47.8478578192725,47.8478578457524,56.6006474181455,56.6006474167504
0.54,12.9805385297892,-5.25000000367604,-2.42135456323929e-09,1.02194189180772e-10,5.98035814703459e-10,-1.14667042625692e-09,-1.33369532498635e-10,1.3980359014551e-10,47.9391129187504,47.9391129506478,56.7103988546337,56.7103988469322
0.55,13.1747160704779,-5.25000000367814,-1.82914779475836e-09,1.08115442385749e-10,5.87365080147668e-10,-1.02540435968406e-09,-1.02444882049188e-10,1.3923053877353e-10,48.0248239739117,48.0248240101857,56.8139620804579,56.8139620673746
0.56,13.3688941993184,-5.25000000367323,-1.2631393409491e-09,1.13936554589239e-10,5.77717169590589e-10,-9.64720516848979e-10,-7.27921756916011e-11,1.37082378001002e-10,48.1051360706016,48.1051361104627,56.9115094309921,56.9115094132237
0.57,13.5630729611702,-5.2500000036616,-7.30057283088079e-10,1.19664463160939e-10,5.68654780321298e-10,-9.03797115540187e-10,-4.47719166112015e-11,1.34854979396901e-10,48.1802157934697,48.1802158359759,57.0032264900964,57.0032264684811
0.58,13.7572523985084,-5.25000000364363,-2.35034598494548e-10,1.25305321897369e-10,5.60199976521377e-10,-8.21825786213768e-10,-1.86628239617126e-11,1.31153232371672e-10,48.2502220880486,48.250222132371,57.0892854719789,57.0892854473325
0.59,13.9514325514996,-5.25000000361973,2.17621399815741e-10,1.30865643281582e-10,5.52352865838286e-10,-8.19784246703585e-10,5.29935702047831e-12,1.27386911999774e-10,48.3153331681944,48.3153332134956,57.1698724009528,57.1698723740122
0.6,14.1456134580758,-5.25000000359036,6.24061073962154e-10,1.36347444126658e-10,5.44351611483402e-10,-8.71614511791635e-10,2.69037566408055e-11,1.22141273657672e-10,48.3757179746021,48.375718020076,57.245152622777,57.2451525943231
0.61,14.3397951540035,-5.250000003556,9.8157083757794e-10,1.41746178219361e-10,5.35793771047659e-10,-9.24678357790011e-10,4.59984255633987e-11,1.16813714950981e-10,48.4315755552237,48.4315756000841,57.3153237701621,57.3153237409263
0.62,14.5339776729538,-5.25000000351716,1.28884231347431e-09,1.47056161984537e-10,5.26516653909976e-10,-1.03363929198516e-09,6.25044416554167e-11,1.10028032258153e-10,48.4830843022942,48.483084345897,57.380553914207,57.3805538848114
0.63,14.7281610466641,-5.25000000347443,1.53751776963416e-09,1.52236744358258e-10,5.12174295999779e-10,-1.04087499860928e-09,7.5976721350887e-11,1.02690728533486e-10,48.5302879229622,48.5302879260783,57.4414197840133,57.4414197955271
0.64,14.9223453052906,-5.25000000342836,1.73753210481765e-09,1.57312883598408e-10,5.03403805714284e-10,-9.86293905337883e-10,8.6902953094235e-11,9.39577356889876e-11,48.5731448807962,48.5731448581635,57.4982490651524,57.4982490995738
0.65,15.1165304775472,-5.25000000337949,1.88218634352495e-09,1.62291108687256e-10,4.92239963251473e-10,-1.3585163815623e-09,9.49419254348636e-11,8.50787355063248e-11,48.6118312643409,48.6118312325908,57.5504227597925,57.5504228011669
0.66,15.3107165902408,-5.25000000332842,1.97306297184231e-09,1.671351795361e-10,4.76881163172818e-10,-1.79205863411501e-09,1.00171263318993e-10,7.51220966942884e-11,48.6466480630218,48.6466480296272,57.5978608321951,57.5978608735207
0.67,15.5049036680775,-5.25000000327568,2.01483929822863e-09,1.71803512372908e-10,4.5768516977624e-10,-2.1189554480132e-09,1.02827155138847e-10,6.56039265880398e-11,48.6779342866325,48.6779342543043,57.6407315155887,57.6407315543424
0.68,15.6990917336561,-5.2500000032218,2.01351422493366e-09,1.76263538219052e-10,4.35286596346955e-10,-2.78530745657905e-09,1.03215294195047e-10,5.58586471348377e-11,48.7060835060817,48.7060834757061,57.6793757168969,57.6793757523116
0.69,15.8932808075591,-5.25000000316722,1.97222111461384e-09,1.80480878860694e-10,4.10007682177011e-10,-2.7424726108358e-09,1.01490742723327e-10,4.50171009410555e-11,48.7316415757323,48.7316415788133,57.7137611955951,57.7137611953276
0.7,16.0874709085519,-5.25000000311239,1.89612807789559e-09,1.84431965538204e-10,3.82412946261509e-10,-2.8403284959578e-09,9.79190571413348e-11,3.48827175911809e-11,48.7549384264408,48.7549384401709,57.7441902502631,57.7441902391251
0.71,16.2816620531583,-5.25000000305769,1.78992684410638e-09,1.88102979508815e-10,3.53918092064739e-10,-2.9728898962547e-09,9.27433353039972e-11,2.39420276139379e-11,48.7762295481557,48.7762295618053,57.7715573914153,57.7715573795252
0.72,16.475854256317,-5.25000000300346,1.65906473386799e-09,1.91481242683769e-10,3.24035493819639e-10,-3.11112395373914e-09,8.62474197744544e-11,1.38530688656435e-11,48.7958160857969,48.7958160962414,57.7964330664723,57.7964330567344
0.73,16.6700475317061,-5.25000000294998,1.50971821227797e-09,1.94551893064387e-10,2.9244703030703e-10,-3.31421041536473e-09,7.87532679334092e-11,3.23833017693009e-12,48.8138983917521,48.8138983983443,57.8191469158699,57.8191469089321
0.74,16.8642418918905,-5.25000000289747,1.3472014836436e-09,1.97294822408447e-10,2.58791736798131e-10,-3.49912726864994e-09,7.0539053185228e-11,-6.29034563152941e-12,48.8306393325035,48.8306393352895,57.8399401875304,57.8399401833825
0.75,17.0584373484091,-5.25000000284612,1.17685851156486e-09,1.99691032565695e-10,2.23281867065372e-10,-3.6886927349662e-09,6.18841394627518e-11,-1.59262887166473e-11,48.8461454215252,48.8461454208421,57.8589713500749,57.858971348453
0.76,17.2526339118284,-5.25000000279604,1.00299645870433e-09,2.0172203397101e-10,1.86091372548641e-10,-3.81576480562797e-09,5.30146225618699e-11,-2.4215927657209e-11,48.8605139546917,48.8605139510216,57.8763790573442,57.8763790578269
0.77,17.4468315917884,-5.25000000274733,8.29821285683856e-10,2.03374748918761e-10,1.47787324800759e-10,-3.91723279557775e-09,4.41508989997044e-11,-3.23294667946283e-11,48.8738214179134,48.8738214116599,57.8922707153561,57.8922707176533
0.78,17.6410303970432,-5.25000000270005,6.60516606443614e-10,2.04639501513477e-10,1.08769900851496e-10,-3.94153925790198e-09,3.5460762660426e-11,-3.89523543628534e-11,48.8861477477939,48.8861477392915,57.906761114632,57.9067611184353
0.79,17.8352303355087,-5.25000000265422,4.98168061473527e-10,2.05513522468772e-10,6.97195355630657e-11,-3.92943273552818e-09,2.7106454828407e-11,-4.51927998062346e-11,48.8975833251899,48.8975833149015,57.9199727777364,57.9199727827326
0.8,18.0294314143162,-5.25000000260984,3.44906432806164e-10,2.05998376879443e-10,3.10835871729796e-11,-3.84406599809666e-09,1.92010616990189e-11,-4.99772909688667e-11,48.9082057706249,48.9082057588492,57.9320170651679,57.9320170711055
0.81,18.2236336398637,-5.25000000256689,2.02728963405733e-10,2.06102221095618e-10,-6.52116806271272e-12,-3.72831913998334e-09,1.18503416234843e-11,-5.43579814406975e-11,48.9180790370787,48.918079024202,57.9429882933503,57.9429882999307
0.82,18.4178370178663,-5.25000000252531,7.27905962225837e-11,2.05836893009482e-10,-4.27260945459506e-11,-3.55032540540592e-09,5.1166735404564e-12,-5.7365042620619e-11,48.9272804737507,48.9272804600229,57.9530009157557,57.9530009227856
0.83,18.6120415534117,-5.25000000248506,-4.41619757669403e-11,2.05217771292672e-10,-7.75191911582323e-11,-3.41976493791167e-09,-9.58543673369311e-13,-6.00027120004065e-11,48.9358607100763,48.9358606958803,57.9621346091088,57.9621346162875
0.84,18.806247251008,-5.25000000244608,-1.47507003857627e-10,2.04260417499692e-10,-1.10279617374094e-10,-3.16248285877136e-09,-6.34125422992515e-12,-6.13943821996255e-11,48.9438751185159,48.9438751040662,57.9704752129356,57.97047522007
0.85,19.0004541146334,-5.25000000240828,-2.36663360243015e-10,2.02989804478064e-10,-1.40417238193675e-10,-2.89938600690149e-09,-1.09997274470999e-11,-6.25061324314308e-11,48.9513595392707,48.9513595247995,57.9780914503174,57.9780914573028
0.86,19.1946621477779,-5.25000000237159,-3.11957185096199e-10,2.01432284946655e-10,-1.67845142118529e-10,-2.60936031753993e-09,-1.49486953850308e-11,-6.26453166684832e-11,48.9583513677248,48.9583513534117,57.98504589684,57.9850459034812
0.87,19.3888713534861,-5.25000000233592,-3.73669525932321e-10,1.99616373922713e-10,-1.92393440854278e-10,-2.32651188602174e-09,-1.82009285236058e-11,-6.26357663652266e-11,48.96486933969,48.9648693257552,57.9913856857906,57.9913856919478
0.88,19.5830817343896,-5.25000000230119,-4.22548001237079e-10,1.9757032544333e-10,-2.14104655436384e-10,-2.03193540058586e-09,-2.07932513277003e-11,-6.18744411175903e-11,48.9709314751388,48.9709314616342,57.9971516132653,57.9971516188808
0.89,19.7772932927396,-5.25000000226732,-4.5925670949353e-10,1.95323102928474e-10,-2.32950492149476e-10,-1.75634496078268e-09,-2.27585163329246e-11,-6.1113125844614e-11,48.9765405251337,48.9765405121973,58.0023686718062,58.0023686768319
0.9,19.9715060304356,-5.25000000223422,-4.84820268517184e-10,1.92902215757427e-10,-2.49083625457672e-10,-1.48030889355009e-09,-2.41481769256045e-11,-5.97820050841219e-11,48.9817199881398,48.9817199758818,58.007082625905,58.0070826301782
0.91,20.165719949054,-5.25000000220182,-5.00115537122623e-10,1.90334796882526e-10,-2.62574088934647e-10,-1.23073953710224e-09,-2.50063909268909e-11,-5.85728609711622e-11,48.9864437456058,48.9864437340406,58.011282237089,58.0112822406707
0.92,20.359935049862,-5.25000000217004,-5.06297399876871e-10,1.87645741152947e-10,-2.73648451719297e-10,-9.89082939072524e-10,-2.53916658020789e-11,-5.69639680477602e-11,48.9907353221819,48.990735311329,58.0150120402538,58.0150120430972
0.93,20.5541513338788,-5.25000000213884,-5.05315407433235e-10,1.84854914724676e-10,-2.82974109429674e-10,-7.725893367932e-10,-2.54042421616367e-11,-5.56485523894173e-11,48.994518662761,48.9945186476163,58.0183781101052,58.018378117545
0.94,20.7483688019867,-5.25000000210814,-4.97085662261707e-10,1.81987729765103e-10,-2.89349608974366e-10,-5.26162701130475e-10,-2.50412320542441e-11,-5.39786848031965e-11,48.9977088715861,48.9977088535956,58.0214801284626,58.0214801385437
0.95,20.9425874549846,-5.2500000020779,-4.83379966791157e-10,1.79067982025346e-10,-2.93854750037954e-10,-3.83840541172001e-10,-2.43918997583699e-11,-5.26744067200907e-11,49.0002850963353,49.0002850785898,58.0240189336394,58.024018943363
0.96,21.1368072934084,-5.25000000204809,-4.65430017618975e-10,1.76110076411779e-10,-2.97118810391879e-10,-2.6098851725905e-10,-2.35185836193457e-11,-5.1049106348372e-11,49.0022709500827,49.0022709340191,58.0258486558613,58.0258486638546
0.97,21.3310283174239,-5.25000000201866,-4.43698086250278e-10,1.73126176864226e-10,-2.99218473889482e-10,-1.55892902482557e-10,-2.24448029472778e-11,-4.97928393395491e-11,49.0037286502024,49.0037286362716,58.0269810203438,58.0269810262459
0.98,21.5252505268166,-5.25000000198958,-4.18771671464873e-10,1.70127069995402e-10,-3.00236918729124e-10,-3.96839178343294e-11,-2.12006328541252e-11,-4.82348466723792e-11,49.0047050810317,49.0047050690142,58.0274708106459,58.0274708146602
0.99,21.7194739210254,-5.25000000196083,-3.90975775285294e-10,1.67124256680036e-10,-3.00087771100489e-10,7.36338138933871e-11,-1.98029154040201e-11,-4.67401531974859e-11,49.005259784248,49.005259773861,58.0274133956794,58.0274133980866
1,21.9136984991979,-5.25000000193238,-3.60977669273995e-10,1.64128775403951e-10,-2.98942811768708e-10,1.55153160247904e-10,-1.82859628074997e-11,-4.56607271524107e-11,49.0054153062774,49.0054152973644,58.0268624546373,58.0268624556224
1.01,22.1079242602312,-5.2500000019042,-3.29658773993361e-10,1.61148412412648e-10,-2.97113115836801e-10,2.29971171266875e-10,-1.66952298638893e-11,-4.43644058122084e-11,49.0052283431343,49.005228337065,58.0258450405132,58.0258450385391
1.02,22.3021512028451,-5.25000000187629,-2.97532163794225e-10,1.58190435531419e-10,-2.94605762124463e-10,2.81092340393294e-10,-1.5057669575333e-11,-4.34339673602291e-11,49.0047589935695,49.0047589896594,58.0242645299435,58.0242645259697
1.03,22.4963793254861,-5.25000000184862,-2.65274631039413e-10,1.55260583900936e-10,-2.91531381034951e-10,3.38986480671796e-10,-1.34081717292277e-11,-4.2318164380703e-11,49.0039514158454,49.0039514126315,58.0222570842412,58.0222570796094
1.04,22.6906086263605,-5.25000000182121,-2.33236257802054e-10,1.52364377699614e-10,-2.87986144742547e-10,3.70190163832587e-10,-1.17649949430439e-11,-4.15841024808961e-11,49.00281107629,49.0028110733101,58.0199501560667,58.0199501512206
1.05,22.8848391035638,-5.25000000179403,-2.01856606153472e-10,1.49505037788141e-10,-2.84178702223545e-10,3.98176085697506e-10,-1.01509590043751e-11,-4.06269258686198e-11,49.0013133970405,49.0013133941244,58.017357523658,58.0173575187406
1.06,23.0790707551073,-5.25000000176709,-1.71301935580005e-10,1.4668515616673e-10,-2.80160797617742e-10,4.0807600329821e-10,-8.57503044225783e-12,-3.99721139434511e-11,48.9994513388414,48.9994513361045,58.0144816496821,58.0144816445994
1.07,23.2733035789161,-5.2500000017404,-1.41928927190812e-10,1.43905848706584e-10,-2.76064959693176e-10,4.1797939295521e-10,-7.05593210721135e-12,-3.91846490151171e-11,48.9971822852321,48.9971822827103,58.0112693274087,58.0112693220794
1.08,23.4675375728076,-5.25000000171396,-1.13916493992273e-10,1.41167992878417e-10,-2.71905428789939e-10,4.17399345933257e-10,-5.6033926049887e-12,-3.86191720963547e-11,48.9944949754588,48.9944949731127,58.0077051096125,58.0077051041263
1.09,23.6617727344817,-5.25000000168777,-8.75455152951142e-11,1.38471662159178e-10,-2.6774739289775e-10,4.2062690791954e-10,-4.23235702122616e-12,-3.79250708528595e-11,48.9913737811282,48.9913737789272,58.0037655808178,58.0037655751811
1.1,23.8560090615126,-5.25000000166184,-6.29552958627954e-11,1.3581705642215e-10,-2.63590198097749e-10,4.13300077463914e-10,-2.95056665730369e-12,-3.7481778965287e-11,48.9878132073541,48.9878132052785,57.9994386122099,57.9994386064388
1.11,24.0502465513433,-5.25000000163618,-4.0380286050912e-11,1.33203596373336e-10,-2.59493331431482e-10,4.12249500646349e-10,-1.77059181094262e-12,-3.68669654266657e-11,48.983805867876,48.9838058659226,57.994711630467,57.9947116245657
1.12,24.2444852012801,-5.25000000161081,-1.98712317108614e-11,1.30631041557485e-10,-2.55434122820957e-10,4.01429799300165e-10,-6.95624820455538e-13,-3.65079483571201e-11,48.9793532112487,48.9793532093371,57.9895771423136,57.9895771363835
1.13,24.4387250084927,-5.25000000158574,-1.60341393303479e-12,1.28098450174188e-10,-2.51474941089198e-10,3.95619851352662e-10,2.64845454176424e-13,-3.60052471778255e-11,48.9744711896807,48.9744711878097,57.984046594246,57.9840465882722
1.14,24.6329659700181,-5.25000000156098,1.44317314565076e-11,1.25605133792249e-10,-2.4759418743352e-10,3.82138998566694e-10,1.11073439518314e-12,-3.57149843553672e-11,48.9691702301693,48.969170228258,57.9781209796975,57.9781209737733
1.15,24.8272080827604,-5.25000000153655,2.81542059898405e-11,1.23149876653325e-10,-2.4383295341047e-10,3.74899991792304e-10,1.83750369487614e-12,-3.52730050029448e-11,48.9634609235797,48.9634609216704,57.9718007663175,57.9718007603757
1.16,25.0214513434906,-5.25000000151246,3.96484900542477e-11,1.20731853430636e-10,-2.40157659990529e-10,3.61602112271231e-10,2.44904190537105e-12,-3.50153118305885e-11,48.957357341519,48.9573573395304,57.9650919152411,57.9650919094015
1.17,25.2156957488481,-5.25000000148874,4.89026963305791e-11,1.18349844108184e-10,-2.36602344822523e-10,3.53685967926143e-10,2.94439514095855e-12,-3.46275050733952e-11,48.9508869619687,48.9508869598863,57.9580116352014,57.9580116294564
1.18,25.4099412953452,-5.25000000146538,5.60403184642899e-11,1.16002957060496e-10,-2.331422130549e-10,3.39530049555742e-10,3.32956307997254e-12,-3.44164744446596e-11,48.9440592212071,48.9440592190348,57.9505595641797,57.9505595585537
1.19,25.6041879793631,-5.25000000144242,6.11063433666333e-11,1.13689898868504e-10,-2.29804320734458e-10,3.32365895040863e-10,3.60661243903301e-12,-3.40436457236387e-11,48.9368886034944,48.9368886012571,57.9427368950631,57.9427368895044
1.2,25.7984357971586,-5.25000000141986,6.41293396948237e-11,1.1140934712488e-10,-2.26654327367001e-10,3.14057608193616e-10,3.77673040729169e-12,-3.38413810863081e-11,48.9294046789937,48.9294046758955,57.9346014557011,57.9346014511075
1.21,25.9926847449108,-5.25000000139771,6.53823807606551e-11,1.09160331381294e-10,-2.23453100834296e-10,3.21068713943108e-10,3.85332566542123e-12,-3.35414328690026e-11,48.9215803563751,48.9215803524067,57.9262333989383,57.9262333951767
1.22,26.186934818748,-5.250000001376,6.49264723698793e-11,1.06943113581502e-10,-2.20323927874887e-10,3.05904484680512e-10,3.83968312074278e-12,-3.33262328323924e-11,48.9134240362606,48.9134240320159,57.9175225502958,57.9175225468378
1.23,26.3811860146876,-5.25000000135472,6.28626406822249e-11,1.04756281928049e-10,-2.17346192456511e-10,2.94858771901905e-10,3.74106398496269e-12,-3.29705377583034e-11,48.9049802538602,48.9049802496167,57.9084404602023,57.9084404567534
1.24,26.5754383285918,-5.25000000133389,5.94809530163655e-11,1.02598687294473e-10,-2.14474549599537e-10,2.82103999908455e-10,3.57235839666519e-12,-3.27392349341871e-11,48.8962865616146,48.8962865575224,57.8989864553736,57.8989864518108
1.25,26.7696917561534,-5.25000000131352,5.4998091473478e-11,1.00469194628889e-10,-2.11689066241788e-10,2.80420683573364e-10,3.34476037281426e-12,-3.23088068885508e-11,48.8873882965897,48.8873882926819,57.8891903609857,57.8891903572834
1.26,26.9639462929011,-5.25000000129361,4.97239661616193e-11,9.83675293099655e-11,-2.08919270211718e-10,2.75688356044315e-10,3.07424780568853e-12,-3.20149544895398e-11,48.8783413631659,48.8783413594274,57.8791063762399,57.8791063724157
1.27,27.1582019342176,-5.25000000127416,4.38165563848123e-11,9.62933129567402e-11,-2.06176331701076e-10,2.77966666404768e-10,2.7690967968752e-12,-3.15506318987469e-11,48.8691897698862,48.8691897662504,57.8687757416724,57.8687757377804
1.28,27.3524586753568,-5.25000000125516,3.75506125670053e-11,9.42467329506672e-11,-2.03391232427523e-10,2.83102229890817e-10,2.44353019716527e-12,-3.10703474667301e-11,48.8599740489895,48.8599740455451,57.8582455828575,57.8582455788414
1.29,27.546716511462,-5.25000000123663,3.10745833547727e-11,9.22282366129482e-11,-2.00573493800631e-10,2.83618799310223e-10,2.10535821588364e-12,-3.06628424907862e-11,48.850739502623,48.850739499331,57.8475682294552,57.84756822535
1.3,27.7409754375856,-5.25000000121856,2.45068274248014e-11,9.02379901318698e-11,-1.97733762024586e-10,2.88677766740651e-10,1.76088629997804e-12,-3.01427962451362e-11,48.8415246644135,48.8415246610591,57.8367265436957,57.8367265397217
1.31,27.9352354487144,-5.25000000120093,1.80239170022387e-11,8.8276375024713e-11,-1.94856235797662e-10,2.90360418841724e-10,1.41939914275144e-12,-2.96816479814638e-11,48.832360415141,48.8323604117197,57.8257269322476,57.8257269284092
1.32,28.129496539708,-5.25000000118375,1.17267461179237e-11,8.63435823039422e-11,-1.91963046693288e-10,2.93835853193851e-10,1.08630603870529e-12,-2.91358348038229e-11,48.8232504578912,48.823250454406,57.8146663263025,57.8146663225841
1.33,28.3237587053636,-5.250000001167,5.75006021992919e-12,8.44399106082533e-11,-1.89038730945684e-10,2.95954359033437e-10,7.6871778536032e-13,-2.86157239397233e-11,48.8142068654096,48.8142068619061,57.8035978514114,57.8035978477879
1.34,28.518021940456,-5.25000000115068,1.63738473864756e-13,8.25655901989041e-11,-1.86089408995517e-10,2.99819697870259e-10,4.70419875624168e-13,-2.80366209848976e-11,48.8052306567465,48.8052306532227,57.7925447947743,57.7925447912357
1.35,28.7122862397504,-5.25000000113478,-4.95707778700609e-12,8.07209662047043e-11,-1.83107919748743e-10,3.0163463755155e-10,1.95442268982674e-13,-2.74976369799007e-11,48.7963286136906,48.7963286102145,57.7815291533243,57.7815291498196
1.36,28.9065515980099,-5.25000000111928,-9.58132160109889e-12,7.89062641181977e-11,-1.80097503371373e-10,3.07044458367536e-10,-5.44536931047077e-14,-2.6865516322e-11,48.7874946394279,48.7874946359247,57.7705537712213,57.7705537677981
1.37,29.1008180099963,-5.25000000110418,-1.36512925970801e-11,7.71219609481359e-11,-1.77041458653595e-10,3.09327966866849e-10,-2.7617319658805e-13,-2.63062707468037e-11,48.7787286038876,48.7787286004442,57.7596264792791,57.7596264758679
1.38,29.2950854704726,-5.25000000108946,-1.71853420016727e-11,7.53683288864246e-11,-1.73957794541947e-10,3.14143142565578e-10,-4.70511694887368e-13,-2.56659045145408e-11,48.770021006353,48.7700210028902,57.7487449179194,57.7487449146057
1.39,29.4893539742017,-5.25000000107511,-2.01548084778168e-11,7.36457988954942e-11,-1.70832329320982e-10,3.16459503274259e-10,-6.35893127741324e-13,-2.50853513308891e-11,48.7613662812515,48.7613662778802,57.7379081665263,57.7379081632055
1.4,29.6836235159486,-5.25000000106113,-2.25910237468319e-11,7.19546405776097e-11,-1.67679245565562e-10,3.20979851678454e-10,-7.73812500728007e-13,-2.44370105748071e-11,48.7527665010345,48.7527664976655,57.7271247440708,57.7271247408266
1.41,29.8778940904817,-5.25000000104749,-2.44865954647901e-11,7.02952612094569e-11,-1.64486904276689e-10,3.23265146636843e-10,-8.83813309631182e-13,-2.38411864035559e-11,48.7442141592588,48.7442141560095,57.7163933800624,57.7163933767661
1.42,30.0721656925749,-5.25000000103419,-2.58895503499595e-11,6.86679124513008e-11,-1.61272659322392e-10,3.26152394527451e-10,-9.68273776047457e-13,-2.32126516359205e-11,48.7357096657725,48.7357096625276,57.7057162051153,57.7057162018967
1.43,30.2664383170122,-5.25000000102122,-2.68197209413338e-11,6.70728570801332e-11,-1.5803531762535e-10,3.27252716424768e-10,-1.02815234239445e-12,-2.26212848366408e-11,48.7272564821182,48.7272564789461,57.695105148796,57.6951051455923
1.44,30.4607119585915,-5.25000000100856,-2.73251629944728e-11,6.55102221809855e-11,-1.54787974361547e-10,3.2866903077793e-10,-1.06585631016759e-12,-2.20102159154828e-11,48.7188469175375,48.7188469144186,57.6845522644662,57.6845522612783
1.45,30.6549866121251,-5.2500000009962,-2.74384367422663e-11,6.39801232902922e-11,-1.51535039613119e-10,3.2767370120108e-10,-1.08301578386754e-12,-2.14492421220236e-11,48.7104780492593,48.7104780461871,57.6740592287417,57.6740592255785
1.46,30.8492622724407,-5.25000000098415,-2.72043857161937e-11,6.24825096176572e-11,-1.48281832676997e-10,3.30007579724486e-10,-1.08190056856854e-12,-2.0810968616794e-11,48.7021453694659,48.7021453665163,57.6636256640792,57.6636256608674
1.47,31.0435389343821,-5.25000000097237,-2.66269635728002e-11,6.10175564136547e-11,-1.45020243174134e-10,3.20594693509942e-10,-1.06270391177235e-12,-2.02472522255193e-11,48.6938438716826,48.6938438687811,57.6532448276241,57.6532448244394
1.48,31.2378165928162,-5.25000000096087,-2.58797575111303e-11,5.95848664352454e-11,-1.41797305707972e-10,3.30584940365862e-10,-1.03442119246134e-12,-1.96753954274931e-11,48.6855666431732,48.685566639806,57.6429418261584,57.6429418235412
1.49,31.4320952426508,-5.25000000094965,-2.48757757187094e-11,5.81848682655485e-11,-1.38509125251552e-10,3.31047522809065e-10,-9.92705382813207e-13,-1.91466855391231e-11,48.6772929747082,48.6772929711268,57.6327206348986,57.632720632558
1.5,31.626374878838,-5.25000000093868,-2.37557872577507e-11,5.68176145548935e-11,-1.35253186758331e-10,3.25972987055473e-10,-9.44649260942571e-13,-1.86097940443192e-11,48.669024309669,48.6690243060789,57.6225408150974,57.6225408128244
1.51,31.8206554963472,-5.25000000092796,-2.25568749867221e-11,5.54825975310476e-11,-1.32061509905379e-10,3.18259927409968e-10,-8.92106257936258e-13,-1.81181675565356e-11,48.6607495860956,48.6607495826242,57.6123634667781,57.6123634644431
1.52,32.0149370901447,-5.25000000091749,-2.12803733806817e-11,5.417912215017e-11,-1.28927506743735e-10,3.15507319808513e-10,-8.35140525896321e-13,-1.75542345416668e-11,48.6524841071972,48.6524841038674,57.6021977715081,57.6021977691188
1.53,32.2092196551934,-5.25000000090725,-1.98865451605443e-11,5.29068800296105e-11,-1.25817913660688e-10,3.11724145929339e-10,-7.71739391168834e-13,-1.70635682233272e-11,48.6442337298168,48.6442337266575,57.5920493829901,57.5920493805054
1.54,32.4035031864571,-5.25000000089725,-1.84090730489425e-11,5.16655328526847e-11,-1.22740633759114e-10,3.097030813294e-10,-7.03629201065772e-13,-1.65398382923759e-11,48.6359988665598,48.6359988634896,57.581921592975,57.5819215904611
1.55,32.5977876789047,-5.25000000088747,-1.68379318460013e-11,5.04548825740283e-11,-1.19675232716564e-10,3.09018365053842e-10,-6.30319755483041e-13,-1.60109705441697e-11,48.6277879355967,48.6277879326628,57.5718296097054,57.5718296071346
1.56,32.792073127516,-5.25000000087791,-1.51974040878686e-11,4.92748288145588e-11,-1.1662785186364e-10,3.0520106861132e-10,-5.53066900723957e-13,-1.55486760619605e-11,48.6195951608234,48.619595157965,57.5617666983767,57.5617666957993
1.57,32.9863595272855,-5.25000000086856,-1.35441888145868e-11,4.81250099922841e-11,-1.13624203963625e-10,3.00853815943696e-10,-4.74775989753366e-13,-1.50816761423228e-11,48.611432990633,48.6114329879066,57.5517512030003,57.5517512003486
1.58,33.1806468732281,-5.25000000085941,-1.18947111506582e-11,4.70049880766339e-11,-1.10666160744478e-10,2.95785664624576e-10,-3.96306716992055e-13,-1.46377851246299e-11,48.6032929956201,48.6032929929073,57.5417718564809,57.5417718538964
1.59,33.3749351603781,-5.25000000085047,-1.02665309743053e-11,4.59142751782727e-11,-1.07755220432106e-10,2.91749601752043e-10,-3.18581025139144e-13,-1.41777832963347e-11,48.5951697268204,48.595169724209,57.5318252307868,57.5318252281699
1.6,33.5692243837894,-5.25000000084172,-8.67849383012936e-12,4.48524077232774e-11,-1.0490196846087e-10,2.84479805659121e-10,-2.42590520094602e-13,-1.37868852619072e-11,48.5870793160835,48.5870793136677,57.5219255394391,57.5219255366714
1.61,33.7635145385424,-5.25000000083315,-7.17252155211416e-12,4.38187073336274e-11,-1.02106798313556e-10,2.80188015388188e-10,-1.70560769252337e-13,-1.33303075609131e-11,48.5790019889259,48.5790019867993,57.5120230570311,57.5120230540407
1.62,33.957805619727,-5.25000000082476,-5.73321589424604e-12,4.28127784493892e-11,-9.9347029871409e-11,2.75678283504376e-10,-1.01737137223547e-13,-1.29431925247059e-11,48.5709448700636,48.5709448680214,57.502144100162,57.5021440971777
1.63,34.1520976224383,-5.25000000081656,-4.39616180241518e-12,4.18341828507006e-11,-9.66320993404242e-11,2.72178379572549e-10,-3.79575537119194e-14,-1.25222794373353e-11,48.5629004496775,48.5629004477065,57.4923013108755,57.4923013078735
1.64,34.3463905417939,-5.25000000080854,-3.13813991090726e-12,4.08825632865342e-11,-9.39484845292105e-11,2.69056959591896e-10,2.19389623336106e-14,-1.21052161350388e-11,48.5548673300395,48.5548673280285,57.4824956537953,57.4824956509084
1.65,34.5406843729398,-5.25000000080069,-1.95806759677011e-12,3.99575956031356e-11,-9.13015149699447e-11,2.64587351739009e-10,7.79917720855808e-14,-1.1716025719033e-11,48.5468409767261,48.5468409747667,57.4727257257581,57.4727257228668
1.66,34.7349791110473,-5.250000000793,-8.81677106411381e-13,3.90588103485285e-11,-8.87147059326004e-11,2.56526011459339e-10,1.28881038751337e-13,-1.13926400865244e-11,48.5388170814369,48.538817079511,57.462985213844,57.4629852109729
1.67,34.9292747513108,-5.25000000078547,7.15943448837173e-14,3.8185454494462e-11,-8.62009305360057e-11,2.51140836344484e-10,1.73605951145711e-13,-1.10116612009326e-11,48.5307973689207,48.5307973669978,57.4532733621522,57.4532733593447
1.68,35.1235712889468,-5.25000000077811,9.42196131860575e-13,3.73369742177084e-11,-8.37357897891433e-11,2.46003153821553e-10,2.14207488893909e-13,-1.06559377207466e-11,48.5227746559574,48.522774654127,57.4435816673993,57.4435816645595
1.69,35.3178687191891,-5.25000000077089,1.71656205377975e-12,3.65128427683765e-11,-8.13311094239622e-11,2.38557794400461e-10,2.49982078460938e-13,-1.03494307308188e-11,48.5147476935703,48.5147476917246,57.4339033709184,57.4339033681531
1.7,35.5121670372875,-5.25000000076383,2.38387444716814e-12,3.57123629316185e-11,-7.89919498226714e-11,2.33797563889537e-10,2.80365054464094e-13,-9.99126345893608e-12,48.5067150441088,48.5067150423029,57.4242397629446,57.4242397602018
1.71,35.7064662385072,-5.25000000075692,2.96735944266959e-12,3.49350149369697e-11,-7.67082041737756e-11,2.26040744179675e-10,3.06526600379545e-13,-9.71793023656076e-12,48.4986861681036,48.4986861663001,57.4145976253828,57.41459762269
1.72,35.90076631813,-5.25000000075015,3.44538621176839e-12,3.41800841780489e-11,-7.44923545546048e-11,2.21667040098028e-10,3.27355411171325e-13,-9.37030422872021e-12,48.4906503845377,48.4906503827631,57.4049624120555,57.4049624093934
1.73,36.0950672714499,-5.25000000074352,3.85593707224273e-12,3.34470879132565e-11,-7.23241130250947e-11,2.15003949983289e-10,3.44773121314044e-13,-9.09919643972412e-12,48.4826145694949,48.482614567739,57.3953409107318,57.3953409080851
1.74,36.2893690937754,-5.25000000073703,4.17265014082916e-12,3.27353958550379e-11,-7.02218734319752e-11,2.09274764131021e-10,3.57432269698759e-13,-8.80217383356086e-12,48.4745840268736,48.4745840250852,57.3857359396694,57.3857359371265
1.75,36.4836717804295,-5.25000000073068,4.42126355787867e-12,3.20444386929676e-11,-6.81701527459481e-11,2.04676683741807e-10,3.66633985232128e-13,-8.50237566983603e-12,48.4665579572499,48.4665579555249,57.3761445269265,57.376144524368
1.76,36.6779753267482,-5.25000000072445,4.5962799442093e-12,3.13737157780416e-11,-6.61804749937856e-11,1.95666457602845e-10,3.72098734253633e-13,-8.29999025238337e-12,48.4585372072487,48.4585372055394,57.3665656217735,57.3665656192512
1.77,36.8722797280806,-5.25000000071835,4.68279972081154e-12,3.07224257756265e-11,-6.42588175327144e-11,1.93378728452257e-10,3.73065066829821e-13,-7.95555201577036e-12,48.4505247802002,48.4505247784937,57.3570000809891,57.3570000785197
1.78,37.0665849797876,-5.25000000071237,4.75575336460337e-12,3.00902636289828e-11,-6.23626628380089e-11,1.88191524639666e-10,3.73339172168831e-13,-7.71933905685529e-12,48.4425277857999,48.4425277841057,57.3474567536064,57.3474567511788
1.79,37.2608910772433,-5.25000000070652,4.77995685401362e-12,2.94767677906817e-11,-6.05152960517843e-11,1.84306789641918e-10,3.71134966145713e-13,-7.45828876089205e-12,48.4345360336767,48.4345360320655,57.3379174572816,57.3379174548084
1.8,37.4551980158354,-5.25000000070079,4.75609948770503e-12,2.88814490734265e-11,-5.87327585723243e-11,1.75531407608938e-10,3.66530123556397e-13,-7.24795353942986e-12,48.426566037846,48.4265660363147,57.3284198266583,57.3284198241669
1.81,37.6495057909751,-5.25000000069516,4.69002934076082e-12,2.83035573734187e-11,-5.70096056874588e-11,1.73056529306011e-10,3.5981546898231e-13,-6.95417356512407e-12,48.4186107185414,48.4186107170603,57.3189434543467,57.3189434518433
1.82,37.8438143980891,-5.25000000068966,4.64136819522785e-12,2.77428033231909e-11,-5.53072176995023e-11,1.69894347748886e-10,3.54015586271931e-13,-6.71544677505187e-12,48.4106687976198,48.4106687961706,57.3094752739756,57.3094752714881
1.83,38.0381238326124,-5.25000000068425,4.58671423245378e-12,2.7198882172666e-11,-5.36391494616345e-11,1.66616981265171e-10,3.47938336138743e-13,-6.46807303897323e-12,48.40275489452,48.4027548931232,57.3000282044166,57.3000282019227
1.84,38.232434089987,-5.25000000067896,4.51675668077859e-12,2.66714399973277e-11,-5.20146903112391e-11,1.60418796832255e-10,3.41113809204832e-13,-6.28298975346997e-12,48.3948648356639,48.3948648342664,57.2905931020118,57.2905930995608
1.85,38.4267451656615,-5.25000000067377,4.40207036122837e-12,2.61598803826679e-11,-5.04554466205642e-11,1.54160273064116e-10,3.3205317611259e-13,-6.0890919043044e-12,48.3870139794174,48.3870139780175,57.2811868470218,57.2811868446335
1.86,38.6210570550957,-5.25000000066867,4.26337102651753e-12,2.5663597424992e-11,-4.89492328173103e-11,1.50065204101802e-10,3.21814478817909e-13,-5.86794848822514e-12,48.3792051302526,48.3792051288912,57.2718131303628,57.2718131279833
1.87,38.8153697537597,-5.25000000066368,4.11820299089767e-12,2.51821521467917e-11,-4.74890799622734e-11,1.44036223610461e-10,3.11294363684573e-13,-5.7017320552466e-12,48.3714276341954,48.3714276328488,57.262456288135,57.2624562857689
1.88,39.0096832571343,-5.25000000065877,3.95739030597102e-12,2.4715000535904e-11,-4.60779521925015e-11,1.40524392187818e-10,3.00030752849985e-13,-5.48536866970539e-12,48.3637102189883,48.3637102175812,57.2531549103229,57.2531549080853
1.89,39.2039975607201,-5.25000000065396,3.81666456149648e-12,2.426178302001e-11,-4.47006684841962e-11,1.37113402603428e-10,2.89868435608203e-13,-5.29577380212198e-12,48.3560421530438,48.3560421515788,57.2438773296678,57.2438773275051
1.9,39.3983126600301,-5.25000000064924,3.69850593539812e-12,2.38221444400223e-11,-4.33562104126773e-11,1.34656307480027e-10,2.80929582889983e-13,-5.07363769053359e-12,48.3484300279512,48.3484300264776,57.2346445205263,57.234644518419
1.91,39.5926285505908,-5.2500000006446,3.61826682764523e-12,2.33958289446047e-11,-4.20366698691106e-11,1.31396569299402e-10,2.73993499078511e-13,-4.88515413017698e-12,48.3408741138003,48.3408741123007,57.2254660531191,57.2254660510792
1.92,39.7869452279517,-5.25000000064005,3.5625274665823e-12,2.29825382820356e-11,-4.07442110222991e-11,1.297841169902e-10,2.68370723179874e-13,-4.66496004151995e-12,48.3333736782396,48.3333736767743,57.2163436327057,57.2163436306598
1.93,39.9812626876865,-5.25000000063557,3.53111976512219e-12,2.25820756009182e-11,-3.94767862005323e-11,1.25266189159021e-10,2.64047690152041e-13,-4.51731057074523e-12,48.3259262536494,48.3259262522165,57.207278459542,57.2072784575077
1.94,40.175580925393,-5.25000000063118,3.47555646453464e-12,2.21939976346336e-11,-3.82654907881301e-11,1.18824605556186e-10,2.58561754124502e-13,-4.39316204942086e-12,48.3185329923054,48.3185329908883,57.1982712849406,57.1982712829348
1.95,40.3698999366943,-5.25000000062685,3.39144188323753e-12,2.1817690382247e-11,-3.71123775031807e-11,1.14157521691262e-10,2.51693931059264e-13,-4.24000331372687e-12,48.3111874596446,48.3111874582146,57.1893169957796,57.1893169938117
1.96,40.5642197172383,-5.25000000062261,3.31657198712011e-12,2.14527058190418e-11,-3.59905927594834e-11,1.12793932822277e-10,2.45364537610451e-13,-4.0434849479104e-12,48.3039020550049,48.3039020535922,57.1804317442914,57.1804317423475
1.97,40.7585402627004,-5.25000000061843,3.27330269633917e-12,2.10988735490615e-11,-3.48857578835411e-11,1.09690692027621e-10,2.40706289560088e-13,-3.89988020176035e-12,48.2966546679534,48.2966546665468,57.1715907834872,57.1715907815766
1.98,40.9528615687773,-5.25000000061432,3.23563797791259e-12,2.07559136724511e-11,-3.38108196697271e-11,1.07121954096337e-10,2.36391847270366e-13,-3.71149335223753e-12,48.28945924145,48.2894592400916,57.1628120993133,57.1628120974083
1.99,41.1471836311928,-5.25000000061027,3.2120454160407e-12,2.04236150610609e-11,-3.27510703076369e-11,1.0600287611508e-10,2.32814419051478e-13,-3.57757421777516e-12,48.2823061754353,48.2823061739586,57.1540922830496,57.1540922812993
2,41.3415064456998,-5.2500000006063,3.18762653163194e-12,2.01018127729308e-11,-3.17100355487244e-11,1.04059495931824e-10,2.29212004706137e-13,-3.41770101802696e-12,48.2751975094772,48.2751975079981,57.1454355337323,57.1454355320131
2.01,41.5358300080812,-5.25000000060238,3.16293589774744e-12,1.97903080287379e-11,-3.06910701277259e-11,1.01453499491446e-10,2.25624018629837e-13,-3.26900117218754e-12,48.2681238753847,48.2681238739176,57.136823436589,57.1368234348827
2.02,41.7301543141417,-5.25000000059852,3.14196759154512e-12,1.94888619955956e-11,-2.96920198436944e-11,1.00556132701803e-10,2.22257387328491e-13,-3.08941002120922e-12,48.2610941595632,48.2610941581179,57.1282661690784,57.1282661673872
2.03,41.9244793597076,-5.25000000059473,3.12033622701288e-12,1.91973179218212e-11,-2.87237210894534e-11,9.35710094582376e-11,2.18898330342572e-13,-3.04222424162004e-12,48.2540998030371,48.254099801582,57.1197495270711,57.1197495254176
2.04,42.1188051406248,-5.25000000059098,3.04081082999975e-12,1.89150432646043e-11,-2.78246308559449e-11,8.8423725817427e-11,2.12650346016665e-13,-2.9325569750327e-12,48.2471498620304,48.2471498605942,57.1112852975884,57.1112852959531
2.05,42.3131316527608,-5.2500000005873,2.95652415649616e-12,1.86415328920928e-11,-2.69622318826524e-11,8.59259272073441e-11,2.06223979418268e-13,-2.80310735560618e-12,48.2402385840161,48.240238582596,57.1028679944811,57.1028679928625
2.06,42.5074588920045,-5.25000000058366,2.90357955391135e-12,1.83765512679273e-11,-2.61116702213096e-11,8.61873156519955e-11,2.01455573928879e-13,-2.63601055046359e-12,48.2333725839014,48.2333725825405,57.0945056992054,57.0945056975373
2.07,42.7017868542682,-5.25000000058008,2.90054464423251e-12,1.81201008888368e-11,-2.52593520763371e-11,8.55349499967412e-11,1.99285527254023e-13,-2.5009013956967e-12,48.2265434011686,48.226543399765,57.086188950696,57.0861889491367
2.08,42.8961155354865,-5.25000000057655,2.92287166489063e-12,1.7872118410038e-11,-2.44185816213655e-11,8.39979255056737e-11,1.98463286586441e-13,-2.37480976723881e-12,48.2197594120002,48.219759410659,57.0779276178747,57.0779276162719
2.09,43.0904449316183,-5.25000000057306,2.95850401054533e-12,1.76324527297305e-11,-2.35953856409693e-11,8.20028636935212e-11,1.98375515887821e-13,-2.25774520606903e-12,48.2130137293919,48.2130137280492,57.0697140839592,57.0697140823852
2.1,43.2847750386452,-5.25000000056962,3.00544511330085e-12,1.74009164274703e-11,-2.27887872028591e-11,8.09260012496533e-11,1.98920110395069e-13,-2.12459325306391e-12,48.2063068451602,48.2063068438895,57.0615484392329,57.0615484376038
2.11,43.4791058525723,-5.25000000056623,3.06315133615515e-12,1.71773737844048e-11,-2.200090963866e-11,7.7540436304433e-11,2.00071434629825e-13,-2.04315384055853e-12,48.1996415199909,48.199641518713,57.0534367582567,57.0534367566747
2.12,43.6734373694284,-5.25000000056287,3.09324114014889e-12,1.69614794218748e-11,-2.12607125290275e-11,7.13285555883429e-11,1.99886708733876e-13,-2.00508338231431e-12,48.1930086910771,48.1930086898041,57.045365421843,57.0453654202894
2.13,43.8677695852642,-5.25000000055956,3.09390295300627e-12,1.67526739513348e-11,-2.05670352323333e-11,6.9524620430698e-11,1.98278534025337e-13,-1.87956659784827e-12,48.1864165613435,48.1864165600405,57.0373462530966,57.0373462515969
2.14,44.0621024961554,-5.25000000055629,3.12183531806262e-12,1.65507503971173e-11,-1.98840949270521e-11,6.81720699918465e-11,1.98128712553822e-13,-1.77858682642862e-12,48.1798650833973,48.1798650821427,57.0293793935029,57.0293793919713
2.15,44.2564360982012,-5.25000000055305,3.17282617060781e-12,1.63555872576087e-11,-1.92112073140493e-11,6.78489645434776e-11,1.99217193178047e-13,-1.65651607014761e-12,48.173341163904,48.1733411626587,57.0214493147355,57.0214493132258
2.16,44.4507703875196,-5.25000000054986,3.24524964815205e-12,1.6167125905484e-11,-1.85483381633525e-11,6.54625991704217e-11,2.01456574824751e-13,-1.58206846061215e-12,48.166849434418,48.1668494332523,57.0135599214062,57.0135599198414
2.17,44.6451053602528,-5.25000000054669,3.31457893485324e-12,1.59851479295415e-11,-1.79083890326057e-11,6.44422726557043e-11,2.03593605972691e-13,-1.47062396982367e-12,48.1604027826887,48.1604027815588,57.0057286168112,57.0057286152361
2.18,44.8394410125679,-5.25000000054357,3.38988048710488e-12,1.58095208314992e-11,-1.72815782261859e-11,6.17966072309851e-11,2.06071250849394e-13,-1.40235349374573e-12,48.1539789576215,48.1539789565159,56.9979244782189,56.9979244766454
2.19,45.0337773406502,-5.25000000054047,3.45468381983937e-12,1.56400330421451e-11,-1.66727889468032e-11,6.13969350483223e-11,2.08049694868434e-13,-1.29202139438622e-12,48.1475962707957,48.1475962697629,56.9901717747326,56.9901717731156
2.2,45.2281143407063,-5.25000000053741,3.5237175564059e-12,1.54766141385493e-11,-1.60720518456355e-11,5.93182430362429e-11,2.10276472881258e-13,-1.22806083878435e-12,48.1412401747392,48.1412401736688,56.9824542833069,56.98245428176
2.21,45.4224520089625,-5.25000000053438,3.56535685924302e-12,1.53190472724781e-11,-1.55046550688206e-11,5.46938686298781e-11,2.11150754481947e-13,-1.20015325802414e-12,48.1349151684804,48.1349151674432,56.9747803458374,56.9747803442623
2.22,45.6167903416682,-5.25000000053138,3.56455208342492e-12,1.5166888053524e-11,-1.49849193092626e-11,5.0201002165397e-11,2.09917761014711e-13,-1.1637370754547e-12,48.1286223931746,48.1286223921137,56.9671499910122,56.9671499894808
2.23,45.8111293350951,-5.2500000005284,3.55318555287195e-12,1.50197280651367e-11,-1.44916261099916e-11,5.01216497280692e-11,2.08201415955747e-13,-1.05392192369103e-12,48.1223539058941,48.1223539048381,56.9595533346246,56.959553333133
2.24,46.0054689855353,-5.25000000052546,3.56585774147259e-12,1.48775015262518e-11,-1.40068225425798e-11,4.69010986414147e-11,2.07761718810679e-13,-1.0302596449574e-12,48.1161216874506,48.1161216864226,56.9520058698519,56.9520058683378
2.25,46.1998092893031,-5.25000000052254,3.56870702051023e-12,1.47399380519688e-11,-1.35486998704795e-11,4.6205449778777e-11,2.06875135278555e-13,-9.38597940688957e-13,48.1099109631412,48.1099109621275,56.9444899395784,56.9444899380753
2.26,46.394150242731,-5.25000000051965,3.59623823405597e-12,1.46069468541754e-11,-1.30932785789789e-11,4.55806052976292e-11,2.07291108477694e-13,-8.68425774000481e-13,48.1037304738799,48.1037304728545,56.9370130313423,56.9370130298919
2.27,46.5884918421735,-5.25000000051679,3.63874227208416e-12,1.447847235471e-11,-1.26442723730132e-11,4.50771193801907e-11,2.08510694473251e-13,-7.93639026025472e-13,48.0975831946522,48.0975831936625,56.929580946296,56.9295809448145
2.28,46.782834084006,-5.25000000051395,3.68986324805362e-12,1.43544511720799e-11,-1.22046860932262e-11,4.34018749228017e-11,2.1020720080314e-13,-7.43530671060144e-13,48.0914592764705,48.091459275493,56.92217979146,56.9221797899897
2.29,46.9771769646212,-5.25000000051113,3.73480896515229e-12,1.42347269162552e-11,-1.17827325649326e-11,4.17871533389762e-11,2.11626916683013e-13,-6.88374704460593e-13,48.0853592663103,48.0853592653049,56.9148113244166,56.9148113229886
2.3,47.1715204804294,-5.25000000050833,3.77742266662414e-12,1.41191395904619e-11,-1.13751797379836e-11,4.05244451754317e-11,2.12963846217997e-13,-6.30952104799243e-13,48.0792930319919,48.0792930310113,56.9074850487772,56.9074850473488
2.31,47.3658646278628,-5.25000000050556,3.82197300181001e-12,1.40075661612512e-11,-1.09782124505309e-11,3.96389670608429e-11,2.14432528954987e-13,-5.7041545965808e-13,48.0732539129106,48.0732539119315,56.9001929740418,56.9001929726311
2.32,47.5602094033709,-5.25000000050281,3.8620364994492e-12,1.38998976090737e-11,-1.05978141112152e-11,3.66940581659547e-11,2.15706733064521e-13,-5.52487526214729e-13,48.0672385432347,48.067238542279,56.8929330191772,56.8929330177568
2.33,47.7545548034198,-5.25000000050007,4.3208883919554e-12,1.37990526360214e-11,-9.61771448420744e-12,1.00826185505746e-10,2.37972456314953e-13,-5.08096386145351e-13,48.0612544317626,48.0612544308325,56.885710682493,56.8857106810726
2.34,47.9489008244954,-5.25000000049735,4.71796713071453e-12,1.37081193220725e-11,-8.68422112361726e-12,8.75372574485158e-11,2.57190111705858e-13,-5.02257957446517e-13,48.0553049405924,48.0553049396689,56.878531725736,56.8785317243167
2.35,48.1432474631035,-5.25000000049464,4.96260274104218e-12,1.36258439234726e-11,-7.8687787835022e-12,7.70652334781949e-11,2.68767877497587e-13,-4.85051018447868e-13,48.0493775950612,48.0493775940907,56.8713783361444,56.871378334793
2.36,48.3375947157652,-5.25000000049195,5.08997404229021e-12,1.35511514182242e-11,-7.16330979754704e-12,6.4488120396282e-11,2.74499857705778e-13,-5.3854251787222e-13,48.0434803200135,48.0434803190129,56.8642620448562,56.8642620435558
2.37,48.5319425790188,-5.25000000048927,5.08837468646039e-12,1.34828205752658e-11,-6.58077119837342e-12,5.31746375010332e-11,2.73789509878742e-13,-5.70428036403281e-13,48.0376113801793,48.0376113792026,56.8571787723255,56.8571787710107
2.38,48.726291049421,-5.2500000004866,4.99993552568529e-12,1.34197487662771e-11,-6.09468232651956e-12,4.53262775685898e-11,2.68769777580833e-13,-5.6653922005101e-13,48.0317793303305,48.0317793293514,56.8501380574397,56.8501380561221
2.39,48.920640123548,-5.25000000048395,4.85774903165951e-12,1.3361129452301e-11,-5.68604322092431e-12,3.67227656222809e-11,2.6111185833607e-13,-6.0869993941115e-13,48.0259735341565,48.0259735331696,56.843128154299,56.8431281530126
2.4,49.1149897979925,-5.25000000048131,4.65086583889555e-12,1.33061264137466e-11,-5.36097370607701e-12,2.89667452014043e-11,2.50248296581265e-13,-6.39953151235217e-13,48.0202035867191,48.0202035857104,56.8361606144771,56.8361606132288
2.41,49.3093400693655,-5.25000000047868,4.37972567598018e-12,1.32539364187063e-11,-5.12320649283617e-12,1.82179138892342e-11,2.36196908588926e-13,-7.49451499124087e-13,48.0144573113358,48.0144573103275,56.8292197181111,56.8292197168624
2.42,49.5036909342938,-5.25000000047607,4.03396049888024e-12,1.32035594397373e-11,-4.97626476254421e-12,1.24499765273055e-11,2.18424868851824e-13,-7.61048776082296e-13,48.008750867115,48.0087508660978,56.8223248565917,56.8223248553628
2.43,49.6980423894244,-5.25000000047346,3.67113389207701e-12,1.31543732314194e-11,-4.885560695136e-12,5.25734453467182e-12,1.99851769867316e-13,-8.45282177586171e-13,48.0030719781756,48.0030719771251,56.815460367437,56.8154603662641
2.44,49.89239443142,-5.25000000047088,3.27523517027807e-12,1.31057079479312e-11,-4.85799385561313e-12,9.27142513570781e-13,1.79655158219657e-13,-8.70090891696984e-13,47.9974287603729,47.9974287593851,56.808637935445,56.8086379342108
2.45,50.0867470569617,-5.2500000004683,2.88521779992029e-12,1.30571217229768e-11,-4.86550476781726e-12,-2.56572272014176e-12,1.59803993368406e-13,-9.04973795554098e-13,47.9918179922264,47.9918179912252,56.8018516462101,56.8018516449883
2.46,50.2811002627486,-5.25000000046574,2.50484766050492e-12,1.3008294205188e-11,-4.90005858175181e-12,-4.31757896253419e-12,1.40473630107543e-13,-9.20970764928253e-13,47.9862389080407,47.9862389070587,56.7950988542846,56.7950988530637
2.47,50.4754540454965,-5.25000000046319,2.13893771211548e-12,1.29590226027269e-11,-4.95514186439152e-12,-7.02098592182455e-12,1.21897135804293e-13,-9.66591173420794e-13,47.9806896817342,47.9806896807484,56.7883774955605,56.7883774943592
2.48,50.6698084019381,-5.25000000046066,1.79404463748338e-12,1.29090991864875e-11,-5.01485743764833e-12,-3.76085051268025e-12,1.04391739863229e-13,-8.96989080234611e-13,47.9751823550438,47.9751823540545,56.7817059675762,56.7817059663873
2.49,50.8641633288257,-5.25000000045814,1.17542673464464e-12,1.28567836416684e-11,-5.53970970571438e-12,-7.11929075603773e-11,7.32296752304928e-14,-9.12544345643695e-13,47.9697041136793,47.9697041127181,56.775066942391,56.7750669411736
2.5,51.058518822928,-5.25000000045563,4.95472306625993e-13,1.27977070129596e-11,-6.18914982144061e-12,-5.92960008643541e-11,3.89471188773345e-14,-8.81381989961683e-13,47.9642590070487,47.9642590060754,56.7684664865693,56.7684664853858
2.51,51.252874881032,-5.25000000045315,-4.07425529444426e-15,1.27327732052315e-11,-6.7248437826909e-12,-4.86143848790463e-11,1.37352603860157e-14,-8.36953119656703e-13,47.9588482445138,47.9588482436002,56.7619066191246,56.7619066178869
2.52,51.4472314999429,-5.25000000045069,-3.55789897750321e-13,1.26630670095583e-11,-7.15078730696246e-12,-3.68146094115247e-11,-4.07402425362474e-15,-7.48377054771154e-13,47.9534673668496,47.9534673659274,56.7553815808288,56.7553815796285
2.53,51.6415886764839,-5.25000000044824,-5.76983009523184e-13,1.2589716808495e-11,-7.47365761861129e-12,-2.8981522086137e-11,-1.53579353250651e-14,-7.26861713179483e-13,47.9481232527642,47.9481232518375,56.7488991823691,56.7488991811893
2.54,51.835946407497,-5.2500000004458,-7.16555602774738e-13,1.25135363125292e-11,-7.71979922263026e-12,-2.01297947242901e-11,-2.25933054342137e-14,-6.46153486619228e-13,47.9428077771743,47.9428077762842,56.742451822017,56.7424518208025
2.55,52.0303046898414,-5.25000000044338,-7.59159851515583e-13,1.24353882197908e-11,-7.87748117697515e-12,-1.1775865581944e-11,-2.49906278709688e-14,-5.73844140608348e-13,47.9375259024236,47.9375259015011,56.7360433205755,56.7360433194405
2.56,52.224663520395,-5.25000000044098,-6.97055492183234e-13,1.23561543823096e-11,-7.93325405384167e-12,1.73798840427857e-12,-2.21553829486356e-14,-3.83561455166714e-13,47.9322780319773,47.9322780310364,56.7296757367984,56.7296757356847
2.57,52.4190228960546,-5.25000000043859,-5.04439379775497e-13,1.22770875284962e-11,-7.87075937431105e-12,9.77187065437962e-12,-1.27749343605351e-14,-3.09002606488362e-13,47.927064173953,47.9270641730741,56.7233491672285,56.7233491660808
2.58,52.613382813735,-5.25000000043621,-2.70884016804262e-13,1.21990041157821e-11,-7.74633920622915e-12,1.51809886516558e-11,-1.394152630672e-15,-2.29732248849257e-13,47.9218763761352,47.9218763752275,56.7170538911917,56.7170538900906
2.59,52.8077432703664,-5.25000000043385,-2.23616859073143e-14,1.21224234502662e-11,-7.58064970996364e-12,1.77649689680429e-11,1.06832539261746e-14,-1.89043659198918e-13,47.9167197961547,47.916719795261,56.7107958059314,56.7107958048227
2.6,53.0021042628982,-5.2500000004315,2.20961937225848e-13,1.20476210301492e-11,-7.39081620136883e-12,2.07791039724901e-11,2.24509803303577e-14,-1.18221404887819e-13,47.9115974991756,47.9115974983257,56.7045788501796,56.7045788490465
2.61,53.1964657882986,-5.25000000042916,4.73032933659982e-13,1.19748806368786e-11,-7.17347514571882e-12,2.28641864656541e-11,3.46347477636865e-14,-6.55493454654321e-14,47.9065042152263,47.9065042143449,56.6983972543068,56.6983972532143
2.62,53.3908278435517,-5.25000000042683,7.21905686677628e-13,1.19044040083579e-11,-6.94225107220149e-12,2.35836805554335e-11,4.66437300984316e-14,-2.64671097538471e-14,47.9014396908789,47.901439690041,56.6922510865965,56.6922510854681
2.63,53.5851904256587,-5.25000000042451,9.76415799090406e-13,1.18363032394781e-11,-6.69083257469624e-12,2.79156812671012e-11,5.89357191751778e-14,9.00527482444735e-14,47.896404922834,47.8964049220121,56.6861403617147,56.6861403605962
2.64,53.7795535316385,-5.25000000042221,1.27480150127665e-12,1.17709729084094e-11,-6.39627625274584e-12,3.11861670856959e-11,7.34574402198348e-14,1.69630151938827e-13,47.8913983940306,47.8913983931911,56.6800651645092,56.6800651634211
2.65,53.9739171585271,-5.25000000041991,1.57526982078331e-12,1.17087050250357e-11,-6.09046001477132e-12,2.96673972299325e-11,8.80923141945858e-14,1.76853540492794e-13,47.8864235326017,47.8864235317953,56.67402742129,56.6740274201881
2.66,54.168281303378,-5.25000000041762,1.83849386789669e-12,1.16493895629338e-11,-5.79968222820411e-12,2.93915466557611e-11,1.00851027646472e-13,2.3147499542131e-13,47.8814728410079,47.8814728401916,56.6680214456591,56.6680214445826
2.67,54.3626459632606,-5.25000000041534,2.08176910877714e-12,1.1592959715426e-11,-5.51968664564554e-12,2.64585992640231e-11,1.12624695214352e-13,2.23422409045826e-13,47.8765596799894,47.8765596791911,56.6620608098709,56.6620608087872
2.68,54.5570111352645,-5.25000000041307,2.77125335696295e-12,1.15430343889012e-11,-4.57609877299448e-12,8.95295191820393e-11,1.46756175323071e-13,2.47092927715964e-13,47.8716645956199,47.8716645948293,56.6561222020278,56.6561222009447
2.69,54.7513768164932,-5.2500000004108,3.32826839730544e-12,1.150191721626e-11,-3.74859498830806e-12,7.78921208746976e-11,1.74292439751687e-13,2.61244151311679e-13,47.8668046526892,47.8668046518891,56.6502270618344,56.650227060761
2.7,54.9457430040695,-5.25000000040853,3.74155340838302e-12,1.1468488491097e-11,-3.0269545293127e-12,6.74517473928605e-11,1.94643905368832e-13,2.50395841214224e-13,47.8619680424584,47.8619680416453,56.644361818623,56.644361817591
2.71,55.140109695131,-5.25000000040627,4.01924325340523e-12,1.14416804342376e-11,-2.42108299196773e-12,5.40055213562231e-11,2.08230719306372e-13,1.64338161134925e-13,47.857160018074,47.8571600172935,56.6385302192424,56.6385302181676
2.72,55.3344768868328,-5.250000000404,4.13555624638683e-12,1.14201657809697e-11,-1.95679676093421e-12,3.93726984945036e-11,2.13746181533203e-13,5.51308131091499e-14,47.8523759215479,47.8523759208062,56.6327302010056,56.632730199891
2.73,55.5288445763451,-5.25000000040174,4.10543528431188e-12,1.14025132604072e-11,-1.63143179594329e-12,2.63496610425652e-11,2.11954662451332e-13,-4.40667467793698e-14,47.8476220719597,47.8476220711861,56.6269656133715,56.6269656122966
2.74,55.7232127608552,-5.25000000039949,3.96857064198009e-12,1.13874416891556e-11,-1.42496801074936e-12,1.5415137043447e-11,2.04874112545656e-13,-1.34972545293155e-13,47.8428942030849,47.8428942022918,56.62123285099,56.6212328499462
2.75,55.9175814375672,-5.25000000039724,3.772149206857e-12,1.13739004613011e-11,-1.30561590888621e-12,9.43430888487191e-12,1.9489286580099e-13,-1.59135508590036e-13,47.8381929663323,47.8381929655241,56.615536057899,56.6155360568709
2.76,56.1119506037008,-5.25000000039499,3.56593149875322e-12,1.13612654633336e-11,-1.24029533973525e-12,3.5089099213055e-12,1.84523799658163e-13,-2.20540382830925e-13,47.8335146253283,47.8335146245174,56.6098653158297,56.6098653148109
2.77,56.306320256491,-5.25000000039275,3.32862999302699e-12,1.13489393617061e-11,-1.24131162559892e-12,-4.05617454796443e-12,1.72670740660562e-13,-3.16957614668323e-13,47.8288581710428,47.828858170252,56.6042246856293,56.6042246845729
2.78,56.5006903931869,-5.25000000039051,3.04140344762204e-12,1.13361834025774e-11,-1.31873748136241e-12,-1.16553337127738e-11,1.58366071980545e-13,-4.19446161831205e-13,47.8242322309472,47.824232230133,56.5986218138914,56.5986218128716
2.79,56.6950610110558,-5.25000000038828,2.71752993059418e-12,1.13222675825727e-11,-1.46065804793158e-12,-1.65335215592109e-11,1.42274747321054e-13,-4.85847256523342e-13,47.8196306716094,47.819630670793,56.5930489121693,56.593048911164
2.8,56.8894321073798,-5.25000000038606,2.37819315544704e-12,1.13066742821098e-11,-1.65396939251707e-12,-2.28378704767974e-11,1.2546497305866e-13,-6.03318176667367e-13,47.8150470671287,47.8150470663312,56.5874981362265,56.5874981351966
2.81,57.0838036794553,-5.25000000038384,2.03049488836969e-12,1.12888580570971e-11,-1.88354269245458e-12,-2.20021174475017e-11,1.08280875320033e-13,-5.83675035387143e-13,47.8104987885627,47.8104987877366,56.5819928848447,56.5819928838626
2.82,57.278175724596,-5.25000000038163,1.72940852421595e-12,1.12688124113898e-11,-2.11393901642522e-12,-2.56742609261733e-11,9.35013767240067e-14,-6.97371630928312e-13,47.8059605076858,47.8059605068639,56.5764999199134,56.5764999189248
2.83,57.4725482401267,-5.25000000037943,1.40759315905343e-12,1.12462256626005e-11,-2.38234686549982e-12,-2.79753805206561e-11,7.76921823942896e-14,-7.52788022889694e-13,47.8014595465079,47.8014595456777,56.5710523132743,56.5710523122869
2.84,57.6669212233919,-5.25000000037723,1.08336211847062e-12,1.12208401024957e-11,-2.67612909109365e-12,-3.17405166845937e-11,6.17777385660857e-14,-8.58975217343794e-13,47.7969743231775,47.796974322386,56.5656247337856,56.5656247327734
2.85,57.8612946717476,-5.25000000037504,5.57462278259327e-13,1.119157939987e-11,-3.29479104690273e-12,-1.05786330471765e-10,3.58008906397519e-14,-9.48498874928094e-13,47.7925203531266,47.7925203523073,56.5602366191558,56.5602366181797
2.86,58.0556685825673,-5.25000000037287,-2.58267504665996e-13,1.11530495234304e-11,-4.29028885530143e-12,-9.34155365109041e-11,-4.76822143626285e-15,-9.43889931492858e-13,47.7880856163951,47.7880856155795,56.5548703119465,56.5548703109808
2.87,58.2500429532375,-5.25000000037071,-8.44410005078355e-13,1.11052995848715e-11,-5.15253742354501e-12,-8.06832177080382e-11,-3.3742387240418e-14,-9.31728652564523e-13,47.7836722296282,47.7836722288329,56.5495316738103,56.5495316728393
2.88,58.4444177811582,-5.25000000036857,-1.26304526572846e-12,1.10495762044527e-11,-5.90110705508751e-12,-7.05337985851076e-11,-5.43013432915203e-14,-9.38177270246032e-13,47.7792882680002,47.7792882672008,56.5442283807797,56.5442283798157
2.89,58.638793063746,-5.25000000036644,-1.56023713077019e-12,1.0986896641648e-11,-6.552313580488e-12,-6.05161348149239e-11,-6.8794328706967e-14,-9.18021735019092e-13,47.7749281318596,47.7749281310928,56.5389546051685,56.5389546041826
2.9,58.8331687984306,-5.25000000036432,-1.74449839920719e-12,1.09182506724236e-11,-7.10470962244493e-12,-5.08192162233647e-11,-7.76537935002827e-14,-8.92610638181246e-13,47.7705862205845,47.7705862198181,56.5337024748892,56.5337024739264
2.91,59.0275449826548,-5.25000000036222,-1.80456816149972e-12,1.08446573524104e-11,-7.53823873522497e-12,-3.52652336714606e-11,-8.03135498828175e-14,-7.37476052448116e-13,47.7662719752795,47.7662719745625,56.5284835975049,56.5284835964908
2.92,59.2219216138767,-5.25000000036014,-1.70129000590705e-12,1.07675941896869e-11,-7.82200016975732e-12,-2.25393426666783e-11,-7.47919250394198e-14,-6.49636811358989e-13,47.7619806217803,47.7619806210774,56.5232921184289,56.523292117424
2.93,59.4162986895684,-5.25000000035807,-1.50498864517028e-12,1.06883210239863e-11,-7.99592797826499e-12,-1.26964023063615e-11,-6.46659381583283e-14,-5.68543476187067e-13,47.7577164058654,47.7577164051917,56.5181338689668,56.5181338679561
2.94,59.6106762072172,-5.25000000035601,-1.24594789838139e-12,1.06078289526039e-11,-8.07457250897522e-12,-3.04969842867296e-12,-5.14729477581348e-14,-4.65391830975492e-13,47.7534731034938,47.7534731027961,56.5129990255718,56.5129990245961
2.95,59.8050541643233,-5.25000000035396,-9.26023276613063e-13,1.05270749674679e-11,-8.05717059638224e-12,6.69787367442807e-12,-3.5303114181934e-14,-3.46356623937005e-13,47.749250248744,47.749250248075,56.5078895390191,56.5078895380311
2.96,59.9994325583988,-5.25000000035193,-5.28483797978706e-13,1.04470655494928e-11,-7.92478344450651e-12,2.11080115952547e-11,-1.53104225526183e-14,-1.218883934756e-13,47.7450538163536,47.7450538156984,56.5028132119412,56.5028132109617
2.97,60.1938113869706,-5.25000000034991,-3.50406283138206e-14,1.0369145405033e-11,-7.66722380304278e-12,2.96829529421615e-11,9.43259392680433e-15,-1.36266865846668e-14,47.7408822379599,47.7408822373338,56.4977640471272,56.4977640461406
2.98,60.3881906475801,-5.2500000003479,4.67650525980371e-13,1.02941938935976e-11,-7.33943512839562e-12,3.64784816102792e-11,3.45265333270042e-14,1.17711396185882e-13,47.7367357557333,47.7367357550971,56.4927460611964,56.4927460602264
2.99,60.5825703377826,-5.25000000034589,9.63859454192918e-13,1.02228602163638e-11,-6.9562768453941e-12,4.02314404062993e-11,5.91844969216842e-14,2.04646846344025e-13,47.7326097461684,47.7326097455629,56.4877513880499,56.4877513870714
3,60.7769504551462,-5.2500000003439,1.42331726115587e-12,1.01555251212639e-11,-6.54451391161664e-12,4.26492170626627e-11,8.18864465485182e-14,2.9165515488816e-13,47.7285082719178,47.7285082713398,56.482785869297,56.4827858682902
3.01,60.9713309979547,-5.25000000034192,1.86452192151745e-12,1.00924715186112e-11,-6.09367878416702e-12,4.89300691559716e-11,1.03585949649624e-13,4.59572484234894e-13,47.8565172085909,47.8565172080026,56.6641663769393,56.6641663759778
3.02,61.1657120722678,-5.25000000033994,2.37272155523994e-12,1.00344500654347e-11,-5.45733391842052e-12,1.21156786710478e-10,1.28533102872533e-13,4.97682841119063e-13,49.2116199897937,49.2116199891645,58.373701615075,58.3737016141653
3.03,61.3600944639122,-5.25000000033796,3.26137814244836e-12,9.98627541393417e-12,-4.31292279866376e-12,1.08378261806968e-10,1.72577526155307e-13,5.18954887743228e-13,52.6255656467007,52.6255656460942,62.5530793624316,62.5530793614795
3.04,61.5544801438939,-5.25000000033599,3.885113492497e-12,9.94875531890937e-12,-3.31973989453747e-12,9.17179828825732e-11,2.03214194104874e-13,4.67883327567864e-13,58.0160278363522,58.0160278357161,69.0966732028068,69.0966732018791
3.05,61.7488722492962,-5.25000000033401,4.28110321186114e-12,9.92028646309496e-12,-2.4828310643551e-12,7.71902726627101e-11,2.22372732794714e-13,4.31627390079514e-13,64.6977401463875,64.6977401457147,77.085212168331,77.0852121674521
3.06,61.9432745823562,-5.25000000033204,4.5206463577338e-12,9.89945636238474e-12,-1.77064249857476e-12,6.68887412556616e-11,2.33692554685545e-13,4.40131871920491e-13,68.9368984778717,68.9368984772283,82.1947136834123,82.1947136824851
3.07,62.1376900510045,-5.25000000033008,4.63913799003567e-12,9.88517432083215e-12,-1.1772432262664e-12,5.10432523487952e-11,2.38985872944659e-13,3.05963154118016e-13,73.6832415243006,73.683241523689,88.0441232565159,88.0441232555558
3.08,62.3321215266508,-5.25000000032811,4.58361931553694e-12,9.87590905446001e-12,-7.46876582078156e-13,3.61369816999116e-11,2.35575488340119e-13,2.07837002816347e-13,79.0048674331581,79.0048674325791,94.6211641373301,94.6211641363581
3.09,62.526572217922,-5.25000000032614,4.3992054684008e-12,9.87017152728427e-12,-4.58350326972768e-13,2.17914852106038e-11,2.25759074664738e-13,7.58763711583565e-14,84.810350657614,84.8103506570352,101.831490695276,101.83149069429
3.1,62.7210456226734,-5.25000000032418,4.12419943494309e-12,9.86659970122812e-12,-2.86432881858496e-13,1.40068829031338e-11,2.11479940388247e-13,4.79501421207784e-14,90.9870349070733,90.9870349064212,109.55028189251,109.550281891635
3.11,62.9155454597517,-5.25000000032222,3.81364623169773e-12,9.86433451058446e-12,-2.02844606359454e-13,1.5506627659698e-12,1.95530389848524e-13,-1.22231001362105e-13,97.3525498258272,97.3525498251701,117.559609022858,117.559609022009
3.12,63.1100750832748,-5.25000000032027,3.40730380873756e-12,9.86218544403349e-12,-2.47363960327377e-13,-1.02944900297778e-11,1.74851537534885e-13,-2.62567962164284e-13,100.844291455859,100.844291455235,122.108658332306,122.108658331433
3.13,63.3046365035111,-5.25000000031832,2.9309367127232e-12,9.85896726930373e-12,-4.06278552975604e-13,-2.20119940294504e-11,1.50755033865673e-13,-4.33591964416058e-13,103.731036938052,103.731036937409,125.905566495573,125.905566494746
3.14,63.4992315158662,-5.25000000031638,2.40495792650123e-12,9.85355790917158e-12,-6.66081773848057e-13,-2.96707602962313e-11,1.24279955348382e-13,-5.43749507225799e-13,106.76127388802,106.761273887277,129.864611424036,129.864611423339
3.15,63.693861992031,-5.25000000031444,1.88639488460467e-12,9.84519144761212e-12,-9.87374336121833e-13,-3.48100871985592e-11,9.83109995817559e-14,-6.43748292519786e-13,109.933323076504,109.933323075781,134.004182746671,134.004182745975
3.16,63.888529881669,-5.2500000003125,1.39040313848723e-12,9.83335002945273e-12,-1.35649678495428e-12,-3.96470169467316e-11,7.36025055061237e-14,-7.57237588605575e-13,113.512041382752,113.512041381951,138.72994826669,138.729948266127
3.17,64.0832373538429,-5.25000000031057,9.0107614567068e-13,9.81753976002537e-12,-1.78047568300655e-12,-4.62556984287129e-11,4.93356997969332e-14,-9.14749396022096e-13,117.932577735178,117.932577734359,144.461548140627,144.46154814009
3.18,64.2779870600207,-5.25000000030866,2.8783609539107e-13,9.79671622711081e-12,-2.4744797945161e-12,-1.2098737287559e-10,1.90161587392905e-14,-1.00183251451613e-12,122.347856783619,122.347856782833,150.23403959116,150.234039590625
3.19,64.4727817047525,-5.25000000030675,-6.45737529892601e-13,9.76556381147203e-12,-3.62084138135979e-12,-1.08627228816284e-10,-2.73000642500339e-14,-1.01626172754887e-12,126.699930129399,126.699930128632,155.96512914709,155.965129146573
3.2,64.667623969393,-5.25000000030486,-1.3112705552711e-12,9.72370256014689e-12,-4.62755926306799e-12,-9.45522362962307e-11,-6.00328115466007e-14,-1.00665482893891e-12,130.963706460009,130.963706459247,161.614615230921,161.614615230418
3.21,64.8625164784856,-5.25000000030299,-1.76808492806891e-12,9.67250369749288e-12,-5.504511629778e-12,-8.23836825546784e-11,-8.22361463933923e-14,-1.00306655342886e-12,135.066818308876,135.066818308125,167.085776132789,167.085776132295
3.22,65.0574617714454,-5.25000000030113,-2.05852553195612e-12,9.61319077255448e-12,-6.2579071464453e-12,-6.87897053639712e-11,-9.60852383498808e-14,-9.44386062406988e-13,139.676337969469,139.676337968867,173.290844700131,173.290844699497
3.23,65.2524626136675,-5.25000000029928,-2.18238715466105e-12,9.54710043075657e-12,-6.87315309288717e-12,-5.49756172926519e-11,-1.01592814006658e-13,-8.71040652800081e-13,144.712057194246,144.712057193726,179.982430674383,179.982430673678
3.24,65.4475221055717,-5.25000000029744,-2.13819385356573e-12,9.47565437522201e-12,-7.33186891074664e-12,-3.63489881340336e-11,-9.87073665869208e-14,-6.86005505873277e-13,149.474027477174,149.474027476645,186.373584340306,186.373584339634
3.25,65.6426432041127,-5.25000000029562,-1.90232359485172e-12,9.40065926477842e-12,-7.60546113244216e-12,-1.90198455701455e-11,-8.62609207453436e-14,-5.28849533609765e-13,153.956858335717,153.956858335264,192.442608781637,192.442608780802
3.26,65.8378287094481,-5.25000000029381,-1.54161005076005e-12,9.32380305683686e-12,-7.72894162585249e-12,-6.48211440730981e-12,-6.76556637324253e-14,-4.19201565821092e-13,158.190580063895,158.190580063563,198.217178500605,198.217178499664
3.27,66.0330812751202,-5.250000000292,-1.12609215217521e-12,9.2463333899559e-12,-7.7439283756398e-12,3.18562007657041e-12,-4.64387301813737e-14,-3.19611958427002e-13,162.21556939139,162.215569391053,203.741267636331,203.741267635391
3.28,66.2284034297856,-5.25000000029021,-6.67622061150219e-13,9.16924667778771e-12,-7.65433465151405e-12,1.56749887128562e-11,-2.32075527200988e-14,-1.36535314304576e-13,166.06905509527,166.069055094924,209.057184778012,209.057184776991
3.29,66.423797708465,-5.25000000028843,-1.372090037614e-13,9.09374905836703e-12,-7.44182176051903e-12,2.69626106336093e-11,3.50331738565762e-15,2.40033687370911e-14,170.427968074045,170.427968073786,215.036782603194,215.036782602069
3.3,66.6192669682911,-5.25000000028666,4.19822531541236e-13,9.02092386523983e-12,-7.14051293387702e-12,3.29346188701921e-11,3.14077110969915e-14,1.14034649778549e-13,175.31495187213,175.314951871895,221.732083699388,221.732083698212
3.31,66.8148142613102,-5.25000000028489,9.43290974214792e-13,8.95137281784953e-12,-6.79501165038842e-12,3.65139691998084e-11,5.7480416897455e-14,2.00334106942313e-13,179.904356757714,179.904356757497,228.094495091198,228.094495090022
3.32,67.0104424660921,-5.25000000028314,1.41958103953119e-12,8.88544116740767e-12,-6.42393074274906e-12,3.79086898783396e-11,8.10576153145681e-14,2.60560670262144e-13,184.269455548566,184.269455548419,234.182844263966,234.182844262694
3.33,67.2061543272381,-5.25000000028138,1.86050224317274e-12,8.8233216497348e-12,-6.02336327564866e-12,4.38354498291231e-11,1.02753009221626e-13,4.24073536703373e-13,188.317177143839,188.317177143658,239.876791036685,239.876791035368
3.34,67.4019524083811,-5.25000000027964,2.42544076133686e-12,8.76595481851069e-12,-5.36166691672482e-12,1.16655289621596e-10,1.304806653489e-13,4.57243184287526e-13,192.092427223774,192.092427223619,245.22422473349,245.224224732143
3.35,67.5978391068397,-5.2500000002779,3.29496217957953e-12,8.71847956629768e-12,-4.2648048898787e-12,1.03479983890945e-10,1.73321904002517e-13,4.68492432348366e-13,195.64334269938,195.64334269928,250.280653867146,250.28065386573
3.36,67.7938166807702,-5.25000000027616,3.89279861096219e-12,8.68117655689375e-12,-3.32151780726661e-12,8.62254055793919e-11,2.02476375357905e-13,3.91104683361565e-13,199.010331795587,199.010331795364,255.094465112426,255.094465111172
3.37,67.9898872733201,-5.25000000027441,4.26305005752387e-12,8.65241199522592e-12,-2.52882447480538e-12,7.45301067454612e-11,2.20219719956298e-13,4.03662346604161e-13,202.223027697062,202.223027696789,259.701836734936,259.701836733732
3.38,68.1860529307721,-5.25000000027268,4.48768281385305e-12,8.63096586250324e-12,-1.85472305307233e-12,6.0465324549971e-11,2.30710262436813e-13,3.16153787177642e-13,205.301254068977,205.30125406881,264.127144974456,264.127144973178
3.39,68.3823157625105,-5.25000000027094,4.53651899473645e-12,8.61544833650839e-12,-1.33271839239947e-12,4.42479022050689e-11,2.32451020813035e-13,1.89717165588466e-13,209.113117459607,209.113117459305,269.524740907342,269.524740906217
3.4,68.5786782831777,-5.2500000002692,4.4107996640238e-12,8.6042556143514e-12,-9.74563240971265e-13,2.77401355060706e-11,2.25530554847773e-13,4.11858047666414e-14,213.274728905129,213.274728904862,275.420266225021,275.420266223928
3.41,68.7751431145511,-5.25000000026747,4.13541375126647e-12,8.59576369640175e-12,-7.74323980565843e-13,1.26230304458154e-11,2.11224525537294e-13,-1.05648562814808e-13,217.037777138189,217.037777137936,280.82244541235,280.822445411339
3.42,68.9717126421579,-5.25000000026574,3.75754387143936e-12,8.5885030419295e-12,-7.06758965056333e-13,1.43863019510183e-12,1.91919050926556e-13,-2.10158713348507e-13,220.412796559913,220.412796559426,285.719935761562,285.719935760869
3.43,69.1683890186693,-5.25000000026401,3.32842250151681e-12,8.58134747971406e-12,-7.42320978597628e-13,-8.69493824263673e-12,1.70191869758017e-13,-3.35268271478562e-13,223.451866571677,223.451866571217,290.166671726537,290.166671725857
3.44,69.36517418763,-5.2500000002623,2.85051371449506e-12,8.57328149450211e-12,-8.81032056234802e-13,-1.95138971864985e-11,1.46166367102095e-13,-4.92416437486431e-13,226.218694918698,226.218694918051,294.238616229874,294.238616229521
3.45,69.5620699198617,-5.25000000026058,2.320017328351e-12,8.56324073392787e-12,-1.12546005365717e-12,-2.96654769766005e-11,1.19652958189059e-13,-6.5003948404585e-13,228.770990814004,228.770990813577,298.00831571371,298.008315713171
3.46,69.7590778485738,-5.25000000025888,1.75299672779069e-12,8.55022346802975e-12,-1.46494798209074e-12,-3.86614141981989e-11,9.14580454860172e-14,-8.0863657783703e-13,231.153685414716,231.153685414199,301.534167704038,301.534167703653
3.47,69.9561994975504,-5.25000000025718,1.19727932001578e-12,8.5334120611552e-12,-1.85782380802035e-12,-3.88074178297939e-11,6.39653593741057e-14,-8.18796853235826e-13,233.398088558468,233.398088557768,304.857969230078,304.857969229881
3.48,70.1534363012244,-5.25000000025549,7.26799895268516e-13,8.51271301843638e-12,-2.25123392430019e-12,-4.11692000551099e-11,4.08547011278379e-14,-9.26588666905204e-13,235.52445595941,235.524455958765,308.007458014724,308.007458014596
3.49,70.3507896178113,-5.25000000025381,-1.71056234199228e-13,8.48463375860106e-12,-3.32032586613261e-12,-1.12069909652013e-10,-3.20417808944269e-15,-1.02263987208917e-12,237.545094575883,237.545094575112,310.999902000822,310.999902000906
3.5,70.5482607373623,-5.25000000025214,-9.78841756453603e-13,8.44552918829484e-12,-4.37572049813949e-12,-1.00224679425299e-10,-4.27085205883967e-14,-1.04235196862756e-12,239.46746954704,239.46746954658,313.846038604319,313.846038604098
3.51,70.7458508866235,-5.25000000025049,-1.56424897781486e-12,8.39653287722666e-12,-5.30661492504872e-12,-8.67201946148316e-11,-7.10919882232249e-14,-1.00785612494603e-12,241.296540648569,241.296540648093,316.553113942511,316.553113942239
3.52,70.9435612321906,-5.25000000024886,-1.91306006316984e-12,8.33904255881712e-12,-6.07286342295302e-12,-6.6016322890469e-11,-8.76997504864337e-14,-8.2365884945812e-13,243.036161484254,243.036161483906,319.126796245702,319.126796245184
3.53,71.1413928829043,-5.25000000024723,-2.00166052906602e-12,8.27503383882058e-12,-6.64190544998252e-12,-4.94543197946896e-11,-9.14024000075549e-14,-7.33905557853687e-13,244.68995392783,244.689953927446,321.572384077344,321.572384076826
3.54,71.3393468920751,-5.25000000024562,-1.93202646924743e-12,8.20615915235276e-12,-7.06482835005427e-12,-3.58724040047363e-11,-8.7325694256428e-14,-6.40281230812612e-13,246.261603950407,246.261603950107,323.895274261241,323.895274260743
3.55,71.5374242597609,-5.25000000024401,-1.74448345386949e-12,8.13377585492927e-12,-7.3570996225457e-12,-2.29475652467905e-11,-7.75005208511209e-14,-5.29667022047819e-13,247.754970319269,247.754970318987,326.101114137433,326.101114136805
3.56,71.7356259351818,-5.25000000024242,-1.45376988834724e-12,8.05916767599067e-12,-7.52176121366931e-12,-1.00808605749751e-11,-6.26738699046053e-14,-3.98151563801852e-13,249.174006220754,249.174006220377,328.195769309498,328.195769308906
3.57,71.9339528192271,-5.25000000024085,-1.05465409853826e-12,7.98363856567666e-12,-7.54618568569508e-12,6.06436476213775e-12,-4.26013317383787e-14,-1.81942134969137e-13,250.52262633178,250.522626331642,330.185078664521,330.185078663504
3.58,72.1324057669823,-5.25000000023928,-5.48597020252431e-13,7.90871137213938e-12,-7.43090242567241e-12,1.60763468879182e-11,-1.73685921648947e-14,-7.79775549686335e-14,251.804623437864,251.80462343787,332.074774156601,332.074774155448
3.59,72.330985593552,-5.25000000023771,-2.96481547605538e-14,7.8353961927795e-12,-7.23690749909208e-12,2.27327398506359e-11,8.34530950004814e-15,1.96600548341141e-14,253.042748904443,253.042748904464,333.896696739671,333.896696738463
3.6,72.5296930976594,-5.25000000023616,4.78473225344838e-13,7.76435550852916e-12,-6.98359639683155e-12,2.82460546878538e-11,3.33751333005771e-14,1.19677705245902e-13,254.309384002983,254.309384003045,335.751912262768,335.75191226142
3.61,72.7285290779411,-5.25000000023461,9.67567261022612e-13,7.69612319020842e-12,-6.68420298080705e-12,3.17607970094994e-11,5.7332248515019e-14,1.95667267111066e-13,255.496801979574,255.496801979594,337.496739060901,337.496739059642
3.62,72.9274942829938,-5.25000000023308,1.44026681073476e-12,7.63108819808674e-12,-6.33968390621116e-12,3.84548322236269e-11,8.03611283034836e-14,3.52237336520567e-13,256.607043616993,256.607043616923,339.131700045335,339.131700044012
3.63,73.126589413009,-5.25000000023154,1.91825129129582e-12,7.56983892690102e-12,-5.94590533058979e-12,3.98915991865945e-11,1.03551161645563e-13,3.98192763484406e-13,257.646108437485,257.646108437671,340.664058820092,340.664058818563
3.64,73.3258151227832,-5.25000000023002,2.51773683804632e-12,7.51328457201847e-12,-5.25597258235974e-12,1.12334626213571e-10,1.32497855702374e-13,4.20670442924376e-13,258.621475812195,258.62147581241,342.103794324436,342.103794322848
3.65,73.5251720262227,-5.2500000002285,3.3436148541329e-12,7.46659738625663e-12,-4.21218059514943e-12,9.71628686107672e-11,1.72445056909901e-13,3.9832069934076e-13,259.540316846023,259.540316846321,343.460905462679,343.460905460994
3.66,73.7246607008792,-5.25000000022697,3.89694818905766e-12,7.42947963085654e-12,-3.32839302223739e-12,8.10380021653907e-11,1.98908825947012e-13,3.36590998128994e-13,260.408617735563,260.40861773571,344.744001169324,344.744001167836
3.67,73.9242816919618,-5.25000000022545,4.24138434007898e-12,7.40036764610277e-12,-2.58886119760305e-12,6.8554341664162e-11,2.15095177245461e-13,3.16420500912074e-13,261.231187117748,261.231187117646,345.960176427056,345.960176425884
3.68,74.1240355155081,-5.25000000022393,4.43652670889591e-12,7.3779948822673e-12,-1.9728139602967e-12,5.50787702510991e-11,2.23982962184122e-13,2.36918124008056e-13,262.011598409226,262.011598409177,347.114846903671,347.114846902432
3.69,74.3239226608081,-5.25000000022241,4.46869487713583e-12,7.36101403813386e-12,-1.50222234794494e-12,3.91264445232004e-11,2.24919832530727e-13,1.0019329116373e-13,262.752623103837,262.752623103559,348.212287348975,348.212287348091
3.7,74.523943592263,-5.2500000002209,4.33410290054359e-12,7.34786188453612e-12,-1.18947898230075e-12,2.39284850935932e-11,2.17744385497679e-13,-3.24900696624386e-14,263.45647492445,263.456474924549,349.255932966643,349.255932965416
3.71,74.7240987508658,-5.25000000021939,4.05578185615033e-12,7.3370107090223e-12,-1.03199024936177e-12,7.1311335193034e-12,2.03620113141222e-13,-2.2799557380937e-13,264.124962733945,264.124962733504,350.248602054644,350.248602054187
3.72,74.92438855541,-5.25000000021788,3.65065217943063e-12,7.3268502617612e-12,-1.02418979583179e-12,-4.70101495108838e-12,1.8340166264494e-13,-3.42094842037399e-13,264.759761564969,264.759761564766,351.192857215333,351.192857214686
3.73,75.1248134035865,-5.25000000021638,3.20814297733492e-12,7.31621784798722e-12,-1.10733385783095e-12,-1.14322127805808e-11,1.61498481665654e-13,-4.10025312314044e-13,265.362468905626,265.362468905211,352.091103967249,352.091103966855
3.74,75.3253736730045,-5.25000000021488,2.75531053565658e-12,7.30438814717286e-12,-1.26684319158792e-12,-2.17089265425351e-11,1.39237068340529e-13,-5.82826755607391e-13,265.934563713624,265.934563713027,352.945522205617,352.945522205451
3.75,75.5260697221415,-5.25000000021339,2.24933084250957e-12,7.29038266861268e-12,-1.52747070154906e-12,-3.04404440161159e-11,1.14505019200122e-13,-7.15149293950557e-13,266.477543936038,266.477543935547,353.75829844368,353.758298443554
3.76,75.7269018912782,-5.25000000021191,1.73004946589912e-12,7.2733490305735e-12,-1.85910374605941e-12,-3.60060067389437e-11,8.92563805406324e-14,-8.1941181270806e-13,266.992832004807,266.992832004409,354.531483195567,354.531483195373
3.77,75.9278705033903,-5.25000000021043,1.22830653810136e-12,7.25273122608094e-12,-2.23742892209597e-12,-4.0154281861686e-11,6.49949231208429e-14,-9.21097399741999e-13,267.481794678344,267.481794677616,355.2670092064,355.267009206549
3.78,76.1289758650001,-5.25000000020896,7.75468340033608e-13,7.2281740293449e-12,-2.62925790827967e-12,-3.75260021699295e-11,4.32365603423265e-14,-9.07167136549036e-13,267.945773851993,267.945773851355,355.96675053796,355.966750538008
3.79,76.3302182670116,-5.25000000020751,-1.01294658322127e-13,7.19572303155059e-12,-3.73586541138494e-12,-1.06240657920616e-10,1.1482658367318e-15,-9.60658202292519e-13,268.386076651761,268.386076651033,356.63254672684,356.632546727178
3.8,76.5315979854965,-5.25000000020607,-7.87797304412916e-13,7.15284395980694e-12,-4.71400557701024e-12,-9.05385628599748e-11,-3.16264060367929e-14,-9.11088478966482e-13,268.803889680722,268.803889680344,357.266018226054,357.266018225901
3.81,76.7331152824276,-5.25000000020464,-1.23243812504851e-12,7.10103114637394e-12,-5.53920268296665e-12,-7.55992823713424e-11,-5.25827969091932e-14,-8.54091103397181e-13,269.200391943324,269.200391942914,357.868777578093,357.868777577977
3.82,76.9347704063873,-5.25000000020322,-1.48306234226543e-12,7.04175954478655e-12,-6.22134779120338e-12,-6.16494274121621e-11,-6.41096549647435e-14,-7.86666305013783e-13,269.576674208053,269.576674207858,358.442309130699,358.442309130347
3.83,77.1365635932256,-5.25000000020183,-1.56349245362833e-12,6.97643568330189e-12,-6.75947245209018e-12,-4.62660464912154e-11,-6.74049696485691e-14,-6.68072368259498e-13,269.933762566979,269.93376256667,358.987986453058,358.987986452744
3.84,77.3384950666785,-5.25000000020044,-1.45176579868137e-12,6.90663036634796e-12,-7.12055603563208e-12,-2.51069792605744e-11,-6.1430385063778e-14,-4.26919784246582e-13,270.272665887253,270.272665887068,359.507170048972,359.507170048383
3.85,77.5405650389611,-5.25000000019906,-1.14688970879632e-12,6.83433116287512e-12,-7.29722654915689e-12,-1.18766826371682e-11,-4.61697553913647e-14,-3.36539823786453e-13,270.59431592945,270.594315929414,360.001096521625,360.001096520885
3.86,77.7427737113248,-5.25000000019769,-7.68216312992609e-13,6.76090077933884e-12,-7.35770549710422e-12,-6.23463556687559e-15,-2.74711371805926e-14,-1.98123635553049e-13,270.899600286238,270.899600286139,360.470942833759,360.470942832929
3.87,77.9451212745819,-5.25000000019633,-3.25166209246074e-13,6.68750026963924e-12,-7.30576272975053e-12,1.03366510042002e-11,-5.79628750608925e-15,-7.32586734331075e-14,271.189377887416,271.189377887364,360.917845060868,360.917845060001
3.88,78.1476079096092,-5.25000000019499,1.47943206940114e-13,6.61513349787122e-12,-7.16771382212349e-12,1.69193427701126e-11,1.71880022517483e-14,7.56686380221083e-15,271.464452809123,271.464452809304,361.342880733947,361.342880732803
3.89,78.3502337878243,-5.25000000019365,6.16627925764897e-13,6.54447558172342e-12,-6.9691961704444e-12,2.3201872871995e-11,3.98139235843637e-14,1.13124353634531e-13,271.725567235212,271.725567235478,361.747023125393,361.747023124061
3.9,78.5529990716287,-5.25000000019232,1.10467152632289e-12,6.47617398180204e-12,-6.69514606293141e-12,3.28399661846268e-11,6.32489304293802e-14,2.93660928907258e-13,271.973463893679,271.973463893779,362.131269781218,362.131269779937
3.91,78.755903914839,-5.250000000191,1.62879880513754e-12,6.41111659215006e-12,-6.34113178688581e-12,3.75932430758657e-11,8.8313309907123e-14,3.7773603689395e-13,272.208842219461,272.208842219627,362.496548644294,362.496548642952
3.92,78.9589484631079,-5.25000000018968,2.11500787559715e-12,6.34977666191383e-12,-5.961828047998e-12,3.83578553413552e-11,1.11421577254193e-13,4.27771967154156e-13,272.432358219218,272.432358219534,362.843755349479,362.843755347875
3.93,79.1621328542997,-5.25000000018837,2.95565207896403e-12,6.29501420850401e-12,-4.97782522647216e-12,1.09177248337725e-10,1.51330540331216e-13,4.3519094578004e-13,272.644572428068,272.644572428516,363.17363272153,363.173632719913
3.94,79.3654572188447,-5.25000000018706,3.71060902788371e-12,6.25089872762169e-12,-3.97545320645395e-12,9.24397276511983e-11,1.87007539452654e-13,3.89974077336097e-13,272.846108888017,272.846108888149,363.487040781266,363.487040779991
3.95,79.568921680106,-5.25000000018575,4.20845259048003e-12,6.21592671517713e-12,-3.12819818077332e-12,7.83044596827019e-11,2.10230135028159e-13,3.53064799618608e-13,273.03752413965,273.037524139788,363.784752668783,363.784752667476
3.96,79.7725263547129,-5.25000000018444,4.51259770746016e-12,6.18867231778042e-12,-2.42025340696158e-12,6.39192391483531e-11,2.24124819881897e-13,2.76571734264541e-13,273.219319824013,273.219319823868,364.067462558986,364.067462558013
3.97,79.9762713528741,-5.25000000018314,4.65433085073279e-12,6.16773985562261e-12,-1.8423992967308e-12,5.30798046386951e-11,2.30234505336882e-13,2.52479894630175e-13,273.392018865536,273.39201886537,364.335916019287,364.335916018318
3.98,80.1801567786873,-5.25000000018183,4.66737130350444e-12,6.15198132003703e-12,-1.38725287184194e-12,3.74227762714485e-11,2.30213719532304e-13,9.96013167775534e-14,273.556034997842,273.556034997722,364.590698317396,364.590698316507
3.99,80.384182730414,-5.25000000018054,4.5101156539872e-12,6.13988853043397e-12,-1.09048662718835e-12,2.24779593053547e-11,2.22071018961609e-13,-3.11239749251069e-14,273.711838386615,273.711838386469,364.832494384165,364.832494383329
4,80.5883493007639,-5.25000000017924,4.22151690442237e-12,6.12997402514222e-12,-9.36633249326317e-13,8.42410605691572e-12,2.07714812228421e-13,-1.78253679178342e-13,273.85986042004,273.859860419929,365.061943234387,365.061943233638
4.01,80.7926565771625,-5.25000000017795,3.82559950177017e-12,6.12084921998384e-12,-9.1807766517255e-13,-4.7807588201721e-12,1.88324305263806e-13,-3.34238713095569e-13,274.000437743617,274.000437743338,365.279539761714,365.279539761232
4.02,80.9971046419864,-5.25000000017666,3.34855185725887e-12,6.11121479547427e-12,-1.02273448177394e-12,-1.6177953248592e-11,1.65176315823776e-13,-4.80361844051869e-13,274.133977238065,274.133977237706,365.485909048672,365.48590904838
4.03,81.2016935728094,-5.25000000017538,2.84371884671747e-12,6.09999248187273e-12,-1.21150175004056e-12,-2.07267770983827e-11,1.40841828506847e-13,-5.24972860321826e-13,274.260823414954,274.260823414533,365.681581287263,365.681581287086
4.04,81.4064234426295,-5.25000000017411,2.37034512308425e-12,6.08667119134366e-12,-1.44454847646212e-12,-2.68033377657668e-11,1.18164235538899e-13,-6.45074705457604e-13,274.381265764073,274.381265763634,365.866999462481,365.866999462376
4.05,81.6112943200765,-5.25000000017284,1.89342012478366e-12,6.07067322162281e-12,-1.73862477396741e-12,-3.22519300730021e-11,9.54395219247317e-14,-7.47875286005728e-13,274.495649956593,274.495649956098,366.042718831024,366.042718831044
4.06,81.8163062696267,-5.25000000017158,1.42534236435365e-12,6.0514624230623e-12,-2.07975466728599e-12,-3.62989954438212e-11,7.32519144857069e-14,-8.41303155613149e-13,274.604245959354,274.604245958775,366.20916784269,366.209167842866
4.07,82.0214593517946,-5.25000000017033,9.83864802640836e-13,6.02865437761399e-12,-2.44960372410415e-12,-3.78406572552639e-11,5.24403646104438e-14,-9.01589133212033e-13,274.707316082014,274.707316081585,366.366781464008,366.366781464048
4.08,82.226753623318,-5.25000000016909,3.31951055336091e-13,6.0008979796073e-12,-3.22291940535072e-12,-1.15439015828788e-10,2.18197739881211e-14,-9.42597996184125e-13,274.805139367301,274.805139366908,366.516012057453,366.516012057519
4.09,82.4321891373344,-5.25000000016786,-4.97275943695496e-13,5.96262178529951e-12,-4.29889654996864e-12,-1.00499883937479e-10,-1.71327516514179e-14,-9.27735752803693e-13,274.897916047343,274.897916046829,366.657211919305,366.657211919482
4.1,82.6377659435406,-5.25000000016665,-1.03089043988126e-12,5.91447659294864e-12,-5.19868459160823e-12,-7.94287737717915e-11,-4.19046959544056e-14,-7.65535204672041e-13,274.985891566476,274.985891566247,366.790770280358,366.790770280124
4.11,82.8434840883678,-5.25000000016545,-1.27186021765228e-12,5.8584976385525e-12,-5.89310983446804e-12,-6.08821569487986e-11,-5.27120255759546e-14,-6.51560402853413e-13,275.069331669218,275.069331668697,366.917137755505,366.917137755589
4.12,83.0493436151752,-5.25000000016426,-1.30632905802508e-12,5.79652854355627e-12,-6.41685784699412e-12,-4.45990099607955e-11,-5.37357753202274e-14,-5.32934373714822e-13,275.151547260465,275.151547260322,367.036614868886,367.036614868423
4.13,83.2553445649347,-5.25000000016309,-1.18382300323139e-12,5.73017673500619e-12,-6.78849151785899e-12,-3.03099991883383e-11,-4.73779703586927e-14,-4.21149226603745e-13,275.226329216875,275.22632921693,367.1493714673,367.149371466657
4.14,83.4614869753038,-5.25000000016192,-9.40023990205742e-13,5.66086684433043e-12,-7.02242029498271e-12,-1.66777998430181e-11,-3.53632728701332e-14,-2.89046130780291e-13,275.296981326226,275.296981326034,367.255715180707,367.255715180265
4.15,83.6677708809824,-5.25000000016077,-5.9594824560483e-13,5.58993951291101e-12,-7.12860844779517e-12,-4.92726064816702e-12,-1.87051067494083e-14,-1.71227181738898e-13,275.363795077577,275.36379507758,367.356066424595,367.356066423903
4.16,83.8741963140856,-5.25000000015963,-1.82194345983002e-13,5.51856246021056e-12,-7.12446144828182e-12,5.80746455334094e-12,1.13018817732194e-15,-4.29105535826313e-14,275.427010581728,275.427010581886,367.45082635236,367.450826351364
4.17,84.0807633042988,-5.25000000015849,2.80907854136129e-13,5.4477814395552e-12,-7.02408040176688e-12,1.41524474898895e-11,2.3174076024598e-14,6.14460739234435e-14,275.486741048988,275.48674104945,367.540212701144,367.540212699759
4.18,84.2874718789831,-5.25000000015737,7.87819310556186e-13,5.3784804786807e-12,-6.82582288662586e-12,2.68687768189376e-11,4.71610170735827e-14,2.75501409879864e-13,275.543148689472,275.543148689722,367.624498771417,367.624498770199
4.19,84.4943220632999,-5.25000000015625,1.35848563566464e-12,5.3118280065281e-12,-6.52198933927842e-12,3.31720347157575e-11,7.4044995604466e-14,3.60773043384111e-13,275.596418686964,275.5964186873,367.70399616791,367.703996166545
4.2,84.7013138803234,-5.25000000015514,1.90054324637837e-12,5.24846853234862e-12,-6.17629064090481e-12,3.62585033438193e-11,9.94307063669826e-14,4.40081131258818e-13,275.646619838147,275.646619838514,367.77884932708,367.778849325648
4.21,84.9084473511039,-5.25000000015404,2.53032588030648e-12,5.18919472324893e-12,-5.56458074742002e-12,1.18400634928263e-10,1.2872549429551e-13,4.91486192022439e-13,275.693870668198,275.693870668557,367.849251070527,367.849251069048
4.22,85.1157224947657,-5.25000000015294,3.51409547461305e-12,5.13979757257135e-12,-4.44738825413497e-12,1.05719947476926e-10,1.74577847094236e-13,5.06533183453062e-13,275.738336086506,275.738336086911,367.915473813237,367.915473811687
4.23,85.3231393286008,-5.25000000015183,4.21690938329641e-12,5.10081768797061e-12,-3.47172950124411e-12,9.08896010397905e-11,2.07031607920716e-13,4.69018487242456e-13,275.780058097252,275.780058097334,367.977613474336,367.977613473238
4.24,85.5306978681269,-5.25000000015073,4.68686302515907e-12,5.0708092517839e-12,-2.63754482035185e-12,7.71803644921073e-11,2.28440070446291e-13,4.26663478853007e-13,275.819230328285,275.819230328429,368.0359662423,368.035966241154
4.25,85.7383981271953,-5.25000000014963,4.96277581481865e-12,5.04840211708347e-12,-1.94081762631919e-12,6.27196769884938e-11,2.40690306789144e-13,3.44840909299871e-13,275.855920003128,275.855920002998,368.090651206915,368.090651206088
4.26,85.9462401180558,-5.25000000014854,5.07201132221382e-12,5.03219984384153e-12,-1.37450987363264e-12,5.19701065133447e-11,2.45107904973564e-13,3.18830465501074e-13,275.890237555142,275.890237555107,368.141837946065,368.141837945138
4.27,86.1542238514299,-5.25000000014744,5.05482662313088e-12,5.02107055378271e-12,-9.26142429714669e-13,3.73574987601476e-11,2.43624075234114e-13,1.82470791948441e-13,275.922294128567,275.922294128639,368.189707661529,368.189707660536
4.28,86.3623493365823,-5.25000000014635,4.88074092285619e-12,5.01360653026253e-12,-6.23754965330021e-13,2.36970037470236e-11,2.34812498457569e-13,6.94158272529499e-14,275.952166023389,275.952166023425,368.234377470927,368.234377470039
4.29,86.5706165813849,-5.25000000014525,4.57814213337126e-12,5.00842703828817e-12,-4.60802607014195e-13,8.48569674156222e-12,2.20042777742459e-13,-1.05437360231608e-13,275.979997171029,275.979997170717,368.276068330581,368.276068330281
4.3,86.7790255923924,-5.25000000014417,4.15250977537214e-12,5.00405730374813e-12,-4.41404869231589e-13,-4.26918050283656e-12,1.99594495126091e-13,-2.45119029240737e-13,276.005828224053,276.005828223968,368.31485141633,368.314851415759
4.31,86.987576374884,-5.25000000014309,3.65295090474816e-12,4.9992235807542e-12,-5.40111286974445e-13,-1.56211138127434e-11,1.75805780598544e-13,-3.94617932081287e-13,276.029773202518,276.029773202291,368.350882432146,368.35088243185
4.32,87.1962689329362,-5.25000000014201,3.10654229781843e-12,4.99281554794329e-12,-7.40985635011971e-13,-2.45641610128782e-11,1.49960954073379e-13,-5.20355026428776e-13,276.051921948715,276.051921948254,368.384304354679,368.38430435473
4.33,87.4051032694768,-5.25000000014094,2.54971250193563e-12,4.98395220851022e-12,-1.01896457573183e-12,-3.11464142293037e-11,1.23777075809991e-13,-6.29676866203965e-13,276.072329221477,276.072329221188,368.415188047707,368.415188047664
4.34,87.6140793863281,-5.25000000013988,2.00713580536581e-12,4.97198278123259e-12,-1.35355916329305e-12,-3.60808202128625e-11,9.84067738823336e-14,-7.29835462898176e-13,276.091122818608,276.091122818186,368.443724390493,368.443724390596
4.35,87.8231972842771,-5.25000000013882,1.51746774508991e-12,4.95647971608412e-12,-1.70596558509445e-12,-3.35294859672942e-11,7.56487357656518e-14,-7.06185544069315e-13,276.108343396753,276.108343396273,368.469966623045,368.469966623185
4.36,88.0324569631085,-5.25000000013778,1.13285955557195e-12,4.93762670394554e-12,-2.03368413904998e-12,-3.30528517438627e-11,5.79302151147293e-14,-7.60021819784518e-13,276.124063952378,276.124063951916,368.494021587829,368.494021588048
4.37,88.2418584216481,-5.25000000013674,7.97301945911769e-13,4.91549408180092e-12,-2.36187265907991e-12,-3.30451121109904e-11,4.2580405105638e-14,-8.04991490133133e-13,276.138374758668,276.138374758257,368.516007316898,368.516007317039
4.38,88.4514016578185,-5.25000000013571,5.2696588486837e-14,4.88712051752788e-12,-3.33650947901874e-12,-1.09658480583419e-10,8.36090236380835e-15,-8.27116587026611e-13,276.151335155386,276.151335154914,368.536014017534,368.536014017863
4.39,88.6610866686742,-5.25000000013469,-6.28675071142354e-13,4.84808283606513e-12,-4.3364209008218e-12,-9.10991791865425e-11,-2.28460339656383e-14,-7.45470959268024e-13,276.163013985938,276.163013985803,368.554133020771,368.554133020634
4.4,88.8709134504462,-5.25000000013368,-1.02984108796909e-12,4.80004272829825e-12,-5.15912492493366e-12,-7.45640472225915e-11,-4.09269247949794e-14,-6.67114800900759e-13,276.173476829567,276.173476829295,368.570448464125,368.570448464109
4.41,89.0808819985836,-5.25000000013269,-1.21816263315575e-12,4.74465133070297e-12,-5.82390296583436e-12,-5.92244339045478e-11,-4.90977524826348e-14,-5.75559565285655e-13,276.182782344886,276.182782344779,368.585049289629,368.585049289376
4.42,89.2909923077839,-5.25000000013171,-1.21900914046371e-12,4.68345949745118e-12,-6.32875980431913e-12,-4.17876819625633e-11,-4.85828788527349e-14,-4.20607992879241e-13,276.190994340642,276.190994340778,368.598018192191,368.598018191607
4.43,89.50124437203,-5.25000000013074,-1.03759454889013e-12,4.61816569809293e-12,-6.66548779632716e-12,-2.61910611824639e-11,-3.96526175733086e-14,-2.86499123036688e-13,276.198143683673,276.198143683606,368.609389678451,368.609389677984
4.44,89.7116381846204,-5.25000000012979,-7.1026977793521e-13,4.55034533548774e-12,-6.84488667396813e-12,-9.33279128598054e-12,-2.40357393999183e-14,-9.32908264528187e-14,276.204334135721,276.204334135908,368.619310748202,368.619310747423
4.45,89.9221737382184,-5.25000000012884,-2.41132655721384e-13,4.48164773872856e-12,-6.86009057531558e-12,6.25649723262671e-12,-1.94452896142042e-15,9.1097702298315e-14,276.209588880046,276.209588880001,368.627821453429,368.627821452737
4.46,90.1328510248727,-5.2500000001279,3.17850205750384e-13,4.41358413219654e-12,-6.74190858103435e-12,1.70063647304715e-11,2.41764263437557e-14,2.19148917762757e-13,276.213963692635,276.213963692853,368.634976477204,368.634976476197
4.47,90.343670036047,-5.25000000012697,8.99647937315954e-13,4.34722574872615e-12,-6.53376805729714e-12,2.4648318620569e-11,5.11926409408348e-14,3.29221459122175e-13,276.217488055804,276.217488056139,368.640836190803,368.640836189638
4.48,90.5546307626388,-5.25000000012605,1.47452583351818e-12,4.28332901202365e-12,-6.25941436509813e-12,3.04366500769051e-11,7.77292037819997e-14,4.30912250326543e-13,276.220201429291,276.220201429766,368.645444667477,368.645444666109
4.49,90.7657331950144,-5.25000000012513,2.02717082195299e-12,4.22246095904827e-12,-5.9367005680311e-12,3.4323162466161e-11,1.03092154276168e-13,5.14809115476078e-13,276.222202201064,276.222202201536,368.648942279261,368.64894227785
4.5,90.9769773230506,-5.25000000012422,2.87365329172242e-12,4.16675970400392e-12,-5.08883152954329e-12,1.15977668794126e-10,1.41786651737997e-13,5.45981662658512e-13,276.223488096065,276.223488096515,368.651322795559,368.651322794134
4.51,91.188363136139,-5.25000000012331,3.8170190011956e-12,4.12195804647263e-12,-4.00124211313099e-12,1.02950052071408e-10,1.84819144448996e-13,5.68813225687581e-13,276.224081040514,276.22408104088,368.652618760393,368.652618759037
4.52,91.3998906232113,-5.2500000001224,4.50378483997247e-12,4.08733526531761e-12,-3.04078503145673e-12,9.02896472692123e-11,2.15864124020751e-13,5.49974128738473e-13,276.224074988893,276.224074989148,368.652963777553,368.652963776325
4.53,91.6115597727845,-5.25000000012149,4.97567277957422e-12,4.06162381321431e-12,-2.20798083633418e-12,7.72147910725014e-11,2.36920896164333e-13,5.05958556301644e-13,276.223465545569,276.22346554575,368.652351695104,368.652351693929
4.54,91.8233705729668,-5.25000000012058,5.2517931085381e-12,4.04351813366368e-12,-1.50950840725977e-12,6.30931583373946e-11,2.48916615017335e-13,4.27318336965188e-13,276.222322993278,276.222322993255,368.650883189706,368.650883188767
4.55,92.0353230114916,-5.25000000011967,5.36485987008211e-12,4.03166749270055e-12,-9.32772103887215e-13,5.39153964186915e-11,2.53397026536751e-13,4.27907275585282e-13,276.220627414129,276.220627414408,368.648541656169,368.648541654917
4.56,92.2474170757107,-5.25000000011876,5.36686590790103e-12,4.02509081844052e-12,-4.56767668899243e-13,4.08891435330613e-11,2.52797442980743e-13,3.14035256132605e-13,276.218417253728,276.218417254104,368.645364825553,368.645364824306
4.57,92.4596527526271,-5.25000000011785,5.21709238582493e-12,4.02252614124561e-12,-1.16733720227766e-13,2.74967903219465e-11,2.45241319300256e-13,2.01989900500132e-13,276.215762062634,276.2157620626,368.641473976239,368.641473975505
4.58,92.6720300289234,-5.25000000011695,4.93207083976482e-12,4.02262826990668e-12,8.64415183280922e-14,1.29843335246108e-11,2.31520374779282e-13,4.54198310906317e-14,276.212655464391,276.21265546445,368.636850811703,368.636850811026
4.59,92.88454889097,-5.25000000011605,4.52162706988536e-12,4.02397809859444e-12,1.49794219333707e-13,-1.6413202831893e-13,2.12112351420593e-13,-9.9925710067561e-14,276.209136574722,276.209136574916,368.631554424497,368.631554423725
4.6,93.0972093248504,-5.25000000011515,4.02651747052933e-12,4.02527974437872e-12,9.26456621899426e-14,-1.12195209438131e-11,1.88924499267209e-13,-2.3479959296302e-13,276.205239419313,276.205239419033,368.625644147574,368.625644147344
4.61,93.3100113163768,-5.25000000011425,3.4762231336173e-12,4.02542453507895e-12,-7.17087145164439e-14,-2.21058727166364e-11,1.63332966404783e-13,-3.92037964591641e-13,276.200963401096,276.200963400952,368.619128676196,368.619128675919
4.62,93.5229548510936,-5.25000000011337,2.88784813538219e-12,4.02336208757387e-12,-3.32650032835992e-13,-3.01483041423852e-11,1.36131888491519e-13,-5.13263043178114e-13,276.196341491014,276.196341490585,368.612039999445,368.612039999536
4.63,93.7360399143037,-5.25000000011249,2.30178755838248e-12,4.01829215826827e-12,-6.62644831748936e-13,-3.6146531464146e-11,1.0918672600527e-13,-6.25176559826413e-13,276.191399770985,276.191399770699,368.604434895788,368.604434895868
4.64,93.9492664910821,-5.25000000011161,1.74345881659624e-12,4.00963607765884e-12,-1.03893903357884e-12,-3.92313328173336e-11,8.36585169495559e-14,-7.01161351202018e-13,276.186155402944,276.186155402558,368.59634108219,368.596341082394
4.65,94.1626345662889,-5.25000000011075,1.23849192081494e-12,3.99708323192314e-12,-1.43761211822355e-12,-4.09666080003873e-11,6.0712209781068e-14,-7.72182665031984e-13,276.180631411892,276.180631411427,368.587788238864,368.587788239201
4.66,94.376144124582,-5.25000000010988,8.14018291828202e-13,3.98052056991315e-12,-1.82514407955879e-12,-3.58275432393354e-11,4.15696251112598e-14,-7.2520288385558e-13,276.174826124728,276.174826124321,368.578791338358,368.578791338613
4.67,94.5897951504254,-5.25000000010903,3.69908861371085e-13,3.95987334236577e-12,-2.42218012880837e-12,-1.18677128613541e-10,2.17404204652611e-14,-7.35746533142567e-13,276.168775991763,276.168775991415,368.569390542776,368.569390543049
4.68,94.8035876281057,-5.25000000010818,-4.45275734739638e-13,3.92943149738312e-12,-3.53141603802853e-12,-1.04244852093702e-10,-1.49614369457047e-14,-7.40858329545402e-13,276.162472865139,276.162472864773,368.559592631239,368.55959263148
4.69,95.0175215417362,-5.25000000010735,-9.72938146127152e-13,3.88874562399605e-12,-4.476354500339e-12,-8.56182941186869e-11,-3.84322829624569e-14,-6.34657257303495e-13,276.15596988916,276.155969888894,368.549475051367,368.549475051502
4.7,95.2315968752812,-5.25000000010654,-1.23330522256015e-12,3.83962267913625e-12,-5.23862682826755e-12,-6.79126494827305e-11,-4.96681565012388e-14,-5.27539817385403e-13,276.149251869849,276.149251869815,368.539016701174,368.539016701023
4.71,95.4458136125582,-5.25000000010573,-1.27675396591627e-12,3.78382156308011e-12,-5.82945384683377e-12,-5.09248616938546e-11,-5.10314956168093e-14,-4.01584147879941e-13,276.142356385329,276.142356385313,368.528277343378,368.528277343112
4.72,95.6601717372501,-5.25000000010494,-1.13243735756912e-12,3.72303176433519e-12,-6.25188387045654e-12,-3.3828964303223e-11,-4.38930470897453e-14,-2.49616299852207e-13,276.135253096846,276.135253096914,368.517216903886,368.5172169034
4.73,95.8746712329114,-5.25000000010416,-8.27204643625263e-13,3.65892741078258e-12,-6.51232207022932e-12,-1.86734316133574e-11,-2.95089287889199e-14,-1.07812196670221e-13,276.128022158175,276.128022158062,368.505959956368,368.505959956008
4.74,96.089312082986,-5.25000000010339,-4.00067307167657e-13,3.59301899711028e-12,-6.62760887863183e-12,-4.30905571763909e-12,-9.68657597086654e-15,5.10212531945609e-14,276.120588061467,276.120588061674,368.494389342772,368.494389342009
4.75,96.3040942707931,-5.25000000010262,1.17185284396098e-13,3.52670284241988e-12,-6.61468536952753e-12,6.45924972885941e-12,1.41077373896035e-14,1.67735183381756e-13,276.11304488894,276.113044889234,368.482656886615,368.482656885708
4.76,96.5190177795658,-5.25000000010187,6.80533717351554e-13,3.46107151661287e-12,-6.49968146884295e-12,1.69489294131132e-11,3.98549325786731e-14,3.13428970277752e-13,276.10535847293,276.105358473401,368.470704402107,368.470704400868
4.77,96.7340825924419,-5.25000000010112,1.28108741963746e-12,3.39713945089367e-12,-6.28981053001805e-12,2.50201660468173e-11,6.71543417645501e-14,4.30237009213519e-13,276.097549450264,276.097549450655,368.458571920977,368.458571919789
4.78,96.9492886924738,-5.25000000010038,1.88959905788314e-12,3.33571599082179e-12,-6.00646250032638e-12,3.20802494583889e-11,9.46753365847889e-14,5.5437338747355e-13,276.089636064526,276.089636065017,368.446285326443,368.446285325056
4.79,97.1646360626391,-5.25000000009964,2.72254812933196e-12,3.27839409874776e-12,-5.29935992683021e-12,1.26444154327318e-10,1.32129552643917e-13,7.00408047532575e-13,276.081607546011,276.081607546349,368.433837233717,368.433837232475
4.8,97.3801246858377,-5.25000000009891,3.90661120765836e-12,3.23215365366928e-12,-4.08264780686842e-12,1.17610834448613e-10,1.85342528117039e-13,7.748190110346e-13,276.073490464586,276.073490465112,368.421261934952,368.421261933449
4.81,97.595754544909,-5.25000000009817,4.81396487985155e-12,3.19752222327013e-12,-2.97561524362265e-12,1.04932201494765e-10,2.25822326066145e-13,7.63018554589268e-13,276.065293920981,276.065293921075,368.408571356161,368.408571355112
4.82,97.811525622637,-5.25000000009743,5.45723245254947e-12,3.17324385422576e-12,-2.00220440710273e-12,9.08575322062378e-11,2.54211401380756e-13,7.20077643345807e-13,276.057020724831,276.057020724992,368.395779161707,368.395779160617
4.83,98.027437901752,-5.25000000009669,5.86224081114601e-12,3.15793252559252e-12,-1.16909597377819e-12,7.66801907192583e-11,2.71738336467494e-13,6.60890179388085e-13,276.048676612783,276.048676613096,368.382889146753,368.382889145556
4.84,98.2434913649339,-5.25000000009595,6.05529876378398e-12,3.15017570628474e-12,-4.79141015503746e-13,6.19505390004725e-11,2.79643901292336e-13,5.72526401287909e-13,276.040254494465,276.040254494762,368.369892335646,368.369892334465
4.85,98.4596859948197,-5.2500000000952,6.0517705753394e-12,3.14850363894037e-12,5.97738132803494e-14,4.61986337415012e-11,2.78664463041367e-13,4.50007218988357e-13,276.031815320133,276.031815320346,368.356879898774,368.356879897775
4.86,98.6760217740226,-5.25000000009446,5.86730039437605e-12,3.15135997906147e-12,4.41743767245575e-13,3.05216045197808e-11,2.6954631555004e-13,3.10776578082983e-13,276.023312074175,276.023312074267,368.34378032739,368.343780326623
4.87,98.8924986851143,-5.25000000009372,5.5356383006398e-12,3.15720524114852e-12,6.76613021283509e-13,1.69294021569299e-11,2.53854053434855e-13,1.88145506119231e-13,276.01474553029,276.014745530513,368.33059950211,368.330599501231
4.88,99.1091167106358,-5.25000000009299,5.09734004886796e-12,3.16468084381734e-12,7.79841678131411e-13,3.55601198733917e-12,2.33453992220598e-13,3.80849865533328e-14,276.006187547928,276.006187547924,368.317444540561,368.317444539983
4.89,99.3258758331195,-5.25000000009225,4.57336838276543e-12,3.17248176649354e-12,7.5920596002456e-13,-7.50208998915463e-12,2.09311554103904e-13,-8.69911781498089e-14,275.997613636748,275.997613636538,368.304270462419,368.304270462194
4.9,99.5427760350782,-5.25000000009152,4.0000451508142e-12,3.17949906110777e-12,6.33537702903474e-13,-1.79869582902758e-11,1.83084431487162e-13,-2.31098560427023e-13,275.988969079059,275.988969078806,368.29100786426,368.291007864216
4.91,99.7598172989943,-5.25000000009079,3.38955272772936e-12,3.18470379469987e-12,4.09185047251268e-13,-2.71564987792664e-11,1.55326634654997e-13,-3.67660329264607e-13,275.980348218283,275.980348218126,368.277788572514,368.277788572338
4.92,99.9769996073569,-5.25000000009007,2.76639333026586e-12,3.18719461572888e-12,1.02750211797226e-13,-3.43945579415245e-11,1.27147273892836e-13,-4.90271451908386e-13,275.97171831257,275.971718312613,368.264559396143,368.264559395915
4.93,100.194322942649,-5.25000000008936,2.16067926798655e-12,3.18627034986834e-12,-2.61550208194309e-13,-3.86162334667082e-11,9.9901787265296e-14,-5.77753123121028e-13,275.963094270407,275.963094270302,368.251355994296,368.251355994254
4.94,100.411787287351,-5.25000000008865,1.62386474457708e-12,3.18155892490115e-12,-6.37678096297135e-13,-3.60409033445023e-11,7.58986710900416e-14,-5.61879535954102e-13,275.954476300711,275.954476300231,368.238166345257,368.238166345625
4.95,100.629392623944,-5.25000000008794,1.19841459892857e-12,3.17325467253858e-12,-9.89089701502255e-13,-3.52133430260255e-11,5.70300681981803e-14,-6.09907957471734e-13,275.945847715473,275.945847715037,368.224971261665,368.224971261966
4.96,100.847138934902,-5.25000000008724,8.37109250457256e-13,3.16146124709876e-12,-1.33413291580409e-12,-3.4059173890855e-11,4.11246704007908e-14,-6.36580198276615e-13,275.93723976552,275.937239765277,368.211813487943,368.21181348811
4.97,101.065026202712,-5.25000000008655,5.34168419863398e-13,3.14628870519331e-12,-1.66740051724069e-12,-3.31961481245577e-11,2.78979106379141e-14,-6.74895035690515e-13,275.928659435388,275.928659435179,368.198700987806,368.198700987929
4.98,101.283054409873,-5.25000000008586,-1.99688180555945e-13,3.12463868491738e-12,-2.68507864556536e-12,-1.13358307633483e-10,-4.41838317497389e-15,-6.47225762567816e-13,275.920099230299,275.920099229809,368.185625620023,368.185625620502
4.99,101.501223538897,-5.25000000008519,-8.43205402663244e-13,3.09194447871233e-12,-3.7161520446994e-12,-9.43264137252872e-11,-3.26294725281549e-14,-5.80794093374415e-13,275.911569755906,275.911569755852,368.172602913576,368.17260291339
5,101.719533572311,-5.25000000008453,-1.19910414824663e-12,3.04993999725527e-12,-4.56565689432105e-12,-7.63300261740416e-11,-4.79176851595001e-14,-4.7440653835884e-13,275.90307950107,275.903079500864,368.159648597893,368.159648597975
5.01,101.937984396711,-5.24999646194099,0.00187160583638374,4.17726745417233e-06,0.00177863161021245,0.445738524032371,8.38295060499725e-05,0.00823309805719248,276.550340822986,275.224922396991,370.003188313296,366.371608862629
5.02,102.15657546165,-5.24993597225412,0.00949943918394918,5.3215136453025e-05,0.00824355924237494,0.842779656156494,0.000425444019136351,0.0136306704701893,275.494240377758,276.369331957724,372.89361872726,363.840319469583
5.03,102.375305677354,-5.24976268075721,0.0201124926643916,0.000186514445909553,0.0181085920317032,1.1391899848351,0.000898364028875336,0.0185500159786445,274.480049021835,278.06013853534,376.107265406945,361.500859263761
5.04,102.594173819757,-5.24943616637244,0.0319141250279202,0.000433404333723982,0.0305701284354098,1.36670740170504,0.00142073390496707,0.0230655536652965,274.013654464694,279.721710043278,379.47855904188,360.127024545872
5.05,102.813178766348,-5.24892459475365,0.0436883238951451,0.000816252303541485,0.0449700805927118,1.52722856140117,0.00193746449029312,0.0270198464085651,274.038007659249,281.182714473409,383.057443508882,359.947431087266
5.06,103.032319652739,-5.24820245295677,0.0545371141507364,0.00135091452157241,0.0607027597027406,1.63683042822589,0.00240821537676624,0.0306642028213916,274.521115169889,282.435948261299,386.777251328317,360.70568594539
5.07,103.251595831675,-5.24724779754416,0.0639457509071806,0.00204811324487338,0.0772977908107845,1.70025398747057,0.00281018413879211,0.0338908361724912,275.303165305216,283.585786813468,390.533772191413,362.099664879767
5.08,103.471006803665,-5.24604081964241,0.071629143912011,0.00291418572388111,0.094386766790802,1.73947958163546,0.00313104975705917,0.0370533229025385,276.238869630213,284.63469073983,394.347140992116,363.78664712272
5.09,103.69055200898,-5.24456143502963,0.0775691820925903,0.00395288050178531,0.111742155075482,1.75288743894358,0.00337054445947716,0.0399689164007729,277.220728402247,285.699928583905,398.137994018742,365.602414595286
5.1,103.910230837768,-5.24278919079037,0.0817802634096443,0.0051655644709102,0.129167824111954,1.75715413797482,0.00352985336474977,0.0430289387011258,278.300178820783,286.662134131555,401.909488384808,367.479839192784
5.11,104.130042410578,-5.24070195643955,0.0844257382040057,0.00655252265761945,0.146566828462883,1.74627455003279,0.00361681323162329,0.0459369071550271,279.408703444131,287.62252068391,405.703186585893,369.465887035008
5.12,104.349985687572,-5.23827672477799,0.0855848672895568,0.00811262171416237,0.163807570270464,1.72871576001104,0.00363544816345375,0.0490941199314539,280.567505195025,288.720304442631,409.656088836136,371.316131410483
5.13,104.570059284605,-5.23548921186999,0.0853987713984528,0.0098439617232833,0.180804287345394,1.69599069675528,0.00359250902784291,0.0520871918430894,281.657337377339,289.991566401868,413.928280393053,373.313028788388
5.14,104.790261756946,-5.23231505337362,0.0839302000990884,0.011743374795299,0.197462063139598,1.66378784389631,0.00349115616856998,0.0553409604701165,282.755188901807,291.117167997208,418.574837275231,375.681830478508
5.15,105.010591350021,-5.22872881350054,0.0813518278112603,0.0138075053723408,0.21374848406071,1.61850464786403,0.00333942146999829,0.0583528612972215,284.135060223587,292.181957402926,423.265042931732,378.546533587362
5.16,105.231046310218,-5.22470541725252,0.0776717003437387,0.0160319031307032,0.229561015305678,1.57126875474056,0.0031379193193137,0.0615904183291077,285.816911598492,293.061932431793,428.087584872502,381.830390632254
5.17,105.451624567597,-5.22021982516803,0.0729782025805805,0.018411691538993,0.244830686278616,1.50554161557204,0.00289082250389577,0.0644894369435167,287.454735663019,293.996716886729,432.774585728697,385.044358403595
5.18,105.672324153556,-5.21524853078551,0.0672094769017373,0.0209404306098133,0.259410357941323,1.43497245865333,0.00259567144802085,0.0675783972125753,289.029024435499,294.720096912697,437.547503414777,388.379114356793
5.19,105.893142704902,-5.20976901966684,0.0604317179924004,0.0236109899138034,0.273227747842686,1.34910820869484,0.00225571531104219,0.0702485158142739,290.695310927806,295.430403858769,442.419732262482,392.158064446926
5.2,106.114078142595,-5.20376058385899,0.0526194379018539,0.0264149667028571,0.286177982901043,1.26240364531482,0.00187008279150275,0.0730915239697351,292.579473158531,295.838645763119,447.333163389552,396.368436708961
5.21,106.335128132905,-5.19720365415239,0.0438636895671178,0.0293436561743751,0.298229454005558,1.16589469148909,0.00144313376533382,0.075457857642825,294.552485089089,296.203175678986,452.191093781144,400.918772588024
5.22,106.556290627438,-5.19008036821077,0.0341763903277916,0.0323875966166365,0.309328230195367,1.07231570911922,0.000975635911397419,0.077995793119095,296.488646940257,296.407045950985,457.159528413958,405.564422049987
5.23,106.777563309715,-5.18237414740185,0.0236386491180691,0.0355373827433343,0.319471721156452,0.971895104367247,0.000471572956996193,0.0800151857187626,298.335733409773,296.91552490432,462.039854306468,410.035665809832
5.24,106.998944191558,-5.17407005962238,0.0123011837694518,0.0387831065410329,0.328620593510783,0.874377996237289,-6.64235274329138e-05,0.082210798907953,300.12042628164,297.254711272446,466.892734289695,414.468517248779
5.25,107.220430948204,-5.16515404586053,0.000301510318705026,0.0421150284495433,0.3367966992513,0.774697799975214,-0.000631901838539175,0.0838529806763856,301.539137402282,297.661929685501,471.77623215194,418.871857054237
5.26,107.442021548089,-5.15561327645753,-0.0122813522298812,0.0455232962354339,0.343994895316533,0.679160391731723,-0.00122101752660179,0.0856770547182234,302.614144998439,297.752090633617,476.7884059909,423.330689849276
5.27,107.663713726046,-5.1454357506528,-0.0253180910118274,0.0489983910421816,0.350251172259792,0.584212951118313,-0.00182774692197419,0.0869169827880639,303.338113753409,297.908640807066,481.684809624751,427.659530395482
5.28,107.885505538729,-5.13461071434968,-0.0387393205083785,0.0525309211543467,0.35558453360384,0.49491114166585,-0.0024487871089317,0.088343880273632,303.553110504974,297.498896518808,486.00416499376,431.48728078155
5.29,108.107394651239,-5.12312828487839,-0.0524300958493339,0.0561120029360273,0.360048184787304,0.408409136642711,-0.00307883216605141,0.0891596797606696,303.495679312843,297.060826028617,489.683273776931,434.865236370746
5.3,108.329379010293,-5.11097980727485,-0.0663348624328873,0.0597330879679104,0.363680797533408,0.328856087763473,-0.0037152144489801,0.0901660513136546,303.339384427647,296.218522682971,493.187069984576,438.322392655968
5.31,108.55145633714,-5.09815748342916,-0.0803511577707455,0.0633862820869971,0.366550529062887,0.254171280681256,-0.00435341504434474,0.0905378835657994,303.284864572659,295.461030742665,496.096900360664,441.582833301434
5.32,108.773624729106,-5.08465453143645,-0.0944199298715327,0.0670642347071813,0.368717798800938,0.187954539308458,-0.00499085048863336,0.0911038291763112,303.355143007665,294.45286485525,498.575489988789,444.672229276036
5.33,108.995882008985,-5.07046491235871,-0.108453213725329,0.0707603917793058,0.370263449340739,0.128572635586567,-0.00562365511066224,0.0914463144363933,303.671970760722,293.607977629668,500.411052795351,447.273947092136
5.34,109.218226080763,-5.05558324661237,-0.122396772467344,0.0744688792467088,0.371245327535509,0.0740245657362124,-0.00624952361703542,0.0911193910811797,304.161896876986,293.139468621608,501.575665048943,449.353854611416
5.35,109.440655160998,-5.04000518781989,-0.136235035411964,0.0781843523528025,0.371725002115428,0.0274978397649049,-0.00686795040425765,0.0909874705953962,304.69825188467,292.476248301478,502.359210937098,451.189380115445
5.36,109.66316719987,-5.02372714086042,-0.149922202445622,0.0819021765437839,0.371761669063969,-0.0160906593687103,-0.00747710010082062,0.0901710255999218,305.290616261076,292.041030229342,502.552684579251,452.63909855026
5.37,109.885760430706,-5.00674629898149,-0.163439406793856,0.0856180913048642,0.37139575151578,-0.0528832680337622,-0.00807633966412853,0.089549442087499,305.912022238083,291.378491559043,502.387002006968,453.906084778441
5.38,110.108432823562,-4.98906043751517,-0.176747274315236,0.0893284703764719,0.370695709629961,-0.0842702489022975,-0.0086641703718116,0.0886818498290782,306.586918379398,290.752242469695,501.7941526989,454.907635635994
5.39,110.33118245683,-4.9706678876062,-0.189837051110033,0.0930301807828934,0.369690414674238,-0.115004370946569,-0.00924040414322199,0.0871090311659247,307.367005500516,290.417498057159,500.645258940488,455.558392853865
5.4,110.554007798616,-4.95156771394616,-0.202704456397816,0.0967202338004509,0.368401182858072,-0.141077104598395,-0.00980509458644341,0.0857344870318966,308.186806272058,289.956301384359,499.184040714836,455.940164040764
5.41,110.776907098519,-4.93175937822355,-0.21531959900417,0.100396008083519,0.366855400139523,-0.167853255072132,-0.0103570878865087,0.0836524121840354,309.050575035172,289.872763764495,497.166681192064,455.832243982223
5.42,110.999878975388,-4.91124285576196,-0.227673377241582,0.104054883294715,0.365051491103948,-0.192284904848942,-0.0108961009661748,0.0817720365253459,309.919387976275,289.639559692118,494.849002455895,455.474133412808
5.43,111.222921802709,-4.89001836805468,-0.239720577212552,0.107694439994141,0.363016221398461,-0.214738969911103,-0.0114202869476804,0.0796418038627721,310.793009022036,289.49006988605,492.136936113584,454.796067788319
5.44,111.446034135283,-4.86808648116766,-0.251470801781593,0.111312410050988,0.360745620343843,-0.241059009908019,-0.0119301618884161,0.0768008256603898,311.680147494125,289.659107436652,488.914007509392,453.714547073979
5.45,111.669215054069,-4.84544854532364,-0.262935541864449,0.114906234359919,0.358214644641291,-0.266324158338853,-0.0124262942920402,0.0741699318125223,312.48237228052,289.621762724779,485.405857322301,452.375866312684
5.46,111.892463316853,-4.82210620014245,-0.274068016301091,0.118473383467698,0.35542976493978,-0.293068025400505,-0.0129066987298754,0.0712965606529546,313.183195933242,289.632601557713,481.524418968319,450.686716459517
5.47,112.115777788056,-4.79806147419774,-0.284879911767817,0.12201112825755,0.352341996270093,-0.328552235460353,-0.0133718879648123,0.0677235587371628,313.809605033883,289.92869220255,477.167254988741,448.593638092807
5.48,112.33915775574,-4.77331747154237,-0.295399674667532,0.125515992794511,0.348887584819918,-0.365519750839602,-0.0138231090412901,0.0643759115789863,314.29961427817,289.997742715648,472.594338738923,446.28117570945
5.49,112.562602124915,-4.74787791176028,-0.305587114678008,0.128984225728985,0.345038701452809,-0.40877105005544,-0.0142585994339598,0.0608058724552065,314.680108836188,290.124638239097,467.767414860225,443.707881470616
5.5,112.78611015856,-4.7217473455782,-0.315479373638952,0.13241137449236,0.340680812526632,-0.469123532702033,-0.014679876191601,0.0565668981481885,314.842230191776,290.3835903081,462.309940100583,440.592066207057
5.51,113.009681893077,-4.69493215174521,-0.325129660562662,0.135791489587818,0.335682296281797,-0.535550771210424,-0.0150891594703207,0.0525852893739058,314.638781619046,290.139484202432,456.323825887539,436.995583640211
5.52,113.233317028482,-4.66743991822016,-0.334489567587747,0.139117862688199,0.329972501976405,-0.613647972614905,-0.0154842481079331,0.0484283969593199,314.280507759021,289.845888920056,450.059693154658,433.151128724479
5.53,113.457015493245,-4.6392799422992,-0.343638818286539,0.14238249655027,0.323356209623442,-0.720168150822864,-0.0158684438644685,0.0436702045383534,313.851287307444,289.714336242801,443.459909342324,429.116204286968
5.54,113.680777855185,-4.6104649917513,-0.352686942458609,0.145574895510669,0.315614173255418,-0.837141265426349,-0.0162463498283918,0.0392368151097786,313.373535508522,289.250601135819,436.779848575754,425.109573981309
5.55,113.90460445565,-4.5810100569952,-0.36154558975029,0.148683247744158,0.306624578701181,-0.972189945005317,-0.0166137899459812,0.0347232805532816,312.498959136024,288.767452068281,430.601290309168,421.257036470665
5.56,114.128496247226,-4.55093251540818,-0.370233884262547,0.151693959090088,0.29616057382338,-1.13534966926265,-0.0169712093012288,0.0297368699487024,311.344587091332,288.415102055021,424.707923546947,417.626302956917
5.57,114.352454981731,-4.52025356261267,-0.378715730487202,0.154591140332182,0.284094583990411,-1.29095844099627,-0.0173167803721169,0.0251981563609618,310.525515577092,287.746284390245,418.7291191996,414.276722094932
5.58,114.576482121132,-4.48899521650184,-0.386605211230849,0.157359244669997,0.270495080239957,-1.44488083652459,-0.0176334660336547,0.0207260302180245,309.648382780875,286.982734137788,412.800006206179,410.943708731837
5.59,114.800579270689,-4.4571795480405,-0.393580034169266,0.15998303287511,0.255389130231259,-1.59384245856767,-0.0179070188429929,0.0163589279435405,308.445578322623,286.000969389452,406.988508286109,407.544781056589
5.6,115.024748161072,-4.42482903541155,-0.399399271030016,0.162447524599883,0.238755811068025,-1.75423616133419,-0.0181268277294351,0.0117292260346102,307.19312878984,285.242670471846,401.735350470483,404.560613763701
5.61,115.248991153296,-4.3919681416946,-0.403849517522407,0.164737101758541,0.220619153748527,-1.8883880874623,-0.018283616533732,0.00769751485878801,305.961745528708,284.329683886276,397.154924826511,402.037478712773
5.62,115.473310459863,-4.35862042318562,-0.406442715324677,0.166838404872456,0.201259739322166,-2.00139881939579,-0.0183563320025946,0.00388854726677266,304.670129587261,283.522965054067,393.250507966747,399.860243688923
5.63,115.697708366659,-4.32480889694428,-0.406993947000357,0.168740167323,0.18081971899196,-2.10794210192656,-0.018337181274495,-6.60448032187982e-05,303.254493566551,282.935426334328,389.969666909493,398.012507581121
5.64,115.922187723233,-4.29055890135497,-0.405461026390026,0.170432154260517,0.159476166647702,-2.17819698092771,-0.0182246556460136,-0.00338325901277113,301.410977753108,282.320050185474,387.81753765511,396.494923003951
5.65,116.146751379568,-4.25589522518492,-0.401527082857117,0.171907428823976,0.137584425430311,-2.21989670602776,-0.0180054118111519,-0.00644672118250571,299.721865073584,281.87416046519,385.997323223996,395.175463000049
5.66,116.371402299877,-4.22084245228596,-0.395153808600395,0.173162035477898,0.115420611469929,-2.23473918376206,-0.0176783655907967,-0.00928154567418856,298.319350372437,281.59658483206,384.402733850488,394.039194102571
5.67,116.596143852723,-4.18542629421381,-0.386470907861076,0.174194364121207,0.0931325483260224,-2.24871732818973,-0.0172497081691799,-0.0122623528207846,296.996087035175,281.53092654697,383.072159255539,393.104484704432
5.68,116.820980022934,-4.14967536402771,-0.375702861773193,0.175003379983765,0.0708263751706618,-2.23448958833032,-0.0167297389629713,-0.0147426912960684,295.760993917976,281.516103641767,382.116229852484,392.288196525807
5.69,117.045914960551,-4.11361867339311,-0.362837916006937,0.175590494844061,0.0487560354895282,-2.20449054134488,-0.0161185074184248,-0.0171132740472575,294.635572889709,281.691102811552,381.362497270919,391.557725834625
5.7,117.270953075432,-4.07728623885679,-0.348166979423472,0.17595860063636,0.0269713038183499,-2.18159952993519,-0.0154291079752791,-0.0197356450385935,293.75973070962,282.041731142724,380.562091498572,391.011044252551
5.71,117.496099457027,-4.04071187481603,-0.332098674392966,0.176110235766012,0.00547301170279793,-2.14306871807892,-0.014679647212976,-0.0220370424398816,293.133770851087,282.397289941977,379.900275382579,390.688183203975
5.72,117.721359504477,-4.00393076177363,-0.314779015455154,0.176049226383235,-0.0155939621272224,-2.09842604719548,-0.0138768262085271,-0.0243623310928354,292.67304723566,282.869156402903,379.363408414591,390.577693896982
5.73,117.946738976588,-3.96697990613358,-0.296593039270203,0.175779896084899,-0.0362718180066994,-2.06941861632333,-0.0130375488929705,-0.0270138546559544,292.300851979574,283.46025726971,378.950500669968,390.764781248751
5.74,118.172244263341,-3.92990028442017,-0.277968717611319,0.175305373327884,-0.056638579828954,-2.03188432285571,-0.0121804953170826,-0.0294576510444341,292.15088120795,284.040080737182,378.678135245051,391.260006295081
5.75,118.397881991553,-3.89273434980458,-0.259088688238789,0.174629253646577,-0.0766601286350646,-2.00568845068829,-0.0113136400413369,-0.0322142980492122,292.16911160294,284.726124693053,378.499921480715,392.112395318206
5.76,118.623659103973,-3.85552711171318,-0.240268629824477,0.17375435576199,-0.0963973258120826,-1.97091522617241,-0.0104506258751845,-0.0347771348073638,292.432338246112,285.434399321981,378.504603583277,393.321817246098
5.77,118.849582586565,-3.81832423013729,-0.221599624111951,0.172684032389372,-0.115802334222371,-1.94332933392791,-0.00959534348283526,-0.0375966873309285,292.923838641061,286.263254499724,378.625298027408,394.929047449217
5.78,119.075659484099,-3.78117277893757,-0.203272503805499,0.171421228335709,-0.134893474062079,-1.90444342896857,-0.00875592636492204,-0.0401845920372115,293.683271434274,287.181434934893,378.984969349817,396.89564665333
5.79,119.301896707773,-3.74411874133289,-0.184960346461868,0.169970428360891,-0.153289998826354,-1.79183006049223,-0.00791826037864965,-0.0414537123966978,294.871908624028,288.165012702936,379.727151226898,398.880367231898
5.8,119.528300169157,-3.7071995908206,-0.165988422155051,0.168342627718465,-0.170366036721867,-1.64704694667835,-0.00705340781412328,-0.0424127359942571,295.946549936949,289.419869682867,380.808779322773,400.697275186773
5.81,119.754875000329,-3.67044785383197,-0.146474620086007,0.16655205879659,-0.186003669512416,-1.50773835122369,-0.00616656292243517,-0.0434952597811321,296.948929540889,290.740613986133,381.820321320219,402.395495075615
5.82,119.981626095818,-3.6338962863205,-0.126818701796822,0.164612610831312,-0.200278940867578,-1.3716151837761,-0.00527497010054691,-0.0445060998924345,297.979056558467,291.913505828682,382.665503171356,404.096357511906
5.83,120.208558069064,-3.59757746698744,-0.10720321367112,0.162537970552051,-0.213158314539336,-1.22749639309835,-0.00438649347834542,-0.0452748703664174,299.278727030725,292.890233876375,383.221154873859,405.852059032903
5.84,120.435675128153,-3.56152207425728,-0.0877965563229194,0.160342268825175,-0.224656415821428,-1.09703019661221,-0.00350835401389832,-0.0461243335350784,300.585815973748,293.85124833279,383.709038213981,407.598251727895
5.85,120.662981163158,-3.52576063524227,-0.068911167636474,0.158038475970324,-0.234909269129735,-0.975133132503074,-0.00265392006532,-0.0468745424887302,302.18431744949,294.709951898207,383.964419375533,409.467758148968
5.86,120.890479806046,-3.49032300482145,-0.0506704598047158,0.155638721920109,-0.243957862875303,-0.853125467407468,-0.00182858057464709,-0.0473694513283645,303.810419156252,295.419778952877,384.419069205981,411.551690716668
5.87,121.118174298837,-3.45523694099562,-0.0331442834820236,0.153154961632485,-0.251848215598018,-0.743371971754701,-0.0010353760957356,-0.0478764297117105,305.463747337575,295.900319292297,384.946031319005,413.962705278398
5.88,121.34606754606,-3.42052892052706,-0.0164485844572344,0.150598144682904,-0.25867469282663,-0.637524804292685,-0.000279472054406462,-0.0482463593673109,307.186851937689,295.870047581014,385.600690263183,416.953107413287
5.89,121.574162159163,-3.38622357230222,-0.000593440443872495,0.147978669861405,-0.264489525112207,-0.539568950060042,0.000438392949700006,-0.0484719727227197,308.679772099161,295.455799678866,386.644544410315,420.314560147967
5.9,121.802460465676,-3.35234327669148,0.014447699372995,0.145306310385061,-0.269339199449516,-0.4420003635454,0.0011189210267388,-0.0484483362622619,309.718225073204,294.723977513365,388.238208748263,423.872670952351
5.91,122.030964505725,-3.31890785008215,0.0287072372675676,0.142590638035695,-0.27325671681066,-0.351885110239852,0.00176314230313879,-0.0484006735505973,310.25622951421,293.624483869,390.161868455395,427.539572392497
5.92,122.259675984386,-3.28593532828706,0.0421538834213304,0.139840620405524,-0.276297065884297,-0.26516687296289,0.00236924235944645,-0.0482292298322708,310.471044201882,292.16045394566,392.155998903437,431.190963235614
5.93,122.488596365004,-3.25344182851991,0.0548287042135245,0.137064871302981,-0.278482207304839,-0.178804040583099,0.00293840529957864,-0.0478598347073571,310.672214299921,290.360240830066,393.79522439324,434.675046984602
5.94,122.717726756775,-3.22144106367712,0.0667722660924391,0.134271879644495,-0.279842223852715,-0.100416928012479,0.00347200689188599,-0.0474898835095229,310.565987989092,288.37325729196,395.285445011906,437.799219001329
5.95,122.9470678733,-3.18994496876196,0.0779911865820842,0.131469399610762,-0.280464139871561,-0.0298189720341513,0.00396996780718657,-0.0470436423191488,309.768671992647,286.25857042461,397.092530946859,440.540378365889
5.96,123.176620158857,-3.15896358071653,0.0885188851267206,0.128664393680305,-0.280423350253616,0.0336204804777224,0.00443371312727157,-0.046534103372026,308.263335916824,284.065687447467,399.160265289912,442.835221078907
5.97,123.406383799588,-3.12850504746221,0.0984082377785684,0.125863148317833,-0.279775677182189,0.0931649468260294,0.00486560190203682,-0.0459116604199849,306.288303921786,281.835677021857,401.207179537438,444.607270290323
5.98,123.636358677662,-3.0985754032172,0.107728795368521,0.123071491118816,-0.27857679123402,0.143917632606351,0.0052686946261632,-0.0453225525038586,304.218881949113,279.606988652212,402.768581532039,445.823937264624
5.99,123.866544302465,-3.0691790829131,0.116499725872552,0.12029444540626,-0.276911098340459,0.187349491694648,0.00564417121594304,-0.0447094068376501,302.075217081644,277.506224023347,403.939544632498,446.419554526832
6,124.096939883569,-3.04031912421459,0.124755086917209,0.11753628145775,-0.274847390925831,0.225109821210647,0.00599399212471418,-0.0440304596367643,299.920599520833,275.637269238517,404.733664715403,446.405355987116
6.01,124.327544366344,-3.01199706190662,0.132545529326893,0.114800687690851,-0.272445078525608,0.255172603434442,0.00632076127869858,-0.0433948093746736,297.752456092092,273.996439746579,405.250108043561,445.894857930914
6.02,124.558356443998,-2.98421331787122,0.139887102089304,0.11209061620913,-0.26977957896042,0.27869005342861,0.00662565674295752,-0.0427528569058933,295.566077086351,272.618783881787,405.614179304163,444.967227228722
6.03,124.789374672198,-2.95696737479327,0.146810493393166,0.109408381359664,-0.266903893402491,0.298178078541396,0.006910484023719,-0.0420691197147696,293.387606434662,271.537459454951,405.875224110448,443.665454244418
6.04,125.020597495541,-2.93025774907286,0.153347862924655,0.106755861599045,-0.263864398902469,0.31133525579349,0.00717708620023257,-0.0414213819971772,291.233059892573,270.767120694542,406.051677926269,442.026067938585
6.05,125.252023220618,-2.90408227324457,0.159528412051678,0.104134300433507,-0.26073069801478,0.318315504393421,0.00742717612785589,-0.0407399795726341,289.185341080295,270.377647402446,406.114868259243,440.03243675636
6.06,125.483650104332,-2.87843805483322,0.165382720017535,0.101544363721284,-0.257551263906495,0.321229806585965,0.00766251097859169,-0.0400855497897923,287.428210439007,270.344703326063,405.883299939821,437.741920229629
6.07,125.715476342938,-2.85332190435509,0.170916547969028,0.0989863455326011,-0.254350962486511,0.322773818036507,0.00788361031573289,-0.0394228412216172,286.00593011622,270.618956956381,405.382550145128,435.239722099301
6.08,125.947500122181,-2.82873043038083,0.176140145343804,0.0964603946045025,-0.251138592374164,0.323999381507092,0.00809113551771392,-0.0387298476770048,284.826133281632,271.184987431912,404.746077159292,432.578056965776
6.09,126.179719637794,-2.80466004243767,0.181059384725013,0.0939666148288409,-0.247919735999093,0.324025797484158,0.00828553337723596,-0.0380477229121334,283.83677094891,272.010300308963,404.039424193184,429.796488107361
6.1,126.412133099456,-2.78110713322099,0.185667438510296,0.0915050219647804,-0.244699972884343,0.324384153991173,0.00846666908115144,-0.0373524530567567,283.032942968385,273.06132105563,403.280531603847,426.939723193411
6.11,126.644738758495,-2.75806804339732,0.189968853120373,0.0890756452491044,-0.241475064907979,0.325279893118634,0.00863484910939517,-0.0366314784082066,282.408601275208,274.303120572721,402.472698674031,424.041882008059
6.12,126.877534898824,-2.73553899322396,0.193966790211732,0.0866785637813505,-0.238241403463789,0.326208861238141,0.00879030122841558,-0.035910552713993,281.954688213326,275.73124824708,401.622384789081,421.08805748932
6.13,127.110519841691,-2.71351625261032,0.197643428873862,0.0843138745799735,-0.234995346256189,0.328094368892906,0.00893235251798137,-0.0351683147005818,281.722284277012,277.327158312659,400.658671710452,418.102637640991
6.14,127.343691958098,-2.69199616655365,0.200987575617493,0.0819817698428994,-0.231725378179965,0.330847816894546,0.00906054502665018,-0.034422191006681,281.695378965979,278.98788301094,399.613901950146,415.171782486495
6.15,127.57704964864,-2.6709751485548,0.203984250741265,0.079682536702579,-0.228421770860555,0.3348349120026,0.00917425371851082,-0.0336634526066897,281.809330157771,280.658013563504,398.557671236084,412.356194105131
6.16,127.810591366214,-2.65044963666377,0.206621938671884,0.0774165785787491,-0.225072256726535,0.340074070005729,0.00927299563728715,-0.0328918010718168,282.023609514416,282.296136431151,397.519526870271,409.691499871741
6.17,128.044315608177,-2.63041605816144,0.208889060786311,0.0751844241636343,-0.221664480403362,0.346446949221432,0.00935627518518318,-0.0321141010066606,282.316590977898,283.862224304383,396.519675353636,407.197318211009
6.18,128.278220916397,-2.61087080999175,0.21077286831287,0.0729867172668568,-0.218187296861834,0.353959719203531,0.00942353960125507,-0.0313302382375987,282.668396911141,285.329654258499,395.559416818346,404.898732434027
6.19,128.512305885927,-2.59181023900037,0.212260794128602,0.070824207992013,-0.214631029094646,0.362304402374657,0.00947424092407732,-0.0305416677052298,283.067698551893,286.6695893315,394.642655148651,402.796707308985
6.2,128.746569156662,-2.57323061470361,0.213342078517606,0.0686977309938059,-0.210988472036946,0.371178791424951,0.00950785287750538,-0.0297539412544557,283.455218884879,287.760033967486,393.822022798721,401.031165115087
6.21,128.981009413663,-2.55512809326378,0.214012236590544,0.0666081845735846,-0.207251699791222,0.38130434855852,0.00952411808750699,-0.0289637501645245,283.761157145633,288.281600151863,393.171950282214,399.880310138728
6.22,129.215625388729,-2.53749858502046,0.214272650030863,0.0645565825875116,-0.203409131189204,0.392108694875567,0.00952312113677328,-0.0281758453030224,284.056714707415,288.446071325961,392.564550809462,399.089966058739
6.23,129.450415878239,-2.52033777219834,0.214115117298251,0.0625440051712658,-0.199457940875955,0.402814700058992,0.00950451858392253,-0.0273996653312496,284.379727639711,288.438338815382,391.913459466813,398.453571121919
6.24,129.685379697368,-2.50364119296382,0.213525698657,0.0605715068232632,-0.195404496133643,0.412777464774452,0.00946772727569123,-0.0266254514666965,284.749046179352,288.344833716548,391.196079855015,397.867676140661
6.25,129.920515669496,-2.48740424492506,0.212494468764514,0.0586400650373003,-0.191258711519783,0.421181612821227,0.00941233510709257,-0.0258674978125469,285.155188432194,288.222462762912,390.415326869791,397.290458682907
6.26,130.15582262487,-2.47162220092532,0.211015651953862,0.0567504917883132,-0.187041444493008,0.427396925325132,0.00933807659107746,-0.0251120255265475,285.583772287014,288.353770138519,389.591209634314,396.424975971947
6.27,130.391299372238,-2.45629011157021,0.209099586460139,0.0549033924538781,-0.182772608871869,0.431722506228182,0.00924540250694468,-0.0243735922467884,286.027926738742,288.622621897506,388.752612214015,395.458357323296
6.28,130.626944743313,-2.4414027926408,0.20675874748864,0.0530992085277587,-0.178462231475112,0.435930058230784,0.0091348493189651,-0.0236346610136779,286.498988402049,288.874486443306,387.926232261998,394.540273660116
6.29,130.862757613496,-2.42695477658909,0.204008424506729,0.0513383414937134,-0.174114797677944,0.439170540014941,0.00900706451329164,-0.0229101501413876,286.974245617886,289.104604537247,387.118743357445,393.676327460465
6.3,131.098736884121,-2.4129403962771,0.200859505585394,0.0496211174293118,-0.169736028726066,0.44244086475644,0.00886251037034379,-0.0221814128970466,287.468757206207,289.263846926032,386.321959367383,392.903251615045
6.31,131.334881496372,-2.39935370304509,0.197335207820852,0.0479478410437494,-0.165330416311073,0.444454313741727,0.00870216741464285,-0.0214644395478686,287.988917322722,289.327445527179,385.511439774158,392.240457659749
6.32,131.571190401363,-2.38618842522488,0.193464988975496,0.0463187130312613,-0.160907816450847,0.446190974712269,0.00852727368420348,-0.0207403746345027,288.510609181577,289.286390591729,384.726851586177,391.691028315968
6.33,131.807662596321,-2.37343787807055,0.189287518205226,0.0447339085099697,-0.15646664889871,0.448276818113781,0.00833944872000041,-0.0200162617361443,288.996559522355,289.146008028881,383.988827360053,391.239076400461
6.34,132.044297094169,-2.36109494198131,0.184836946934805,0.0431936263293196,-0.152005647205055,0.450112879502142,0.00814012247900571,-0.0193003299608514,289.426040110867,288.918523327038,383.306571618385,390.872557674811
6.35,132.2810929545,-2.3491521477442,0.180142705862008,0.0416980482054575,-0.147526451123771,0.452207103807361,0.00793053080679497,-0.0185742039668282,289.79657366696,288.60298975951,382.675524951812,390.566456581357
6.36,132.518049254199,-2.33760161477953,0.175239927493674,0.0402473720367778,-0.143028050142055,0.453773265778262,0.00771215550147502,-0.01785510546251,290.098328720747,288.24477063314,382.08995428254,390.276157596531
6.37,132.755165102377,-2.32643508546157,0.170163853083374,0.0388417387284571,-0.138519223490943,0.454674241452147,0.00748648943156299,-0.0171257970182993,290.333293929376,287.858997333662,381.545261806037,389.973184081636
6.38,132.99243961352,-2.31564380562234,0.164961798943149,0.0374812262112039,-0.134005509977167,0.454828442322813,0.00725552784952612,-0.016403369186384,290.497109526209,287.427228428803,381.043736306979,389.689971016086
6.39,133.229871937139,-2.30521858596739,0.159671945102529,0.0361658563605857,-0.129489217592931,0.455459119978561,0.00702087682197086,-0.0156715452532145,290.587509984103,286.938902994031,380.592752840463,389.424189504624
6.4,133.467461246037,-2.29514981707174,0.154330410049247,0.0348956785279387,-0.124968637563191,0.455523189916058,0.00678404714159073,-0.0149477726113252,290.542666390183,286.402402978229,380.248257880968,389.175592107989
6.41,133.705206749497,-2.28542758382747,0.148963574722105,0.0336707098473951,-0.120446033579638,0.456016964213811,0.00654617041195479,-0.0142176025420847,290.389999957622,285.81945999263,379.971653171735,388.924654356436
6.42,133.943107677745,-2.27604161194489,0.143604924124136,0.0324909761043992,-0.115923465474207,0.455513755013007,0.00630867536545135,-0.0134989991803994,290.153116818749,285.212366819542,379.730222801963,388.652025255149
6.43,134.181163278643,-2.26698132556129,0.138280525343894,0.0313564300113361,-0.111407968930313,0.454691915064389,0.0060726894628386,-0.0127789578325077,289.85210364402,284.641669495272,379.506971330924,388.292398791871
6.44,134.41937282368,-2.25823585955739,0.133016585419992,0.0302669704395125,-0.10690733161292,0.45256080315458,0.00583933591761522,-0.0120752649158571,289.495293849685,284.095025679678,379.294302415201,387.875743015615
6.45,134.657735594597,-2.24979415689451,0.127832631862955,0.0292223900953818,-0.102429960819714,0.450143714418925,0.00560946143084599,-0.0113758626885754,289.096793415514,283.547722280609,379.091013980557,387.430065400267
6.46,134.896250898032,-2.24164497501923,0.122746183960217,0.0282224317981335,-0.0979823732244876,0.446590823331044,0.00538382702939479,-0.0106982129643542,288.659242259406,282.993979383563,378.896320870037,386.97280799741
6.47,135.134918054784,-2.2337770219682,0.117765520694281,0.0272667373348596,-0.0935749399605474,0.442169691282273,0.00516281084387158,-0.0100310011909043,288.194969428887,282.434058847954,378.71087674636,386.509890621246
6.48,135.373736412405,-2.22617894878098,0.112902938340984,0.0263548626010475,-0.0892163325066334,0.43663579603586,0.00494695612363864,-0.00939100643398042,287.707565827596,281.877743990279,378.531428003759,386.042610755382
6.49,135.612705339121,-2.21883941287918,0.108168110379941,0.0254862675953438,-0.0849137728389117,0.431020893927634,0.00473670043166909,-0.00876731736836935,287.220951934385,281.35237411868,378.338840288495,385.54137637404
6.5,135.851824221436,-2.21174703558975,0.103571365366456,0.0246603794284653,-0.0806722890454349,0.424138064597108,0.00453250242551107,-0.008176439224131,286.764748842651,280.917912157486,378.103920823614,384.958462783249
6.51,136.091092463208,-2.20489059259966,0.0991045297845889,0.0238765040838793,-0.076507096519442,0.41570404781782,0.00433404223179652,-0.00760817910492531,286.330587273824,280.53829077939,377.852913944569,384.343196096137
6.52,136.330509490974,-2.19825906191213,0.0947638598236296,0.0231337933722053,-0.072434774851024,0.40537403277534,0.00414119079276832,-0.00707746013648935,285.911930194798,280.186026244071,377.596934153934,383.735585613813
6.53,136.570074751733,-2.19184168707395,0.0905441313659152,0.0224312247507395,-0.0684703538396706,0.394110460517076,0.00395375614809061,-0.0065730696264799,285.518074543949,279.846254566775,377.344963445053,383.154077191119
6.54,136.80978772825,-2.18562793620856,0.0864478255807356,0.0217676723817718,-0.06462349684676,0.381574296238332,0.00377186039897581,-0.00610819356057925,285.131321117452,279.519630951116,377.095994545546,382.600035758084
6.55,137.049647928107,-2.17960756025285,0.0824704096426597,0.0211418902605628,-0.0609060414410226,0.368120111933619,0.00359533375070788,-0.00567147601404075,284.761781616424,279.207043428846,376.851447907259,382.070375481406
6.56,137.289654894774,-2.17377063465363,0.0786079733536503,0.0205525383274246,-0.057326759492498,0.353688041087002,0.00342402922230698,-0.00526890632919226,284.406213371477,278.910615353011,376.606004944186,381.558315575505
6.57,137.529808190017,-2.16810760770666,0.0748527094605393,0.0199981780607618,-0.0538967138390674,0.337948963340578,0.00325763964127854,-0.00490539374221111,284.066584853084,278.633064546414,376.357731398764,381.064112277307
6.58,137.770107406627,-2.16260934268149,0.071200538402508,0.0194772497772327,-0.050626580509027,0.321559246414707,0.00309601731615188,-0.00456875563406915,283.745258786092,278.401120930728,376.103052726789,380.549168227962
6.59,138.010552146476,-2.15726704851557,0.0676543481875096,0.0189881185278069,-0.0475237740702369,0.304211343682634,0.00293929873245171,-0.00426764309386787,283.438900198442,278.257153965478,375.844975872991,379.989729175011
6.6,138.251142033569,-2.15207230295276,0.0642178356703277,0.0185290674033888,-0.0445943703385334,0.286758875045587,0.0027876470583388,-0.00398997968889267,283.152089356469,278.145558286652,375.59054646516,379.429157958917
6.61,138.491876716372,-2.14701701281395,0.0608970366117523,0.0180983638131894,-0.0418386302569984,0.269130031268945,0.00264131575968388,-0.00374325473994135,282.881002602333,278.050160816411,375.339170807161,378.890509363741
6.62,138.732755861793,-2.14209346982271,0.0576934411002624,0.017694264254019,-0.0392564282918043,0.251882410284751,0.0025003673473441,-0.00351606067707802,282.626371350947,277.959172621184,375.092783993669,378.380976644835
6.63,138.973779157835,-2.13729432287147,0.0546116282643696,0.0173150577296207,-0.0368439156993981,0.234856858205403,0.00236498653897185,-0.00331495549420124,282.385285736972,277.872341486491,374.85103276275,377.900483005824
6.64,139.214946312352,-2.13261260331396,0.0516528265697913,0.0169590604619383,-0.0345976584429338,0.21844956515083,0.00223521741608091,-0.00312939143896606,282.157717876865,277.789446446489,374.614078001458,377.443786623044
6.65,139.456257054216,-2.12804169146975,0.0488209471159381,0.0166246457910296,-0.0325117002490877,0.202479054703752,0.00211121040812562,-0.00296522635646124,281.940297527466,277.712586887479,374.380511388128,377.006592333004
6.66,139.697711127223,-2.12357533438011,0.0461168975293037,0.0163102362502079,-0.0305803493443909,0.187343889334316,0.00199298975674296,-0.00281300092089432,281.733076920578,277.640801729485,374.149855854977,376.585137992729
6.67,139.939308284721,-2.1192076040284,0.0435449185421257,0.0160143307966056,-0.0287961622812112,0.172738209687637,0.00188071352390619,-0.00267809953363837,281.535294123403,277.576056483364,373.923150200665,376.179640371536
6.68,140.181048297731,-2.11493290661827,0.0411056482393642,0.0157354875709922,-0.0271527128914732,0.159062551107302,0.00177438950908201,-0.00255227018901394,281.347622940386,277.516631655496,373.700537393956,375.788830735595
6.69,140.422930951302,-2.11074596458389,0.0387995562131077,0.015472351486794,-0.0256411725859878,0.146070808499781,0.00167401463466307,-0.00244044273844711,281.17225118364,277.462135791461,373.475486048214,375.411901088579
6.7,140.664956042001,-2.10664184405651,0.0366229709717808,0.0152236422678405,-0.0242534748188077,0.134158504468702,0.00157941355193122,-0.0023356082596506,281.03684908938,277.409012470239,373.21923410084,375.047888293362
6.71,140.907123372443,-2.1026159221086,0.0345741061177556,0.0149881799181533,-0.0229797734606705,0.123003168813261,0.00149048384291135,-0.00224237986763944,280.925488438275,277.358422453925,372.952891770015,374.700046792346
6.72,141.149432756461,-2.09866389357906,0.0326478223640874,0.0147648642357756,-0.0218122674331817,0.112772023229033,0.00140698707874337,-0.00215479148906328,280.824540490798,277.309802410931,372.692447836042,374.369656728881
6.73,141.391884019233,-2.09478174580506,0.0308399487232205,0.0145526823080779,-0.0207426576313714,0.103207217134804,0.00132872406176925,-0.00207700195836602,280.726140961773,277.262770077896,372.444115059531,374.057195566534
6.74,141.634476996928,-2.09096576274438,0.0291441191301339,0.0143506909463342,-0.0197639470671811,0.0944675215843564,0.00125540642818929,-0.0020038833453956,280.627779761485,277.215266812515,372.209858633444,373.762491682689
6.75,141.877211535901,-2.08721249574382,0.0275553969078818,0.0141580252415367,-0.0188686314704819,0.0863382292183241,0.00118680448314612,-0.0019390864243056,280.527340604484,277.166632642373,371.989764410114,373.485232774402
6.76,142.12008749117,-2.08351876182201,0.0260672412806232,0.0139738840756306,-0.0180503390164821,0.078942249853435,0.00112262424563457,-0.00187822049631613,280.424757372631,277.115502246923,371.783360734801,373.224831197437
6.77,142.363104726405,-2.07988161578611,0.024674489401324,0.0137975354829924,-0.0173025721347774,0.0720731744814751,0.00106262905423304,-0.00182442944404245,280.319355625263,277.061917118824,371.590166790138,372.980691410731
6.78,142.606263114246,-2.07629834682288,0.0233707645384213,0.013628302421108,-0.0166198651971068,0.0658330519805329,0.00100653430309121,-0.00177395757584044,280.211220823363,277.004876607421,371.408908736259,372.751556447058
6.79,142.849562534113,-2.07276645292173,0.0221510266511807,0.0134655675903516,-0.0159965483279922,0.0600536167260074,0.000954111097656851,-0.00172943351110363,280.09995392297,276.944598976444,371.238737595418,372.536376071589
6.8,143.093002871784,-2.06928363606056,0.0210093523139371,0.0133087614923495,-0.0154279048760913,0.0548137566862692,0.000905096271414754,-0.00168766661932647,279.986123959959,276.880839135977,371.078803341327,372.334320658226
6.81,143.336584018495,-2.06584777904971,0.0199410431694332,0.013157365445533,-0.014909181107384,0.0499531567897425,0.000859277689014594,-0.00165080925390869,279.869671384614,276.819539900578,370.92839544364,372.13802562748
6.82,143.580305870832,-2.06245694076165,0.0189407561116668,0.0130109007759821,-0.0144363864992,0.0455572244134418,0.000816418271375373,-0.00161617668822656,279.750775817849,276.766415054964,370.787093879711,371.942348265937
6.83,143.824168329194,-2.05910933511302,0.0180043195291407,0.01286893291363,-0.0140052775067943,0.0415165506600097,0.000776330184807554,-0.00158549298101904,279.630138742953,276.710507291346,370.655172275696,371.759160239228
6.84,144.068171298471,-2.05580332486151,0.0171271352413011,0.0127310638101916,-0.0136122474773287,0.0378826946781708,0.000738809890140297,-0.00155654107001142,279.508757041712,276.648193249293,370.532223291144,371.591945420071
6.85,144.312314687989,-2.0525374020762,0.0163059229925926,0.0125969347462084,-0.0132534037555327,0.0346011509452485,0.00070370866181724,-0.00152998359788405,279.387097072561,276.579510114493,370.417885873699,371.440499374766
6.86,144.556598411105,-2.0493101764816,0.0155370850649641,0.0124662214077788,-0.0129256890183813,0.0315886555315699,0.000670866638046297,-0.00150615097173718,279.265988282717,276.505321588637,370.311408292924,371.303718892237
6.87,144.801022385503,-2.04612037064805,0.0148171776691445,0.0123386269073476,-0.0126263555627083,0.0288823432987941,0.000640131664023379,-0.00148351797071437,279.14620169384,276.42677782538,370.21158020818,371.180052642795
6.88,145.045586531854,-2.04296680390738,0.0141436293764568,0.0122138834141682,-0.012352675394167,0.0263971883014224,0.000611388226788089,-0.00146298325502017,279.028507615213,276.345310868541,370.117553317687,371.067595513387
6.89,145.290290774177,-2.0398483858059,0.0135137684311079,0.0120917460770694,-0.0121024189810813,0.024162210836714,0.000584518061317342,-0.0014434255722817,278.913861365676,276.262413526699,370.028315232789,370.965031376632
6.9,145.535135039137,-2.03676410522174,0.0129254615175018,0.0119719937973792,-0.0118733254837495,0.0221173381547245,0.000559425623278886,-0.00142551882094771,278.803006099868,276.179359650439,369.943143925089,370.870652017902
6.91,145.780119255919,-2.03371302563168,0.0123764550201468,0.0118544251068501,-0.0116634773515709,0.0202809472664798,0.000536011541140571,-0.00140847251404122,278.696626485504,276.098377291174,369.86118949005,370.78232558514
6.92,146.025243355958,-2.03069427692817,0.0118648190786072,0.0117388583153667,-0.0114710199891645,0.0186018597804677,0.000514190390797839,-0.00139276130957196,278.595315151855,276.021712292105,369.782156955664,370.697735486602
6.93,146.270507272599,-2.02770705224097,0.0113884692886259,0.0116251275793973,-0.0112944639715792,0.0170764549363606,0.000493871196055848,-0.00137787129880419,278.49951162745,275.953010563058,369.70556233645,370.61324322294
6.94,146.515910941121,-2.0247506022283,0.0109455736791745,0.0115130822671103,-0.0111323343246927,0.0156845635705676,0.000474973533435467,-0.00136409254410438,278.409279710014,275.896647265113,369.631417882164,370.524617024135
6.95,146.761454298206,-2.02182423171045,0.01053422980169,0.0114025851468316,-0.0109833338403336,0.0144264789210075,0.000457414850402537,-0.00135112688953567,278.324947985376,275.847807503576,369.559962410436,370.437924877859
6.96,147.007137282479,-2.01892729526512,0.0101526938308359,0.0112935119613947,-0.0108462215105644,0.0132813353007164,0.000441119549553633,-0.00133908628934444,278.246811918667,275.803948247053,369.491617765374,370.355572404646
6.97,147.252959834901,-2.01605919380611,0.00979924795818483,0.0111857496699157,-0.0107199467737515,0.0122371951422365,0.000426013684985327,-0.00132784638475905,278.174659743132,275.764544530478,369.426248728223,370.278283023984
6.98,147.498921898784,-2.01321937076692,0.00947233837410704,0.0110791951623261,-0.0106035665283235,0.0112828182905839,0.000412030459286539,-0.00131734829525245,278.108359494728,275.729379339201,369.36395665617,370.205504718072
6.99,147.745023419662,-2.01040730837124,0.00917052362812754,0.0109737541623896,-0.0104962516063022,0.010405391242684,0.000399108081465803,-0.00130760375609246,278.047550040846,275.698716369282,369.304533422479,370.1370777724
7,147.991264345191,-2.00762252478198,0.008892470806704,0.01086934008387,-0.010397251990659,0.00960514519020346,0.000387189535903091,-0.00129839454711479,277.992001469081,275.672239738411,369.247939441907,370.07229884124
7.01,148.237644626333,-2.00486457045084,0.00863699595037032,0.0107658737376065,-0.0103058681261799,0.00886997498095999,0.000376224133062241,-0.00128985081363602,277.865071958471,275.574075567637,369.070762928487,369.887194241733
7.02,148.484164149871,-2.00213302691344,0.0084029612675696,0.0106632827198448,-0.0102214060933367,0.0082020529112597,0.000366163319503292,-0.00128161548583132,276.994584015006,274.735979244193,367.816893312513,368.617920157423
7.03,148.730822372415,-1.99942750692701,0.00818942319516894,0.0105615010275926,-0.010143345483988,0.00756532410575786,0.000356967069747643,-0.00127393315500904,274.841792371103,272.627247822138,364.748624961609,365.517648107153
7.04,148.977617950979,-1.99674765716288,0.00799543688784353,0.0104604660583105,-0.0100713939507302,0.00696563471269732,0.000348595861006455,-0.00126632919842072,271.429949129208,269.274548789258,359.870524946652,360.587468159884
7.05,149.224548717595,-1.99409315511116,0.00782024140291307,0.0103601186696524,-0.0100052339384852,0.00638804093485451,0.000341017618805095,-0.00125913891314879,267.040330828082,264.955545269121,353.553963390082,354.204706452766
7.06,149.471611840768,-1.99146370704196,0.00766308792494754,0.010260402950426,-0.00994440439121907,0.00587924704889588,0.000334200546688359,-0.00125177253615913,262.131983107014,260.112037541055,346.436331764618,347.0263089553
7.07,149.718804094461,-1.98885904006007,0.00752352796359,0.0101612684336689,-0.00988845424043274,0.00540583856577555,0.00032812532310681,-0.0012446660097267,257.090682737821,255.116021905683,339.014051406026,339.56218902004
7.08,149.96612212826,-1.98627889910664,0.00740109911653996,0.0100626690671121,-0.00983677194304643,0.00502215793146195,0.000322771696781819,-0.00123715887739462,251.879800099022,249.943436625148,331.33224327315,331.84342631019
7.09,150.213562485078,-1.9837230409982,0.00729556456168924,0.0099645663789894,-0.00978874164108455,0.00465776530643879,0.000318128786030225,-0.00122976281872125,246.604625417434,244.71498499778,323.583939836274,324.049392306764
7.1,150.461121674782,-1.981191237587,0.00720615004367933,0.00986692510890359,-0.00974401048042561,0.00436350778227165,0.000314164403504604,-0.00122176665179498,241.345671166006,239.508199105595,315.88040765086,316.294629179859
7.11,150.708796226762,-1.97868327227334,0.00713236755607468,0.00976971645818149,-0.00970186712961047,0.00412844645165006,0.000310857330787723,-0.00121380159924051,236.15127730693,234.367141768595,308.282501163673,308.645055240471
7.12,150.956582719018,-1.97619894105408,0.00707330541929219,0.00967291779945584,-0.00966169385384174,0.00395969196261171,0.000308169217068227,-0.00120552638990422,231.045408692714,229.312906260284,300.820253289399,301.133155829042
7.13,151.204477793105,-1.97373805163284,0.0070281810450797,0.00957651310977973,-0.0096227774350182,0.00387489240476577,0.000306066741765706,-0.0011965311420367,226.037013275031,224.353544724279,293.506326239006,293.772029273373
7.14,151.452478201578,-1.97130042018682,0.00699606807520199,0.00948049389270371,-0.00958447774431525,0.00383061104794603,0.000304510709085204,-0.00118761352439262,221.614582147572,219.976347494178,287.04612765378,287.271148620481
7.15,151.700580996229,-1.96888587376046,0.00697558566839851,0.0093848562720389,-0.009546284773493,0.00386428540937116,0.00030344353044162,-0.00117799741216523,217.731442615418,216.134277913513,281.289174109377,281.478700545837
7.16,151.94878356366,-1.9664942471437,0.00696556583541196,0.0092896037698639,-0.00950747864816245,0.00393369624529879,0.000302815846638753,-0.00116853641139462,213.814563224938,212.256977905147,275.53402215726,275.689568733578
7.17,152.197083322581,-1.96412538681413,0.00696462884211021,0.00919474392049308,-0.00946773470489873,0.00405416432419466,0.000302570354400269,-0.0011584509734145,209.846770095598,208.327594890247,269.739935023427,269.862050482581
7.18,152.445477670422,-1.9617791479625,0.0069715669709563,0.00910028849095971,-0.00942674094469668,0.00417352767164141,0.000302656670147001,-0.00114864460288892,205.838181272947,204.356770247571,263.911110474759,264.000567888114
7.19,152.693963984004,-1.9594553976886,0.00698484151367446,0.00900624993004137,-0.00938441065804789,0.00432670923012393,0.000303011332210809,-0.00113830135842689,201.808318213955,200.363549593504,258.073228634332,258.130761135987
7.2,152.942539631345,-1.95715401151216,0.00700324183320382,0.00891264317317264,-0.00934058078036296,0.00446420759506336,0.000303584010192768,-0.00112834171901227,197.778483318283,196.369432732055,252.258302742982,252.285133815647
7.21,153.19120198635,-1.95487487538481,0.00702534366529494,0.00881948232614172,-0.00929531623706821,0.00462105044353267,0.000304316055307541,-0.00111791863901173,193.768911702274,192.394157152206,246.497188123152,246.49453858646
7.22,153.439948442662,-1.95261788160905,0.00705011096918391,0.00872678252733623,-0.00924858415404889,0.00475504765936366,0.000305164357185109,-0.00110795858108079,189.796412980029,188.4547820973,240.815622903483,240.785064574789
7.23,153.688776425823,-1.95038293108129,0.00707629199498433,0.00863455734362354,-0.0092004874376483,0.00490230164969693,0.000306077335930317,-0.00109758356368213,185.874544388718,184.564505439704,235.233663405793,235.176661798212
7.24,153.937683402609,-1.94816992918733,0.00710304625721722,0.00854282106010474,-0.00915101752905798,0.00502154626413281,0.000307019870909448,-0.00108772142885688,182.013020452052,180.733354273261,229.765541475047,229.683783627113
7.25,154.186666887557,-1.94597878804597,0.00712933227621239,0.00845158592201963,-0.00910033770453325,0.00515283239192831,0.000307949022366154,-0.00107747388085945,178.219071153789,176.968276336432,224.421227776252,224.316201662299
7.26,154.435724447552,-1.94380942233089,0.00715453944788849,0.00836086458320156,-0.00904845742185518,0.00525418068065723,0.000308839055891468,-0.00106776390412577,174.497224706463,173.274138481689,219.20681836217,219.080157388825
7.27,154.684853704804,-1.94166175154761,0.00717785555152538,0.00827066748105473,-0.00899555248517607,0.00536681448207497,0.000309656403000402,-0.00105767860707312,170.85066671349,169.653886569723,214.126005801415,213.979129111251
7.28,154.93405236608,-1.93953569566732,0.00719889907326586,0.00818100532946364,-0.00894164146594336,0.00545241311718718,0.000310384654809049,-0.00104813494966108,167.49199010118,166.319894955888,209.461995854123,209.29771162322
7.29,155.183318440833,-1.93743117578068,0.00721706072961421,0.00809188648941056,-0.00888690369187613,0.00556424803834926,0.000310998303714343,-0.00103821213163234,165.418286197898,164.26638408751,206.482165294318,206.30875985439
7.3,155.432650536731,-1.93534810806633,0.00723210305908526,0.00800332117949579,-0.00883112855139285,0.00564838027481514,0.00031148624555091,-0.00102881863358883,163.318964080205,162.18593957777,203.526012216844,203.344724749737
7.31,155.682047297932,-1.93328641082041,0.0072435755457621,0.00791531837709608,-0.00877444449909503,0.00574984599907004,0.000311829636177113,-0.00101904704994686,161.166006672196,160.05097405151,200.541219789743,200.352464605113
7.32,155.931507353783,-1.93124600056276,0.00725145679385002,0.00782788776347301,-0.00871686044545437,0.00582034916225684,0.00031202685312981,-0.00100980481514289,158.958965905158,157.861569633255,197.513235144641,197.317286904753
7.33,156.181029309045,-1.92922679448129,0.00725550159593165,0.00774103668754095,-0.00865856962651702,0.00589974270893183,0.0003120676093613,-0.00100018083192385,156.705418763524,155.625141580018,194.44700652509,194.243984382842
7.34,156.430611746756,-1.92722870662497,0.00725585744774582,0.00765477262266271,-0.00859960499389415,0.00594773319924897,0.000311957274988648,-0.00099106953448262,154.415851087785,153.352395242133,191.355372684837,191.145554165177
7.35,156.680253234909,-1.92525165059878,0.00725241843265225,0.00756910068817029,-0.00854015086702737,0.00600631569607811,0.000311691335166771,-0.000981566185121908,152.101702264382,151.054527129721,188.253096117661,188.036709167648
7.36,156.929952333845,-1.92329553600818,0.00724544854508626,0.00748402630981171,-0.00848021316041518,0.00603742340305171,0.000311279995127527,-0.000972551308930567,149.773625814313,148.742387852695,185.153771902613,184.931189998681
7.37,157.179707603122,-1.92136027114523,0.00723495718427957,0.00739955294666599,-0.00841993180760427,0.00608352686900118,0.000310723512615609,-0.000963131539213629,147.441284182523,146.425446044763,182.068940086004,181.840458681488
7.38,157.429517607286,-1.91944575952554,0.00722128959494048,0.00731568476179904,-0.00835928153691294,0.00610412675778629,0.000310035500732161,-0.000954175567540279,145.112780071109,144.112018486789,179.007822516166,178.773831042903
7.39,157.679380920551,-1.91755190316332,0.0072043840477713,0.00723242389311073,-0.0082984967682799,0.0061141279594029,0.000309213654250537,-0.0009452404192029,142.794999038398,141.80885656471,175.977564945204,175.738465027471
7.4,157.929296130391,-1.91567860168101,0.00718459061742797,0.00714977160851131,-0.00823752198313998,0.0061470275864849,0.000308271960621738,-0.000935870275207761,140.49350118635,139.521531733539,172.983628809256,172.739695024469
7.41,158.179261840382,-1.91382574840121,0.00716234186298038,0.00706773077535483,-0.00817629027420681,0.00615870371397131,0.000307227732195245,-0.000926920558206511,138.212770433554,137.254745207427,170.030103148303,169.781655048684
7.42,158.42927667234,-1.91199323448763,0.00713773010483689,0.00698630286743766,-0.00811489860939774,0.00618772093576835,0.000306084919374447,-0.000917536020217843,135.956606020548,135.012142824987,167.120023139578,166.867313291102
7.43,158.679339267837,-1.91018094609863,0.00711114608277292,0.00690549036902941,-0.00805328561664513,0.0061966908883251,0.000304859294579661,-0.000908544894486848,133.727968503232,132.796861256175,164.255562339538,163.998894545271
7.44,158.929448333129,-1.90838876706011,0.00708268192586942,0.00682529437803559,-0.00799154453337355,0.00622847642296731,0.000303554856323207,-0.000899108265400864,131.840774988614,130.922001724019,161.82888717931,161.57002972064
7.45,159.179602796454,-1.90661657502899,0.00705270024341126,0.00674571732321228,-0.00792956613557599,0.00624705371183478,0.00030218611943116,-0.000890035823324861,130.402459125017,129.49481870481,159.977679642467,159.719026762286
7.46,159.429801792914,-1.90486424450498,0.0070213294601107,0.00666676136050534,-0.00786727613495411,0.00629878805753857,0.000300758356983301,-0.000880504945278404,128.93539323996,128.039113531297,158.111014748731,157.851909504358
7.47,159.680044449524,-1.90313164370759,0.00698906712743364,0.0065884310284584,-0.00780456593806708,0.00631784208514002,0.000299291986484862,-0.000871301341828331,127.446760779076,126.565447756236,156.232992656304,155.969674326758
7.48,159.930329887497,-1.90141863879211,0.00695594341600011,0.00651072864835889,-0.00774165374542313,0.00635097195067803,0.000297789254024517,-0.000861624773421884,125.941524599855,125.076861515352,154.340516636838,154.07123181815
7.49,160.180657220105,-1.89972509080379,0.00692242300889891,0.00643365725600377,-0.00767843555397063,0.00637364375392393,0.000296269275630668,-0.000852260356282521,124.426588087769,123.578655644711,152.436702675555,152.161395772305
7.5,160.431025554713,-1.89805085815158,0.0068885922776057,0.00635721921271026,-0.00761496268639504,0.00641194006612029,0.000294736090343969,-0.000842440133308451,122.909204040104,122.075689436578,150.526577712421,150.247587693901
7.51,160.681433995999,-1.89639579508004,0.00685477699922699,0.00628141828362223,-0.00755107352747736,0.00644813426752777,0.000293202901494861,-0.000832953661986441,121.395289492586,120.572262026458,148.615877421924,148.3370205677
7.52,160.931881648876,-1.89475975400053,0.00682095686201564,0.00620625821784615,-0.00748678405868536,0.00649820112322472,0.00029166933002672,-0.0008230430964073,119.888857445074,119.074553561651,146.71057364676,146.433333028
7.53,161.182367620957,-1.89314258443805,0.00678721675334993,0.00613174355233241,-0.0074220944492427,0.00652308258489451,0.000290139108214066,-0.000813466308139936,118.393297784934,117.58719427172,144.815285256117,144.540122154581
7.54,161.432891024572,-1.89154413665116,0.00675334675900314,0.00605787701657164,-0.00735714184350657,0.00655925647686561,0.000288604289214584,-0.000803470618019865,116.911445322217,116.113362705733,142.933613074095,142.660560671012
7.55,161.683450978349,-1.88996425918104,0.00671941162008676,0.00598466185191879,-0.0072919001467547,0.00657583426084146,0.000287067652632679,-0.00079379397859587,115.445412599222,114.655425536395,141.068369934331,140.797345738952
7.56,161.934046608573,-1.88840279791065,0.00668871799342856,0.0059121080510442,-0.00722059871180037,0.0102614111181734,0.000285655197987734,-0.000783678305808005,114.018164777106,113.192914863728,139.188938191087,138.986606836594
7.57,162.184677051692,-1.88685903041225,0.00675307009116661,0.00584073416463348,-0.00705957410987064,0.017664626051473,0.000287914616049617,-0.000773328503204556,112.506856969606,111.856587070872,137.459519923912,137.058953631933
7.58,162.435341443451,-1.88533216000734,0.00680127486867451,0.00577109382624272,-0.00688641461628054,0.0170816158437415,0.000289459927778211,-0.000769841866191625,111.047534497697,110.509599504913,135.699445281449,135.203876362359
7.59,162.686038937758,-1.88382221026904,0.00679841565125185,0.00570314409552457,-0.00672200481963784,0.0158836491557578,0.000288928365688263,-0.000771041958347456,109.643408642888,109.146628844941,133.928836071608,133.406898725253
7.6,162.936768699363,-1.88232928069781,0.00674939312052978,0.0056367676613445,-0.00657095420807572,0.0144101944065866,0.000286535013096323,-0.000774615319135011,108.274113467469,107.784970019259,132.169566294141,131.653045584157
7.61,163.187529899388,-1.88085342298048,0.0066629642025759,0.00557181771807057,-0.00643550935983683,0.0127630547964131,0.000282644539759126,-0.000780531894348192,106.889679416317,106.390987367534,130.381364408341,129.88611988523
7.62,163.438321701917,-1.87939463874659,0.0065474162939467,0.00550812934550251,-0.00631712019575781,0.0110167972794495,0.000277600260475086,-0.00078740215489424,105.515116402475,105.004586603099,128.603391115062,128.130822113294
7.63,163.689143277396,-1.87795288900065,0.00641050311882507,0.00544552811666251,-0.00621640992946764,0.00923323797414197,0.000271721236406342,-0.000795249999529197,104.035213760741,103.516521743331,126.646321440997,126.191985304274
7.64,163.939993734801,-1.876528103945,0.00625939231316274,0.00538383728646289,-0.00613312847845799,0.00753764489054558,0.000265300413586298,-0.000802813310897666,101.891538853607,101.369370197281,123.911217818765,123.46865353849
7.65,164.190871861046,-1.87512018526972,0.00610106866574869,0.0053228885016047,-0.00606615735456369,0.00596722972803387,0.000258621003436264,-0.000810277704674457,99.8629549332859,99.3419363803564,121.330674704253,120.895491403527
7.66,164.44177642988,-1.87372901040657,0.00594149491325851,0.0052625266057517,-0.00601392795624515,0.00458477337614483,0.000251923288416939,-0.000816921669755551,98.0061694541729,97.4881697640907,118.960289330181,118.530943941268
7.67,164.692706311418,-1.87235443558847,0.00578604868254492,0.00520261539178159,-0.00597430079850165,0.00344058243073216,0.000245422413439817,-0.000822108969115862,96.3097418771284,95.7947823588103,116.78825105342,116.364874781299
7.68,164.943660470897,-1.87099629751246,0.00563918807476117,0.00514304177132841,-0.00594499466999692,0.0025045802833347,0.000239295632429364,-0.000826272537262541,94.7417896542665,94.2295955479755,114.776706214836,114.359623590926
7.69,165.194637952083,-1.86965442121306,0.00550412454683267,0.00508371385272684,-0.00592387803616669,0.00179959624079844,0.000233669767302288,-0.000828613952050302,93.2682252450158,92.7588621881677,112.884655943816,112.473714634138
7.7,165.445637857637,-1.86832862219638,0.00538342919945258,0.00502456225938773,-0.00590873396161308,0.00130205886800206,0.000228645255496062,-0.000829665674517627,91.8610987871554,91.3554725963988,111.079220671252,110.673339028969
7.71,165.696659332755,-1.86701871041633,0.00527878252119265,0.00496553829214065,-0.00589756215621097,0.00099616560653807,0.000224286978729794,-0.000828728781142451,90.4990883907743,90.0012538928836,109.340911379814,108.935776974085
7.72,165.947701553815,-1.86572449241641,0.00519107553071956,0.00490661196712299,-0.00588867157527204,0.00084231016665111,0.000220628358078082,-0.000826423111063142,89.1722214027225,88.6851981889783,107.65468794524,107.247350668532
7.73,166.198763721174,-1.86444577625421,0.00512052563347094,0.00484776904043482,-0.00588043215595058,0.000869280526455127,0.000217675438365041,-0.000822174024266017,87.8771110350784,87.4018552222461,106.012193899169,105.601697476749
7.74,166.449845055105,-1.86318237008199,0.00506702991443948,0.00478901256776757,-0.00587121277930679,0.00102936778884766,0.000215421058861685,-0.000816687934471893,86.6131198705793,86.1495238823435,104.410606616222,103.997037308895
7.75,166.700944794403,-1.86193408627644,0.00502968326034337,0.00473035920093918,-0.00585973744053802,0.00132428272935078,0.000213826178026193,-0.000809484328460286,85.3807154522286,84.9282514178573,102.849915689699,102.433741933982
7.76,166.952062196461,-1.86070074131115,0.00500732644502224,0.00467183834995132,-0.00584487800916495,0.00170055985099756,0.000212841555724078,-0.00080130852800669,84.180494643106,83.7386315093244,101.331021051188,100.912737604298
7.77,167.203196537739,-1.8594821592842,0.0049982305097777,0.00461348791991427,-0.00582586590497463,0.00216111300694244,0.000212395491052348,-0.000791719962390222,83.0128265758206,82.5810533266472,99.8546338847501,99.4347147134514
7.78,167.454347114226,-1.85827817074984,0.00500062947769488,0.00455535359322281,-0.00580205641160345,0.00265688230069134,0.000212414837797115,-0.000781474199710555,81.8776520972483,81.4555185418813,98.4209228380094,97.999809720701
7.79,167.705513241663,-1.85708861523871,0.0050124038015201,0.00449748498693343,-0.0057731152627476,0.0031953458204503,0.000212812675294129,-0.000770152190113385,80.7745352477436,80.3615559006693,97.0294263993117,96.6075966844959
7.8,167.956694255458,-1.85591333918684,0.00503157928576126,0.00443993538872622,-0.00573878762266046,0.00373215931324692,0.000213507972395209,-0.000758504437922096,79.7027077078767,79.2984000743953,95.6792575554121,95.2572004962015
7.81,168.207889510386,-1.85475219771417,0.00505598249308006,0.00438275836181129,-0.00569908812952334,0.00427817097491479,0.000214412133611487,-0.000746117415051108,78.6612096256548,78.2650433886601,94.3692085843145,93.9474573012105
7.82,168.459098380124,-1.85360505208657,0.0050837058065327,0.00432600783066482,-0.00565407588564535,0.0047931212685021,0.000215447302699396,-0.000733721991342639,77.6490044478867,77.2604639477542,93.0980228483351,92.6770999497267
7.83,168.710320256726,-1.85247177110956,0.00511275016837584,0.0042697350905227,-0.00560403650572489,0.00529206324530973,0.000216532381008833,-0.000720895289250825,76.6650673325622,76.283582827207,91.8643118151458,91.4448005620556
7.84,168.961554410915,-1.85135222880898,0.00514149414287813,0.00421398950035373,-0.00554924333836177,0.00572933672972745,0.00021760166095486,-0.000708336813083769,74.7035758691167,74.32761449695,89.4504210194686,89.0317407296732
7.85,169.212799664842,-1.85024630652451,0.00516833370127646,0.00415881489787051,-0.0054902985221198,0.00612940880879411,0.000218590778321424,-0.000695605743007428,72.6820534607285,72.310937471976,86.9626889111138,86.5453934717435
7.86,169.4640548334,-1.84915388822101,0.0051920513957585,0.0041042504888002,-0.00542770308208409,0.00646193610021923,0.000219450610117742,-0.000683355799065116,70.9398394162703,70.5734230785796,84.8137861257656,84.3986002935943
7.87,169.715318886115,-1.84807486131641,0.005211412567514,0.00405032926917495,-0.00536203126315322,0.00675430650551761,0.000220131526117825,-0.000671112754061689,69.4698602573803,69.1080491438739,82.9976627590384,82.5852207207924
7.88,169.96659095367,-1.84700911416985,0.00522556775818896,0.0039970798118318,-0.00529374984795983,0.00698222046879071,0.000220599285917589,-0.000659495088674066,68.2216130300286,67.8643130376598,81.4537811197766,81.0445720429346
7.89,170.217870301967,-1.84595653747749,0.00523367351726872,0.00394452475553092,-0.00522342316143281,0.00717076283823826,0.000220820192979762,-0.000648008341318288,67.134168935431,66.7812461182841,80.1079944017575,79.7024165228376
7.9,170.469156295985,-1.84491702172456,0.00523528303272387,0.00389268235004023,-0.00515151952156195,0.00729487635709853,0.000220776416900113,-0.000637237936812747,66.1543560349038,65.805671743601,78.895501857266,78.4938240962124
7.91,170.720448367099,-1.84389045852177,0.00522995520533425,0.00384156491936985,-0.00507859869238756,0.00738068411288257,0.00022045063589254,-0.00062666869124,65.2438048614828,64.8992071591526,77.7695748635509,77.3720129078124
7.92,170.971745989034,-1.84287673810892,0.00521762692373571,0.00379118052529126,-0.0050051068515906,0.00740566566227484,0.000219840604557463,-0.000616853688157793,64.3790254010736,64.0383798242273,76.7017174547961,76.308400607339
7.93,171.223048662977,-1.84187575088861,0.00519814848720306,0.00374153151252254,-0.0049316220088135,0.00738218777357919,0.000218940920530769,-0.000607526878916879,63.5482240776686,63.2113921403864,75.6776150543877,75.2886594219016
7.94,171.47435591002,-1.84088738645691,0.00517177173925974,0.00369261555675097,-0.00485850374912075,0.00733658951645526,0.000217762080517608,-0.000598402408173138,62.7472084347851,62.4140067899681,74.6920000319508,74.3075686222685
7.95,171.7256672684,-1.83991153078402,0.00513893121438953,0.00364442761445828,-0.00478606560430152,0.00724263468278906,0.000216321907477148,-0.000589998766485522,61.9757664239814,61.6459306069486,73.7443048728784,73.3646151915558
7.96,171.976982293275,-1.83894806850861,0.00509995594962857,0.00359695842999921,-0.00471468088300628,0.00713038540884332,0.000214634187490709,-0.00058176397969998,61.2348823086407,60.9082904723468,72.8358579400842,72.4609975350902
7.97,172.228300557477,-1.83799688096796,0.0050554483051565,0.00355019650789756,-0.00464457858937553,0.0069811404561817,0.000212723492649447,-0.000574192470904284,60.5255162316394,60.2021097438367,71.967729215823,71.5977021188152
7.98,172.479621652291,-1.83705784799056,0.00500589117541158,0.00350412715527698,-0.00457602497767437,0.00682462701268704,0.000210609746444621,-0.000566725740263394,59.8479426884627,59.5276806682357,71.1400330662174,70.7748494888025
7.99,172.730945187732,-1.83613084603305,0.0049519974450582,0.00345873452708032,-0.00450913922157443,0.00664207168944243,0.000208321902920779,-0.000559846279444329,59.2015808462272,58.8844409355242,70.3518695060165,69.9914932363388
8,172.982270792288,-1.83521575010065,0.00489432282216775,0.00341400066337525,-0.00444408203571337,0.00646240905070228,0.000205882738557533,-0.000552994702205346,58.5852237282738,58.2711940085732,69.6015591883855,69.2459669080278
8.01,173.233598112237,-1.83431243201469,0.00483361983740874,0.00336990747012159,-0.00438086933760569,0.00626910798105487,0.000203322712705923,-0.000546647876000891,57.9972620554043,57.6863492526762,68.8869923775565,68.5361098955928
8.02,173.484926810812,-1.83342076193908,0.00477053083908716,0.00332643599426939,-0.00431952782771584,0.00608696239275458,0.00020066799121691,-0.000540244960975871,57.4355564356444,57.1282584977514,68.2064895204186,67.8597325956485
8.03,173.73625656726,-1.83254060673739,0.0047057615564738,0.0032835678179832,-0.00426006718539479,0.00588990607192626,0.000197947332809939,-0.000534259912051765,56.8983506037062,56.5951809731149,67.5576494997531,67.2144678910334
8.04,173.987587075801,-1.83167183252076,0.00463986021205531,0.00324128365831022,-0.00420249378428135,0.00571279853518045,0.000195183149583794,-0.000528143796611334,56.3843468669011,56.0854263604865,66.9378812213709,66.5981301742066
8.05,174.238918044405,-1.83081430258664,0.00457353414931213,0.00319956575641329,-0.00414666178517314,0.00553518028186427,0.000192403959481189,-0.000522378447241795,55.8923252932359,55.5976034167463,66.3451962026381,66.0088598787384
8.06,174.490249193834,-1.82996787960647,0.0045072316760131,0.0031583967325267,-0.00409250108017061,0.00538114439199906,0.000189628004314433,-0.000516429320041118,55.421207770528,55.130575041198,65.7779959990624,65.4451416277968
8.07,174.74158025687,-1.82913242441552,0.00444149082649661,0.00311776110331235,-0.00403984900975167,0.00522729727691945,0.000186876923295387,-0.000510783080216197,54.970041570778,54.683373618156,65.2349730161557,64.9056499013831
8.08,174.992910977681,-1.82830779842719,0.0043765861501528,0.00307764384597212,-0.00398863105380738,0.00509731265343396,0.000184161896386666,-0.000504912942133873,54.5379996030091,54.2551738154507,64.7149937493005,64.389279748375
8.09,175.244241111278,-1.82749386234686,0.00431289470713562,0.00303803187072166,-0.00393868036535667,0.0049680315778457,0.000181498000254341,-0.000499308651082509,54.124323992853,53.8452205834356,64.2170628428158,63.8950014545568
8.1,175.495570423038,-1.82669047841029,0.00425054726469142,0.0029989125970272,-0.00388991844214773,0.00486259708517702,0.000178890537267053,-0.000493451953896455,53.7283064764984,53.4528122958719,63.7402385112648,63.421898439774
8.11,175.746898688259,-1.82589750890674,0.00418979841449139,0.00296027535946425,-0.00384218541108597,0.00475688115587404,0.000176349573378324,-0.000487837010493828,53.3492792391713,53.0772836148713,63.2836675272641,62.9690828468284
8.12,175.998225691749,-1.82511481823181,0.00413066884059263,0.00292210992507942,-0.00379540841533941,0.00467478386758677,0.000173875903634519,-0.0004819537930211,52.9865994681197,52.7179997607303,62.8465161983274,62.5357453370132
8.13,176.249551227434,-1.82434227140086,0.00407330088171554,0.00288440796591265,-0.00374942510905255,0.00459266653089793,0.000171475008814805,-0.000476300366712413,52.6396329344244,52.3743311169669,62.4280032951466,62.1210670061363
8.14,176.500875097978,-1.82357973604748,0.00401761566356376,0.00284716158414315,-0.00370416853743321,0.00453286279694247,0.00016914363081762,-0.000470374781923073,52.3077908251632,52.0456991302084,62.0273876561035,61.724329445282
8.15,176.752197114433,-1.82282708077818,0.00396367293196871,0.00281036466045932,-0.00365949252190299,0.00447122635991908,0.00016688390043809,-0.000464678839589284,51.9904756515572,51.7315107167454,61.6439527812313,61.3447779156559
8.16,177.003517095896,-1.82208417705192,0.00391132509583279,0.00277401132323876,-0.00361535007208304,0.0044296996917834,0.000164689782331277,-0.000458716965271806,51.6871378626459,51.4312272121448,61.2770258264075,60.9817620722233
8.17,177.254834869187,-1.82135089745871,0.00386057512928067,0.00273809726095546,-0.00357161778633474,0.00438401288026009,0.000162561124453441,-0.00045299326838298,51.3972429455684,51.1443181811892,60.9259853275705,60.6346218892863
8.18,177.506150268549,-1.82062711752228,0.00381123144667767,0.00270261817667035,-0.00352827263172012,0.00435593500867877,0.000160490133155644,-0.000447016806535635,51.1202720032047,50.8702759516384,60.5902108865555,60.3027594653914
8.19,177.757463135359,-1.81991271392123,0.00376326419882703,0.00266757108632926,-0.00348521600737979,0.00432125465374578,0.000158475357408116,-0.000441292349465549,50.8557248655527,50.6086038447834,60.2691345918957,59.9855683474817
8.2,178.008773317856,-1.81920756635211,0.00371639751908307,0.00263295262971851,-0.00344251013694897,0.00428689340266328,0.000156505731205759,-0.00043558191773875,50.6031439552723,50.3588438101613,59.9622183261955,59.6825278847548
8.21,178.26008067089,-1.81851155702281,0.00367057682468856,0.00259875956867447,-0.00340006819321653,0.00427069715148838,0.000154578856866185,-0.000429635991682636,50.3620542122749,50.1205432032601,59.6689305363543,59.3931001811716
8.22,178.511385055675,-1.81782456838718,0.00362578729311798,0.00256499007777088,-0.00335780909729698,0.0042452224864855,0.000152693910945191,-0.000423963160871279,50.1320152485603,49.8932656396211,59.388787859622,59.116763095386
8.23,178.762686339555,-1.81714648550358,0.00358181590333017,0.00253164184383197,-0.00331576330287127,0.00423183604508602,0.000150842317155623,-0.000418080266982532,49.9126037175412,49.6765955649355,59.1213034874751,58.853056536581
8.24,179.013984395789,-1.81647719429384,0.00353862646211047,0.00249871332465526,-0.00327388515397509,0.00420683667106904,0.000149022463229818,-0.000412488934691032,49.7034008134245,49.4701129014988,58.8660224630718,58.6014909072305
8.25,179.265279103336,-1.81581658321987,0.00349601858079493,0.00246620224882853,-0.00323222437932249,0.00419218787586582,0.00014722632774816,-0.000406705887735897,49.5040087167761,49.2734284981665,58.6224889203647,58.3616364493503
8.26,179.516570346651,-1.81516454143861,0.00345397623750468,0.0024341069440852,-0.00319075093629253,0.00416453511208508,0.000145453153520145,-0.000401230003194255,49.3140370862415,49.0861511222577,58.3902855667058,58.1330407353396
8.27,179.767858015494,-1.81452096046101,0.00341232354259123,0.00240242487102435,-0.00314952708028033,0.00414609243386478,0.000143695944937913,-0.000395576885626825,49.1331072368834,48.907910841125,58.1689793796791,57.9152971938166
8.28,180.019142004734,-1.81388573230992,0.00337107116923229,0.00237115397788548,-0.00310853261071025,0.00411382029863036,0.000141955055924208,-0.000390242624875323,48.9608502221623,48.7383368188614,57.9581755052824,57.7079767800751
8.29,180.270422214173,-1.81325875118266,0.0033300715068592,0.00234029126421267,-0.00306783675901649,0.00409016547835525,0.000140224661178171,-0.000384741488165543,48.7969188650955,48.5770896859478,57.7574758062349,57.5107091587197
8.3,180.521698548365,-1.81263991162189,0.00328936352989149,0.00230983415987268,-0.0030274239057848,0.00405236105794458,0.00013850628192204,-0.000379566828196267,48.6409640345674,48.4238169320826,57.5665023373418,57.3230836512716
8.31,180.772970916449,-1.81202911019008,0.00324882754729071,0.00227977911454894,-0.00298736545376725,0.00402304249276398,0.000136795239849212,-0.000374231522007085,48.4926618403236,48.2782013552766,57.3848831523877,57.1447575955982
8.32,181.024239231983,-1.8114262436592,0.00320852883698815,0.00225012299638489,-0.00294764607934663,0.00397965152027546,0.000135094134105915,-0.000369226510311655,48.3516921464389,48.1399180256037,57.2122653097358,56.9753467331129
8.33,181.275503412786,-1.81083121070239,0.00316837217324063,0.0022208617011763,-0.00290833569113715,0.00394495653871155,0.00013339928556635,-0.000364063451476658,48.2177465153061,48.0086641595182,57.0482907620333,56.8145236533451
8.34,181.526763380779,-1.81024391010551,0.00312844462635828,0.00219199156493543,-0.00286941617241843,0.00389654414401545,0.000131714181217819,-0.000359231297411444,48.0905286756375,47.8841374400742,56.892630304794,56.6619291043137
8.35,181.778019061838,-1.80966424247809,0.00308867009700528,0.00216350798662191,-0.00283095344619094,0.003857263213718,0.000130035918159825,-0.000354240749531922,47.9697589718853,47.766062965441,56.7449489964258,56.5172599700286
8.36,182.029270385647,-1.80909210848666,0.00304915163015608,0.00213540684926933,-0.00279292463942212,0.00380478823928643,0.000128368629470909,-0.00034957922388289,47.855160794016,47.6541569908586,56.604936837104,56.3801773068972
8.37,182.280517285556,-1.80852741058401,0.00300982613845889,0.0021076831507514,-0.00275539025306173,0.00376200268541586,0.000126709935394219,-0.000344756759633621,47.7464734802234,47.5481628708371,56.4722747412187,56.2503948315915
8.38,182.531759698445,-1.80797005126188,0.00297080650484655,0.00208033242880013,-0.00271832167408397,0.00370662140980709,0.000125064361737224,-0.000340259668461454,47.6434550135069,47.4478305940503,56.3466857665683,56.1276075372501
8.39,182.782997564589,-1.80741993479579,0.00293203662625169,0.00205334939522095,-0.00268177342730086,0.00366152608700857,0.000123429803598541,-0.000335597607857764,47.5458642319976,47.3529224653866,56.2278699140041,56.0115489760716
8.4,183.034230827535,-1.80687696551303,0.00289363350766864,0.00202672936110204,-0.00264571095698091,0.00360443540345196,0.000121810944449691,-0.000331256166080394,47.453467611989,47.2631963415864,56.1155533624396,55.9019178685764
8.41,183.285459433967,-1.80634104954911,0.00285554270546059,0.00200046687096692,-0.00261018293122399,0.00355820330052186,0.000120205735627204,-0.000326744853534455,47.3660579272317,47.1784481546286,56.0094708009824,55.7984829353312
8.42,183.536683333593,-1.80581209312637,0.00281788054067631,0.00197455712550849,-0.00257514922274427,0.0035005253036105,0.000118618821207012,-0.000322548877625702,47.2834185281408,47.0984522519818,55.9093637279066,55.7009585808296
8.43,183.787902479023,-1.80529000431763,0.0027805899437342,0.00194899461309054,-0.00254065325705334,0.00345420722862612,0.000117048033384132,-0.000318177850813553,47.2053715548436,47.0230338265442,55.8149953562286,55.609142281114
8.44,184.03911682566,-1.80477469133115,0.00274378286303959,0.00192377452797509,-0.00250665012783526,0.00339690534855578,0.000115497826161213,-0.000314116842317148,47.1317213168547,46.9519880354873,55.7261303928619,55.522771777936
8.45,184.290326331593,-1.80426606427718,0.00270739657559458,0.00189889139770608,-0.00247317890476186,0.00335137639705946,0.000113965789117886,-0.000309875582895689,47.0622898484168,46.885140070712,55.6425285112709,55.4416409725296
8.46,184.541530957482,-1.80376403345383,0.00267153636728457,0.00187434049661074,-0.00244019079393007,0.00329523459651248,0.000112456092863922,-0.000305939132130523,46.9969184083615,46.822322137273,55.5639936715406,55.3655267478356
8.47,184.792730666465,-1.80326851123145,0.00263607010595176,0.001850116324373,-0.00240778141012452,0.00323658761400344,0.000110963606482632,-0.000302063633162006,46.9354527816034,46.7633716324312,55.4903088273561,55.2942398083571
8.48,185.043925424057,-1.80277941163038,0.00260108231919859,0.001826213224942,-0.00237588743888332,0.00319418962597893,0.000109491663932816,-0.000297992388390589,46.8777449223955,46.7081532006468,55.4212863511486,55.2275982238478
8.49,185.295115198062,-1.80229664817849,0.00256669212923281,0.00180262677589065,-0.00234443959157257,0.00314215136336726,0.000108044939825781,-0.000294215547246293,46.8236377710748,46.6565029091334,55.3567306641651,55.1653778119242
8.5,185.546299958475,-1.80182013633055,0.00253281533286096,0.00177935202810097,-0.00231346780801759,0.00310253239179285,0.000106620115265493,-0.000290246390263912,46.7730151711055,46.6083062285377,55.2964702090477,55.1074427698826
8.51,185.797479677397,-1.8013497918518,0.00249953114266704,0.00175638484519379,-0.00228291789746574,0.00305278304611578,0.000105220273880388,-0.000286570195519018,46.7257455519733,46.5634214788657,55.2403382734872,55.0536002668152
8.52,186.048654328955,-1.80088553257711,0.00246674370687736,0.00173372050623381,-0.00225282197646223,0.00301532489111321,0.000103841620864066,-0.000282700436409101,46.6817117844011,46.521735194387,55.1881620201844,55.0037110992469
8.53,186.299823889221,-1.80042727668791,0.00243452488543969,0.00171135508908985,-0.00222312700218398,0.00296762777704796,0.000102486935814287,-0.000279122230313917,46.6408097401533,46.4831352740223,55.1398115356638,54.9576171274902
8.54,186.550988336137,-1.79997494445004,0.00240277314738963,0.00168928407614715,-0.00219386614711115,0.00293212279688912,0.000101152187433653,-0.000275348875260639,46.6029165411546,46.4475040761799,55.0951101749976,54.9151738150539
8.55,186.802147649436,-1.79952845647817,0.00237155603855085,0.00166750373868777,-0.00216498732100459,0.00288628631071594,9.98399745635619e-05,-0.000271865549188076,46.5679478539116,46.414750298379,55.0539526008079,54.8762466160309
8.56,187.053301810582,-1.79908773546343,0.00234076887753714,0.00164600974337111,-0.00213652456462103,0.00285256172573953,9.85461323734794e-05,-0.000268185483274156,46.5357980536535,46.3847742713291,55.0161850726524,54.8407132090328
8.57,187.304450802695,-1.79865270442818,0.00231047715949358,0.00162479853772992,-0.00210842655621113,0.00280842971268399,9.72731714447583e-05,-0.000264793963001646,46.506375803847,46.3574782302658,54.9816937902786,54.8084300211632
8.58,187.55559461049,-1.79822328844534,0.00228057507699469,0.00160386595717247,-0.002080728058224,0.00277634214556471,9.6016876537197e-05,-0.000261204156512293,46.4795933181396,46.3327808936547,54.9503532845084,54.7793024649133
8.59,187.806733220215,-1.79779941288548,0.00225112785056606,0.00158320861114746,-0.00205337843388618,0.00273377454240956,9.47797433494479e-05,-0.000257901559936405,46.4553730412005,46.3105987790699,54.9220666454771,54.7532033516021
8.6,188.057866619596,-1.79738100513047,0.00222203004412524,0.00156282248980541,-0.0020264131688381,0.00270318075191894,9.35575686343896e-05,-0.000254399328799677,46.4336302361918,46.2908541497058,54.89671315407,54.7300423329881
8.61,188.30899479778,-1.7969679928153,0.00219334787823108,0.0015427043501846,-0.00199978236700107,0.00266202604025041,9.2352886799137e-05,-0.00025118323675437,46.414285892209,46.273462526966,54.8741992130553,54.7096950661243
8.62,188.560117745281,-1.79656030553831,0.00216497737051226,0.00152285032205738,-0.00197352232808956,0.00263276482453858,9.11615525194556e-05,-0.000247766444215521,46.3972719551413,46.2583632925324,54.8544260681804,54.6920927235381
8.63,188.811235453929,-1.7961578730996,0.0021369866770996,0.00150325729398903,-0.00194758399127893,0.00259285230957384,8.99861789215937e-05,-0.000244635016439176,46.3825007167366,46.2454636394353,54.8372942149012,54.6771046802152
8.64,189.062347916822,-1.79576062720951,0.00210927407534933,0.00148392151840163,-0.00192200455388359,0.00256474572101743,8.88227133304551e-05,-0.000241302101809737,46.3699212985969,46.2347204500792,54.8227289352618,54.6646858086655
8.65,189.313455128284,-1.79536849972499,0.00208191035481458,0.00146483999772463,-0.00189673584460464,0.00252589385519144,8.76738778315189e-05,-0.00023825402198953,46.3594538990845,46.2260490920199,54.810638957204,54.6547134579695
8.66,189.564557083813,-1.79498142435757,0.00205479665142375,0.00144600908903821,-0.00187181597258369,0.00249876091369605,8.65357384714531e-05,-0.000235003866105886,46.3510311349306,46.2193901527387,54.8009343231849,54.6471270096613
8.67,189.815653780044,-1.79459933490877,0.00202800689066048,0.00142742589073916,-0.00184719762440504,0.00246079457457251,8.5411148269496e-05,-0.000232038145152305,46.3445934196143,46.2146794123178,54.7935522900744,54.6418321769534
8.68,190.066745214707,-1.79422216697844,0.00200144547465195,0.00140908684727286,-0.00182291973772134,0.00243447103429431,8.42963098920232e-05,-0.000228869826063294,46.3400669464776,46.2118511406081,54.7883957881336,54.6387610855021
8.69,190.317831386584,-1.79384985620009,0.00197518977071881,0.00139098913681767,-0.00179893572320004,0.00239724197471712,8.31942208252872e-05,-0.000225985534744749,46.3373988790375,46.2108479613706,54.7854127288456,54.6378300369835
8.7,190.568912295478,-1.79348233995033,0.00194914764854451,0.00137312927660232,-0.00177528516729029,0.00237159952531407,8.21012293977465e-05,-0.000222898056885335,46.3365195992905,46.2116083506567,54.7845125031858,54.6389775687749
8.71,190.819987942171,-1.79311955558487,0.0019234000059691,0.00135550451200946,-0.00175192198620176,0.00233500349271902,8.10204817909067e-05,-0.000220094058792749,46.3373730836516,46.2140717524363,54.7856427832951,54.6421197640982
8.72,191.071058328394,-1.79276144214969,0.00189785816247833,0.00133811142287275,-0.00172888616015636,0.0023099649486405,7.99484716566438e-05,-0.000217086086673978,46.3398933857193,46.2181802533146,54.788717268765,54.6471994936383
8.73,191.322123456786,-1.79240793861825,0.00187260640591938,0.00132094731427367,-0.00170613184022941,0.00227395169940767,7.88884883395031e-05,-0.000214360831657063,46.3440282943626,46.2238770431932,54.7936883195622,54.6541376316046
8.74,191.573183330871,-1.79205898572446,0.00184749720800481,0.00130400867920368,-0.00168375915826998,0.00223488764521233,7.78347508082281e-05,-0.000211676638335766,46.3497238757134,46.2311043447612,54.800483680808,54.6628849500652
8.75,191.824237955023,-1.79171452549553,0.00182260488601894,0.00128729180126095,-0.00166171064923603,0.00221144804438884,7.67901673942295e-05,-0.000208778600863827,46.3569028742585,46.239801534115,54.8090242628647,54.6733639069177
8.76,192.075287334427,-1.79137449906827,0.00179804372062259,0.00127079413448451,-0.00163992374943336,0.00217765114782679,7.57592142695279e-05,-0.000206158200866562,46.3655246572819,46.2499249175508,54.8192774088199,54.6855095834249
8.77,192.326331475062,-1.79103884906806,0.00177372985735088,0.00125451253485178,-0.00161843585174739,0.0021554905906917,7.47385883695624e-05,-0.000203330101820318,46.3755231863758,46.2614135429267,54.8311573736285,54.69926809603
8.78,192.577370383664,-1.7907075179599,0.00174974758695341,0.00123844459360493,-0.00159720063595174,0.00212240366230222,7.3731592402005e-05,-0.000200780581851905,46.3868563261285,46.2742183612743,54.8446295555007,54.7145757850687
8.79,192.828404067701,-1.79038044977775,0.00172601052565165,0.00122258723810863,-0.00157625822055286,0.00210079762001295,7.27348318237582e-05,-0.000198023912421409,46.3994576148448,46.2882791866422,54.8596088964631,54.7313781272018
8.8,193.079432535346,-1.79005758837871,0.00170260384850854,0.0012069381144954,-0.00155556348125598,0.00206816947757991,7.17516526848494e-05,-0.000195545886654205,46.4132759968697,46.3035394175843,54.8760485738865,54.7495979602769
8.81,193.330455795447,-1.78973887916226,0.00167944261339352,0.00119149419565583,-0.0015351572577703,0.00204697723634535,7.07787247433588e-05,-0.000192860116082431,46.4282679182423,46.3199624570001,54.8938942082687,54.7692107714955
8.82,193.581473857509,-1.78942426732267,0.00165661364358619,0.00117625316878944,-0.00151499469847235,0.00201474898541063,6.98194656660481e-05,-0.000190452218229117,46.4443790117707,46.3374885797258,54.9130954821493,54.7901358019837
8.83,193.832486731659,-1.78911369956953,0.00163403351031272,0.00116121204672575,-0.00149511660318989,0.00199397982637175,6.88706100115207e-05,-0.000187835380450628,46.4615510671039,46.356066346042,54.9335763911366,54.8123270444994
8.84,194.083494428628,-1.7888071223814,0.00161179038822487,0.00114636855888187,-0.00147547778892232,0.00196221329943043,6.79356328937092e-05,-0.00018549517777613,46.4797465813682,46.3756526714851,54.9553076253607,54.8357250440081
8.85,194.334496959724,-1.78850448372904,0.00158980181973171,0.00113171976431223,-0.00145611857681779,0.00194196497713558,6.70113098606511e-05,-0.000182944487853423,46.4989097588697,46.3961981956613,54.9782158345842,54.8602867183955
8.86,194.585494336808,-1.78820573133117,0.00156815660122435,0.00111726344438955,-0.00143699319086528,0.0019107744886558,6.61011423949664e-05,-0.00018066901649903,46.5189999013131,46.4176564101298,55.0022668119733,54.8859479930121
8.87,194.836486572274,-1.78791081438155,0.0015467723682553,0.00110299671571696,-0.00141814139275061,0.00189116173651681,6.52019102889932e-05,-0.000178181476630164,46.5399766117216,46.4399930767166,55.0274052134392,54.9126840026805
8.88,195.087473679024,-1.78761968180767,0.00152573760339274,0.00108891742294684,-0.00139951687326546,0.0018606501102751,6.43171025939498e-05,-0.000175967833468742,46.5617816814872,46.4631439960812,55.0535736479576,54.9404077088823
8.89,195.338455670444,-1.78733228400183,0.00150496911633157,0.00107502275034879,-0.00138115899841723,0.00184175519929939,6.34434654355518e-05,-0.000173540738313342,46.5843882713865,46.4870882554956,55.0807318045117,54.9691094385085
8.9,195.589432560389,-1.78704857108259,0.00148455423490172,0.00106131061392437,-0.00136302115695891,0.00181197932440629,6.2584440842184e-05,-0.000171386482853638,46.6077501404822,46.5117734825826,55.1088366199609,54.9987166812741
8.91,195.840404363156,-1.78676849462949,0.00146440822483151,0.00104777827114958,-0.00134514258663493,0.00179383096283858,6.17367117676427e-05,-0.000169017710977722,46.6318289158194,46.537167012783,55.137831494414,55.029203599719
8.92,196.091371093469,-1.78649200594645,0.0014446166891332,0.00103442371213294,-0.00132747665335008,0.0017647922124926,6.09036497822821e-05,-0.000166921042850372,46.6565896511315,46.5632276807895,55.1676873053825,55.0605117724972
8.93,196.342332766455,-1.78621905779907,0.00142509295066111,0.00102124426759861,-0.00131006273117277,0.00174736609594963,6.00818581978489e-05,-0.000164609118755959,46.6819908763202,46.5899195597692,55.1983428796781,55.0926108648755
8.94,196.593289397626,-1.78594960267904,0.00140592065581669,0.00100823799928414,-0.0012928543975138,0.00171901936564796,5.92746284360065e-05,-0.000162568838782448,46.708003071647,46.6172068664776,55.2297728916957,55.1254463564566
8.95,196.844241002859,-1.78568359454279,0.00138701112589358,0.000995402306622907,-0.00127589134733544,0.00170225410823256,5.84784814670299e-05,-0.000160312806583772,46.7345988887759,46.645067675196,55.2619333310449,55.1590051160015
8.96,197.095187598385,-1.78542098707576,0.00136844613859655,0.000982735316855466,-0.00125912750283844,0.00167452791189974,5.76966317854695e-05,-0.000158328131789808,46.7617332165294,46.6734506134314,55.294779617071,55.1932134185233
8.97,197.346129200761,-1.78516173543127,0.00135013523455618,0.000970234490997069,-0.00124260295700264,0.00165834644985938,5.69255266043505e-05,-0.000156127340446059,46.7893859140584,46.7023409073648,55.3282747839918,55.2280651489981
8.98,197.597065826859,-1.78490579449377,0.00133215863820737,0.000957898014216821,-0.00122627199043783,0.00163116390040087,5.61683158823343e-05,-0.00015419767389292,46.8175371757141,46.731712545704,55.3624056064669,55.2635179660105
8.99,197.847997493852,-1.78465312061695,0.00131442451442255,0.000945723401581561,-0.00121017507418482,0.00161549472270663,5.54213890958916e-05,-0.000152051522377004,46.8461427483066,46.7615265985298,55.3971041285738,55.299534703691
9,198.098924219193,-1.78440366988523,0.00129701200147605,0.000933708889001501,-0.00119426680677667,0.00158879565231663,5.46878502297471e-05,-0.000150176189179235,46.8751843006002,46.7917586378389,55.4323580571589,55.3360739114709
9.01,198.3498460206,-1.78415739996979,0.00127976635605943,0.000921851894810468,-0.00117864793071863,0.00155898152638502,5.39616402803511e-05,-0.000148330087957241,46.9046489858545,46.8223896196091,55.4681344944608,55.3731274673629
9.02,198.600762916045,-1.78391426968203,0.00126275313108393,0.000910149621681532,-0.00116326160269773,0.00154472993568825,5.32453275404138e-05,-0.00014625840159561,46.9344930007756,46.8533903575433,55.5043861255666,55.4106509370519
9.03,198.851674923736,-1.78367423680626,0.00124607655625181,0.000898600436501386,-0.0011480459262803,0.00152004130780316,5.25429927721025e-05,-0.00014445324304688,46.9647120984257,46.884752481248,55.5411171745598,55.4486182433929
9.04,199.102582062107,-1.78343726049501,0.0012296414256003,0.000887202100114383,-0.00113303917070634,0.00150689837595391,5.18508768390649e-05,-0.00014242928713936,46.9952710882172,46.9164437003472,55.5782689337401,55.4870035524093
9.05,199.353484349796,-1.78320329963313,0.00121351990227178,0.00087595309957436,-0.00111819597354154,0.00148272014474426,5.11717948184909e-05,-0.000140673478535983,47.0261608984411,46.9484472558723,55.6158371380101,55.5257752257763
9.06,199.604381805645,-1.78297231457839,0.00119761274153465,0.000864851247153442,-0.00110355761950173,0.00146990406151361,5.05018278218234e-05,-0.000138700095419942,47.0573634748138,46.9807495103867,55.6537853589391,55.5649280313204
9.07,199.85527444868,-1.78274426542359,0.00118199206540627,0.000853895062067981,-0.00108908019525437,0.00144593588786903,4.98437900865707e-05,-0.000136995497300903,47.0888612077156,47.0133269211397,55.6921020305796,55.6044213996943
9.08,200.106162298103,-1.78251911372141,0.00116655971750869,0.000843082377209976,-0.00107480591372506,0.00143326368363715,4.91938064850309e-05,-0.000135073339404894,47.1206334673743,47.0461643142861,55.7307470523565,55.6442453535673
9.09,200.357045373278,-1.78229682074013,0.00115138957885023,0.000832411725863395,-0.0010606913352378,0.00140940770428561,4.85547616990897e-05,-0.000133419750651721,47.1526700746093,47.0792461766044,55.7697175169435,55.6843675073936
9.1,200.607923693722,-1.78207734918542,0.00113638558024649,0.000821880952050995,-0.00104677880475572,0.00139685405477222,4.79228635984689e-05,-0.000131547968786859,47.1849502690335,47.1125573560257,55.808976042226,55.7247803849466
9.11,200.858797279095,-1.78186066145315,0.00112162393453286,0.000811488600826607,-0.00103302469712458,0.00137314407435419,4.73010896049983e-05,-0.000129943995935445,47.2174681792492,47.1460867815678,55.8485233521287,55.7654551903908
9.12,201.10966614919,-1.7816467213499,0.00110701092047742,0.000801232530835574,-0.00101947098020679,0.00136078585926427,4.66857405754786e-05,-0.000128120758565885,47.2502003587717,47.1798166047295,55.8883196837883,55.8063819893472
9.13,201.360530323924,-1.78143549234461,0.00109262506492105,0.000791111306565859,-0.00100607350824402,0.00133732287883994,4.60798857375595e-05,-0.00012656429509767,47.2831489122543,47.2137438442472,55.9283765571948,55.8475427545341
9.14,201.61138982333,-1.78122693928961,0.00107837473223464,0.000781122811291831,-0.000992873714756568,0.0013252691099381,4.54799084574065e-05,-0.000124787361303709,47.3162838186041,47.2478440792146,55.9686446048771,55.8889178474553
9.15,201.862244667546,-1.78102102667263,0.0010643403417399,0.000771265639703363,-0.000979826917601296,0.00130215765866617,4.48889531179986e-05,-0.000123276157641901,47.3496060995943,47.2821133711827,56.0091355083637,55.9304893565275
9.16,202.113094876809,-1.78081772033951,0.00105043183542131,0.000761537710010117,-0.000966974106501817,0.00129049943779375,4.43034656429837e-05,-0.000121543371799945,47.3830933842763,47.3165349462555,56.0498114176495,55.9722490721084
9.17,202.363940471445,-1.78061698574732,0.00103673099336098,0.000751937656077183,-0.000954270223986998,0.00126781203030133,4.37266447803037e-05,-0.00012007543316034,47.416750018925,47.3511082852687,56.0906859336402,56.0141809857446
9.18,202.614781471867,-1.78041878968903,0.00102314882786505,0.00074246343817132,-0.000941756017628598,0.00125660002090962,4.31549792722168e-05,-0.000118385016297694,47.4505530534462,47.3858160023233,56.131721524893,56.0562771398768
9.19,202.865617898562,-1.78022309854785,0.00100976802476628,0.000733113734303379,-0.000929386273366675,0.00123436565588016,4.25917046189436e-05,-0.000116958785716817,47.4844961296961,47.4206469585043,56.1729198295496,56.0985095521113
9.2,203.116449772088,-1.78002988002379,0.000996500290784966,0.000723886549619529,-0.000917201707342767,0.00122360820492277,4.20333379291268e-05,-0.000115309411302751,47.5185745063909,47.4556019411524,56.2142652087378,56.1408921005629
9.21,203.36727711307,-1.77983910138887,0.00098342892217873,0.000714780607078609,-0.000905157137135445,0.00120181853251507,4.14831401910189e-05,-0.000113923753834393,47.5527750418897,47.4906630880348,56.2557513717432,56.1833888903391
9.22,203.61809994219,-1.77965073121511,0.000970466116633622,0.000705793955856267,-0.00089329339543921,0.00119149413253256,4.09376492261445e-05,-0.000112314454693454,47.5870782762329,47.5258164175257,56.2973454812291,56.2259965452294
9.23,203.868918280178,-1.77946473763033,0.000957695650448498,0.000696925361731379,-0.000881565438456633,0.00117011968595359,4.04001466974777e-05,-0.000110968510905769,47.6214898540494,47.5610629278474,56.3390646015345,56.2687025401953
9.24,204.119732147815,-1.77928109004695,0.000945030151450668,0.000688172914997334,-0.000870014273244253,0.00116019506567703,3.98671890097107e-05,-0.000109398498748546,47.6559941346032,47.5963923861978,56.3808801130273,56.3115076899401
9.25,204.370541565922,-1.77909975741808,0.000932553859216091,0.00067953542098696,-0.000858595009833657,0.00113920348561541,3.93420780333961e-05,-0.000108091493780922,47.6905887319832,47.6317978049329,56.4227997021436,56.3543901263585
9.26,204.621346555358,-1.77892070996678,0.000920179849609973,0.000671011007936909,-0.000847348804186989,0.00112965029038753,3.88213895758062e-05,-0.000106559972927115,47.7252501498852,47.6672610360267,56.4647864696414,56.3973423426257
9.27,204.872147137012,-1.77874391744218,0.000907992851578187,0.000662598517968756,-0.000836230866224112,0.0011090201890583,3.8308446768062e-05,-0.000105291047400112,47.7599865291123,47.7027856754397,56.5068599564725,56.4403543574449
9.28,205.122943331801,-1.77856935096836,0.000895844427673194,0.000654295970675449,-0.000825342410140609,0.00108522621776622,3.77974357091027e-05,-0.000104043169380123,47.7947837684105,47.7383515817113,56.5489908581214,56.4834207442442
9.29,205.373735160664,-1.77839698259371,0.000883806774256051,0.000646101165108787,-0.000814627101961569,0.00107694125027146,3.72911899133893e-05,-0.000102561607014776,47.8296253637096,47.7739573564423,56.5911675301351,56.5265314544921
9.3,205.624522644556,-1.77822678312126,0.000871991179219802,0.000638013059612634,-0.000804023445469194,0.00105819389156022,3.67940746632274e-05,-0.000101338249422674,47.8645111912781,47.8096002067068,56.633403441406,56.5696694248277
9.31,205.875305804448,-1.77805872449945,0.0008603098356315,0.000630030003517369,-0.000793570030335527,0.00105095056915631,3.63026268632646e-05,-9.988795686067e-05,47.8994339926085,47.845275477923,56.6756753058215,56.6128431419283
9.32,206.126084661318,-1.7778927781861,0.000848842387649732,0.000622151068752324,-0.000783221778474158,0.00103265900741242,3.58199660238411e-05,-9.86974101367666e-05,47.9343738383188,47.8809567965383,56.7179706701444,56.6560127346523
9.33,206.37685923615,-1.77772891688655,0.000837497204266858,0.000614374650670551,-0.000773020194712389,0.00102569376565339,3.53424812034935e-05,-9.72811879385452e-05,47.9693424212464,47.9166598663813,56.7602932678364,56.6992121266866
9.34,206.627629549932,-1.77756711281813,0.00082635382524958,0.000606699848550638,-0.000762921619587711,0.00100756380082681,3.4873291678217e-05,-9.61254471177593e-05,48.0043198651186,47.9523600098727,56.802630216409,56.7423995083489
9.35,206.878395623649,-1.77740733943502,0.000815321426037147,0.000599125073596429,-0.000752968498863658,0.0010006909740286,3.44088218961768e-05,-9.47441872623067e-05,48.0393036234479,47.9880595821811,56.844969036176,56.7855916535508
9.36,207.12915747828,-1.77724956968832,0.000804480858744667,0.000591649434122264,-0.000743117675865276,0.000982619195786018,3.39522462687111e-05,-9.36233222538605e-05,48.0742794900789,48.0237400418478,56.887303596183,56.8287531673714
9.37,207.379915134797,-1.77709377774935,0.000793742812467132,0.000584271347159918,-0.000733411760908464,0.000975806154221265,3.35000515271951e-05,-9.22764848903399e-05,48.1092496093258,48.0594084443514,56.9296270696003,56.8719063947724
9.38,207.630668614158,-1.77693993726846,0.000783189759961843,0.000576989927045156,-0.000723807459647962,0.000957817058920749,3.30554782191239e-05,-9.1189456467888e-05,48.1442090652121,48.0950555285175,56.9719447740722,56.9150275005294
9.39,207.88141793731,-1.7767880230983,0.000772733926875925,0.000569803599219287,-0.000714347055667911,0.000951129971985038,3.26150751041229e-05,-8.98756004598316e-05,48.1791429970118,48.1306711931259,57.0142290912163,56.9581180896341
9.4,208.132163125179,-1.77663800955284,0.000762459187605594,0.000562711490648262,-0.000704986794628773,0.000933312694143956,3.21821391427116e-05,-8.88207265442334e-05,48.2140421657525,48.1662418557822,57.0564802783217,57.0011493514389
9.41,208.382904198666,-1.77648987213212,0.00075227887322585,0.000555712044017448,-0.0006957684865109,0.000926847884381011,3.17532631541634e-05,-8.75380656979329e-05,48.2489049462934,48.2017705361154,57.0986864104352,57.0441386063671
9.42,208.633641178647,-1.77634358578259,0.000742277703115582,0.000548804408435398,-0.00068664790837032,0.000909293638844472,3.13317777315048e-05,-8.65135825725464e-05,48.2837333073269,48.2372548564841,57.1408614371297,57.0870708277375
9.43,208.884374085975,-1.77619912662431,0.000732369504093931,0.000541987052818383,-0.000677666492877321,0.00090312840660218,3.09142950399488e-05,-8.52604759886701e-05,48.3185068639296,48.2726789605578,57.1829690908239,57.1299390019684
9.44,209.135102941467,-1.77605647021299,0.000722639239784912,0.000535259156013595,-0.000668779716249219,0.000885895079993223,3.0504155098816e-05,-8.42649339903003e-05,48.35323283544,48.3080457470023,57.2250302340405,57.1727350749919
9.45,209.385827765909,-1.77591559326955,0.000713000684932429,0.000528619218830411,-0.000660028844175,0.000880064676185058,3.00979674520039e-05,-8.3040176195562e-05,48.3878958891247,48.3433443063885,57.2670157418039,57.2154591824868
9.46,209.636548580049,-1.7757764719438,0.000703538582923634,0.00052206645328766,-0.000651369277804125,0.000863165260522066,2.96990629986981e-05,-8.20726202471972e-05,48.4225001765382,48.3785744826174,57.3089411869434,57.2580980487659
9.47,209.887265404599,-1.77563908354588,0.000694166302331927,0.000515599393312441,-0.000642842331531151,0.000857661663142557,2.93040345850041e-05,-8.08755114005363e-05,48.4570318493985,48.4137267511918,57.3507792207689,57.3006535849717
9.48,210.137978260227,-1.77550340481094,0.000684968123229302,0.000509217283259147,-0.000634403523473987,0.000841071055379112,2.8916194380141e-05,-7.99354565915356e-05,48.4914932653605,48.4487991909387,57.3925435885261,57.3431107413481
9.49,210.388687167559,-1.77536941363175,0.000675856882934762,0.000502918687647176,-0.000626094367869805,0.000835855848184228,2.85321136413268e-05,-7.87656986511748e-05,48.5258789028877,48.4837905225649,57.4342175887906,57.3854820611378
9.5,210.639392147174,-1.77523708732376,0.000666916372829487,0.000496702879349823,-0.000617870606196381,0.000819527996093061,2.81550848855611e-05,-7.78529675101516e-05,48.5601898623266,48.5186976073622,57.4758118948988,57.4277494664809
9.51,210.890093219606,-1.77510640435809,0.000658058969661539,0.00049056844891028,-0.000609774004784888,0.000814552170898348,2.77816606642578e-05,-7.67104568317735e-05,48.5944042919973,48.5535027710925,57.5172890668999,57.4699047245165
9.52,211.140790405336,-1.77497734262628,0.000649368112944851,0.000484514692880353,-0.000601760533551395,0.000798440220891129,2.7415119327646e-05,-7.58249541057427e-05,48.6285399291043,48.5882195807417,57.558681949602,57.5119519513643
9.53,211.391483724793,-1.77484988117312,0.000640755906050657,0.000478540223204585,-0.000593872170738391,0.000793662660228832,2.70520021772181e-05,-7.47095636579133e-05,48.6625768740676,48.6228322549372,57.5999549650038,57.5538847409598
9.54,211.642173198351,-1.77472399846067,0.000632305644500695,0.000472644356072354,-0.000586065042091401,0.000777734411501672,2.66955816423414e-05,-7.3851084926652e-05,48.6965202480163,48.6573418099766,57.6411251737506,57.5956914427232
9.55,211.892858846327,-1.77459967421967,0.000623867468357333,0.000466825577370693,-0.000578441144613051,0.000758552927720161,2.63399883146497e-05,-7.30083504273809e-05,48.7303716704942,48.6917428847446,57.6821782351147,57.6373817770709
9.56,212.143540688981,-1.77447688900451,0.00061551167864144,0.000461082143488503,-0.000570945140597825,0.00075476832383798,2.59879845112877e-05,-7.19270284122147e-05,48.7641209444053,48.7260398440813,57.7231108170447,57.6789537358618
9.57,212.394218746515,-1.7743556220301,0.000607347539685524,0.000455413459570432,-0.000563516495760559,0.000740445650585527,2.56438589641953e-05,-7.1098639314789e-05,48.7977578974289,48.7602203967718,57.7639211393063,57.7203757361553
9.58,212.644893039063,-1.77423585356315,0.000599285325533582,0.000449818313544389,-0.000556194675114383,0.000737518684084495,2.53040717676076e-05,-7.00386594699322e-05,48.8312882295655,48.7942916994147,57.8046018413983,57.7616719100132
9.59,212.895563586698,-1.77411756329175,0.000591402530833707,0.00044429620588186,-0.000548935541279168,0.000723470175971885,2.49716586330649e-05,-6.92333732503899e-05,48.8647149874629,48.8282508682267,57.8451668408705,57.8028295046815
9.6,213.146230409429,-1.77400073206377,0.000583605553079136,0.00043884595251447,-0.000541781446659769,0.00072064285184308,2.46429281255766e-05,-6.81979664880457e-05,48.8980270386138,48.8620897025611,57.8855891189714,57.8438513334164
9.61,213.396893527198,-1.77388534015603,0.00057597180686384,0.00043346706356118,-0.000534689636144814,0.000706581928884173,2.43209152623627e-05,-6.74181711150282e-05,48.9312260750788,48.8958057118458,57.9258818021667,57.8847222370047
9.62,213.647552959879,-1.77377136899849,0.000568408595452882,0.000428158353532344,-0.000527703356940394,0.000703677810347775,2.40019667085372e-05,-6.64085864844813e-05,48.9643113415397,48.9294020531818,57.9660326006697,57.9254587464099
9.63,213.898208727278,-1.77365879943833,0.000560994806900074,0.000422919324793615,-0.000520780304457885,0.000689511889122895,2.36891779160728e-05,-6.56546725658837e-05,48.9972898305514,48.96288205162,58.0060605081439,57.966051182676
9.64,214.148860849133,-1.77354761346162,0.000553639482784247,0.000417748781481079,-0.000513963829219967,0.000686510546141978,2.33789658497674e-05,-6.46706560753309e-05,49.0301358326372,48.9962239822026,58.0459219331912,58.0064846287201
9.65,214.399509345108,-1.77343779245546,0.000546423402374447,0.000412646216392774,-0.000507211426377822,0.000672276969310685,2.30745020743854e-05,-6.39418421219851e-05,49.0628742286035,49.0294491256212,58.0856598474676,58.046773417306
9.66,214.650154234796,-1.77332931892904,0.000539257457852691,0.00040761042713939,-0.000500566054073522,0.000669257667403892,2.27722774781674e-05,-6.29821866204154e-05,49.0954852411334,49.0625415940069,58.1252378853121,58.0869098683772
9.67,214.900795537715,-1.77322217477535,0.000532224174796426,0.000402640904856439,-0.000493984682699434,0.000655058814612428,2.24755332835686e-05,-6.22770047051672e-05,49.1279787967168,49.0955077422388,58.1646775652848,58.1268869137801
9.68,215.151433273312,-1.77311634299322,0.00052523592718196,0.000397736450774442,-0.000487509730331079,0.000652131101845577,2.21808191263087e-05,-6.13401190443612e-05,49.1603497544203,49.1283462567598,58.2039640626502,58.1667183903767
9.69,215.402067460958,-1.77301180594996,0.000518376480378961,0.000392896565185294,-0.000481097635658804,0.000638071102190021,2.18914254034949e-05,-6.06569830250047e-05,49.1925953861324,49.1610508930207,58.2431037813743,58.2063821394145
9.7,215.652698119947,-1.77290854710539,0.000511559116639801,0.000388120063204862,-0.000474790376037499,0.000635324917925409,2.16039375098258e-05,-5.97413858750647e-05,49.2247133688737,49.1936231004627,58.2820815979371,58.2458916630726
9.71,215.903325269494,-1.77280654927591,0.000504868264886115,0.000383406463133389,-0.00046854402769008,0.000621474223508295,2.13216720530859e-05,-5.90789888470057e-05,49.2567081046664,49.2260638080987,58.3209156283757,58.2852365535545
9.72,216.15394892874,-1.77270579636067,0.00049821758218669,0.000378754600884334,-0.000462400337580537,0.000618957413315668,2.10412290390321e-05,-5.81836006921605e-05,49.2885712705972,49.258368391441,58.3595832412138,58.3244227855305
9.73,216.404569116746,-1.77260627160702,0.000491691699841412,0.000374164017449058,-0.000456315245861374,0.000605341405101508,2.07659330972583e-05,-5.75410989046995e-05,49.3203109166699,49.2905414690764,58.3981056550802,58.3634430910693
9.74,216.655185852493,-1.77250795933844,0.000485204285951072,0.000369633571995018,-0.000450330487184331,0.000603058077339858,2.04923845861279e-05,-5.66653172943323e-05,49.3519214281633,49.3225810535724,58.4364650127972,58.4023081993882
9.75,216.905799154888,-1.77241084322096,0.000478839910270523,0.000365162828575801,-0.000444402060213335,0.000589663506434894,2.02239058970119e-05,-5.60423110595185e-05,49.3834065773751,49.3544875286264,58.4746768415059,58.4410051854548
9.76,217.156409042757,-1.77231490799222,0.000472512095965642,0.000360750668267808,-0.000438571840951459,0.000587586875620885,1.9957091774248e-05,-5.5185910569724e-05,49.4147564915828,49.3862545901347,58.5127180211342,58.4795394830041
9.77,217.407015534844,-1.77222013772832,0.000466305285427196,0.000356396675526148,-0.00043279599603485,0.000574378852980451,1.96952599661516e-05,-5.45822870914964e-05,49.4459841084739,49.4178918394994,58.5506155886853,58.5179097059739
9.78,217.657618649816,-1.77212651757339,0.000460132875526914,0.000352099749879141,-0.000427116600579511,0.000572470406131156,1.94350005171751e-05,-5.37452253934296e-05,49.4770703228224,49.4493836798381,58.5883359455516,58.5561107799742
9.79,217.908218406255,-1.77203403200627,0.000454079257024632,0.000347859492387829,-0.000421490001907556,0.000559411691019647,1.91796296660037e-05,-5.31609520745075e-05,49.5080299871914,49.4807416846835,58.6259057878574,58.5941410004876
9.8,218.158814822664,-1.7719426665701,0.000448057820038694,0.000343674817365957,-0.000415958443675314,0.000557638882617349,1.89257375766216e-05,-5.23431678154836e-05,49.5388552360321,49.5119614402361,58.6633076453982,58.6320113952594
9.81,218.409407917463,-1.77185240613861,0.000442153039776533,0.000339545339291826,-0.000410478392409562,0.000544704635829165,1.86766444000092e-05,-5.1778112488595e-05,49.5695495592421,49.5430432106044,58.7005549142668,58.6697069832688
9.82,218.659997708994,-1.77176323664543,0.000436278437831227,0.000335469984838222,-0.000405092175288593,0.000543051824679957,1.84289458772308e-05,-5.09793808353723e-05,49.6001136223078,49.5739910694239,58.7376383341429,58.7072469631346
9.83,218.910584215515,-1.77167514334982,0.000430518693835183,0.000331448380388035,-0.000399756282665438,0.000530236341435542,1.81859707604054e-05,-5.04332088552125e-05,49.6305446487866,49.6047990691157,58.7745661422211,58.7446112187972
9.84,219.161167455204,-1.77158811268469,0.00042472573582554,0.000327479320360171,-0.000394572845392247,0.000514146674189164,1.79419183642253e-05,-4.98986570993888e-05,49.6608387225705,49.6354558449167,58.8113166227045,58.7818018294308
9.85,219.411747446154,-1.77150213181203,0.0004189714350581,0.000323561367503968,-0.000389486823389746,0.000513414179587659,1.7699615146591e-05,-4.91216471523964e-05,49.6909998597902,49.6659798800412,58.8479054726941,58.8188351318557
9.86,219.662324206376,-1.77141718646224,0.000413366679328393,0.000319694229996566,-0.000384437902402129,0.000502145641589957,1.74634169879512e-05,-4.85931488144298e-05,49.721026899865,49.6963688294749,58.8843418451156,58.85569085427
9.87,219.9128977538,-1.77133326332214,0.000407823597715816,0.000315876998288581,-0.000379465642069217,0.000502243007956984,1.72298573056047e-05,-4.78291659500953e-05,49.7509077448333,49.7266112605055,58.9205980718015,58.8923722125844
9.88,220.163468106269,-1.77125034840735,0.000402421324027669,0.000312109473115579,-0.00037452606699736,0.000491224144936025,1.70020395738415e-05,-4.73154678910077e-05,49.7806606102582,49.7567203004886,58.9567054517998,58.9288842652258
9.89,220.414035281547,-1.77116842879878,0.000397068041879086,0.000308390770501169,-0.000369661604807229,0.00049139730469527,1.67763433937134e-05,-4.65677981024751e-05,49.810271379209,49.7866839819308,58.9926358569412,58.9652281106367
9.9,220.664599297312,-1.77108749091521,0.00039184268447426,0.000304720698453796,-0.00036482966842945,0.00048034020474075,1.65558672070179e-05,-4.60714071130741e-05,49.8397528711663,49.8165117690621,59.0284149225337,59.0014015318334
9.91,220.915160171163,-1.77100752223603,0.000386654175272997,0.000301098368995733,-0.00036007361329066,0.000480405905059074,1.63370225904436e-05,-4.53414942153081e-05,49.8690881694378,49.8461898730349,59.064011658678,59.0374017616247
9.92,221.165717920611,-1.77092850956924,0.000381582718281214,0.000297523579321866,-0.000355351360631963,0.000469206511213857,1.61229607857414e-05,-4.48630595817354e-05,49.8982946496961,49.8757328158691,59.0994573912878,59.0732318905137
9.93,221.416272563088,-1.77085044077213,0.000376538760943604,0.000293995427373221,-0.000350706436018378,0.000469131016550954,1.59101555620296e-05,-4.41509350432739e-05,49.9273548633389,49.9051263322999,59.1347218651605,59.1088897737131
9.94,221.66682411594,-1.77077330301747,0.000371604188988324,0.000290513696408015,-0.000346096625972266,0.000457813513792183,1.57018262803023e-05,-4.36899701334212e-05,49.9562816134653,49.934380395994,59.1698299000686,59.144372056743
9.95,221.917372596429,-1.77069708451369,0.000366691096699471,0.000287077472830899,-0.000341565126604451,0.000457663371682509,1.54945128400269e-05,-4.29947316655091e-05,49.9850731095049,49.9634962948926,59.2047702866731,59.179695673253
9.96,222.167918021738,-1.77062177277077,0.000361882917850277,0.000283686532610256,-0.000337069259614836,0.000446318174602909,1.52914965969158e-05,-4.25500771969239e-05,50.0137184088182,49.992460263413,59.2395399775085,59.2148294668319
9.97,222.41846040896,-1.77054735632149,0.00035709303941437,0.00028033995958019,-0.00033265173370481,0.000446192332554797,1.50893688614627e-05,-4.18704373970694e-05,50.0422303502927,50.0212881537354,59.2741431952355,59.2498057921337
9.98,222.668999775109,-1.77047382298833,0.000352405955928712,0.000277037532195821,-0.000328269382605743,0.000434914822655996,1.4891453131937e-05,-4.14408000622988e-05,50.070606319205,50.0499745521266,59.3085889063951,59.2846055587265
9.99,222.919536137116,-1.77040116160666,0.000347735795491624,0.000273778341126857,-0.000323964507370441,0.000434896568559009,1.46943698789023e-05,-4.07755559204201e-05,50.0988316614712,50.0785077459863,59.3428469053011,59.3192266798123
10,223.170069511823,-1.7703293602931,0.000343167558001835,0.000270562175510099,-0.000319693603291983,0.000423752358724173,1.45014624741546e-05,-4.0359893229083e-05,50.126929015077,50.1069076147938,59.3769573437915,59.3536812858894
10.01,223.420599912082,-1.77026242923114,-0.00174721386190453,0.000262522318549495,-0.0023332731886941,-0.490353740886255,-6.68767816080851e-05,-0.00835613437176509,50.3319794280272,49.9549914991594,59.4825629598396,59.3172160677614
10.02,223.671126878739,-1.77025838034605,-0.00977307891166314,0.000205469910773443,-0.00928008324099359,-0.893521325964464,-0.000379430970309516,-0.0136847980254558,50.80251510295,49.6915935299609,59.4084625537174,59.6627675125675
10.03,223.921649383495,-1.77037480933688,-0.0205087019758119,5.91335879358497e-05,-0.0196622071715979,-1.19397654830528,-0.000795211370493034,-0.0185712608769112,51.5482683417938,49.6965823488199,59.6204620037954,60.3196169542854
10.04,224.172166229013,-1.77065336702226,-0.0320877283296336,-0.00020618745231267,-0.0326626154439273,-1.41938414926697,-0.00124016041188991,-0.0228939629182184,52.6064154693393,50.1771385887337,60.3796661128687,61.4248622150598
10.05,224.422676327264,-1.77112677591548,-0.043198566363827,-0.000612777914945941,-0.0476000113836092,-1.58371817672027,-0.00166245221601416,-0.026784897821516,53.9750644500097,51.1485838977338,61.7434835049856,63.0281802326004
10.06,224.673178843403,-1.77182195609353,-0.0529275072071565,-0.00117676041414956,-0.0638827253734062,-1.68889953719272,-0.00202621371145404,-0.0301456856061384,55.5843901567151,52.5213904155637,63.5789299855316,65.0260027122418
10.07,224.923673227607,-1.77276142354985,-0.0606569338873783,-0.00190858681039823,-0.0810130176606574,-1.75661695500408,-0.00230741781929673,-0.0332958680290847,57.3257512160784,54.1500229463741,65.7072290281804,67.2535493712576
10.08,225.174159066973,-1.77396601946231,-0.0661098546906956,-0.00281479465917814,-0.0986308304073106,-1.78651974471058,-0.00249556157746675,-0.0361001706277003,59.0958001818837,55.8958486460907,67.9522441739361,69.5668814441082
10.09,225.424636002523,-1.77545555948109,-0.0691607327252809,-0.00389843889564906,-0.116456333589364,-1.80147384605858,-0.00258614422539393,-0.0389398345274638,60.8360869581967,57.6514091608594,70.180972343444,71.8573458195468
10.1,225.675103534405,-1.77725092027249,-0.0698927082866969,-0.00516076556728482,-0.134311550309337,-1.79161482421306,-0.00258289748259546,-0.0415834769226073,62.5224695446563,59.3733665641738,72.3507603403253,74.1038954424778
10.11,225.925561023084,-1.77937329304456,-0.0683403268715959,-0.00660082655236899,-0.151999483927476,-1.77017319195621,-0.00248762627909005,-0.0442324786941989,64.1550927581649,61.0684126298159,74.4904797376486,76.3216891372528
10.12,226.176007625484,-1.78184493510882,-0.0647293033600854,-0.00821654004929357,-0.169475114968655,-1.75169075842186,-0.00230958361455313,-0.0471316267771317,65.7728088059775,62.7681019193523,76.5988867116063,78.515183768341
10.13,226.426442138034,-1.78469056156922,-0.0593210472219335,-0.0100059090145782,-0.186721613683004,-1.72133064089867,-0.00205935828172738,-0.0498665343663402,67.4261915449422,64.5138883872568,78.780934053334,80.8196110233143
10.14,226.676863142727,-1.78793552744855,-0.0522173582925907,-0.0119660232918664,-0.203662697602303,-1.69278602845075,-0.00174118263331557,-0.0528557155670718,69.1498075220351,66.3723249993029,81.1413904842081,83.3042234109641
10.15,226.927268956035,-1.79160642727699,-0.0435963475111014,-0.0140938465828226,-0.220255686018305,-1.64826483040711,-0.00136226575690584,-0.0555982814795726,71.0133698892876,68.4027337714569,83.6733862209607,85.997899100475
10.16,227.177657798732,-1.7957292337748,-0.0334543914286886,-0.0163850069763037,-0.236370855876754,-1.59904866974258,-0.00092269094409895,-0.0585584721085417,72.8336091462984,70.4437897606549,86.2043713196347,88.6632052838712
10.17,227.428027656231,-1.8003296756516,-0.0218814122437999,-0.018834432362902,-0.251916842458975,-1.53156761454712,-0.000426209422783661,-0.0611757773520891,74.1744894609062,72.0953182791266,88.3275105350813,90.7991022117287
10.18,227.678376252489,-1.80543181800995,-0.00884984770670603,-0.021435499580439,-0.266760756765245,-1.45974785151099,0.000128056166533758,-0.0639766080306402,75.5430823568996,73.9152986255229,90.6841456675309,93.0825249979041
10.19,227.92870113672,-1.81105885190157,0.00553807239319924,-0.0241809519125702,-0.280828380833134,-1.37268647362759,0.000735877983784375,-0.0663570387871187,76.9905220596607,75.9021692476974,93.2530761118192,95.551605849517
10.2,228.178999935093,-1.81723212711857,0.0212740313808537,-0.0270622076159615,-0.294003992224055,-1.28238873238647,0.00139673499442322,-0.0689077124259494,78.5244266882484,78.0186047909469,96.0016105320145,98.2173923480743
10.21,228.429270207072,-1.82397184541184,0.038238631389525,-0.0300701836912047,-0.30623344045273,-1.18068285176713,0.00210565615171652,-0.0709853441167817,80.137439798789,80.2573729586077,98.8972487598921,101.032885802832
10.22,228.679509622407,-1.83129637566852,0.0563780360668302,-0.0331948715553156,-0.317450378863139,-1.08065146024338,0.00286023790060353,-0.0732355105612499,81.7490921084108,82.6007067481465,101.961482705303,103.961146149038
10.23,228.929715819161,-1.83922292143851,0.0755496846296813,-0.0364262475605426,-0.327651281380864,-0.974613591587475,0.00365456070394886,-0.0749736466361396,83.3988590529435,84.9963423035153,105.079835488627,106.96383766236
10.24,229.179886545561,-1.84776706897088,0.095664410421761,-0.0397538568520667,-0.336810327210049,-0.873452408695966,0.00448485521555366,-0.0768916935335285,84.9988905472147,87.3347778612426,108.275843706524,110.079807866367
10.25,229.430019493217,-1.85694322171686,0.116588754338141,-0.0431675877883444,-0.344965147597974,-0.771007146358743,0.00534565064537624,-0.0782656393366664,86.5818919287936,89.5860767046284,111.458036971917,113.247520724607
10.26,229.680112476188,-1.86676418513266,0.138226409729285,-0.0466573159888911,-0.352119117324944,-0.673539137676614,0.00623291373194797,-0.0798261454894367,87.9958871427987,91.680342205067,114.551544754801,116.307256311619
10.27,229.930163075626,-1.87724188005269,0.160399292091172,-0.0502133048327886,-0.358314564014719,-0.578934803044106,0.00713940771803075,-0.0812047878637694,88.1817149514478,92.3843741721744,116.044869372094,117.635678165029
10.28,230.180168366302,-1.88838728331689,0.182991333021854,-0.0538261476839419,-0.36357794960104,-0.484860684244521,0.00806039656804238,-0.0819906412432143,88.3979943892964,93.069347333023,117.487868317201,118.950334469684
10.29,230.430125504816,-1.90021002660007,0.205896518589578,-0.0574865821139397,-0.367937018023842,-0.398138369170784,0.00899156251153405,-0.0829712716267249,88.5851790782294,93.7366538123251,118.975826881804,120.307328768514
10.3,230.680031662462,-1.91271881511601,0.228989020259713,-0.0611859318678585,-0.371444375316303,-0.313214892013809,0.00992781893669269,-0.0833366131697507,88.7960994585616,94.4470106170332,120.468500747628,121.634846356151
10.31,230.929884205678,-1.92592125745154,0.252162702699458,-0.0649158637052143,-0.374150571556404,-0.237607973371151,0.0108650112249572,-0.0839008614827322,88.9505159650466,95.1940851891802,122.004376091096,122.92534625268
10.32,231.179680529681,-1.93982417319271,0.275297996200266,-0.0686688244887162,-0.3761248545117,-0.165195739988805,0.0117984895145145,-0.0838291401507392,89.1562075654687,96.0137791856185,123.452511963524,124.100891692047
10.33,231.429418213151,-1.95443350388014,0.298304435273674,-0.0724377248595619,-0.377423608009158,-0.102380537975845,0.0127247012625932,-0.0839588139685205,89.3538554172696,96.8549957158842,124.829649450895,125.195042594189
10.34,231.679094830616,-1.96975444558697,0.321090082056966,-0.0762162947417056,-0.378124521869698,-0.0442466274076725,0.0136401464006084,-0.0838682231143729,89.6002746314717,97.7109189656091,126.07053845235,126.184015021845
10.35,231.928707996293,-1.98579146899003,0.34358395007528,-0.0799987920097153,-0.378271451962787,0.00855278260203521,0.0145421880208383,-0.08310904133189,89.9094287797029,98.6394187195578,127.163846996122,126.997961837345
10.36,232.178255555369,-2.00254810207485,0.36574598525932,-0.0837800624123624,-0.37794166867803,0.0525809599070735,0.0154294344994658,-0.0825530399006531,90.163402711712,99.6025196746124,128.202840727162,127.674803261669
10.37,232.427735374287,-2.02002726117474,0.387507788274368,-0.0875556947517564,-0.377187168649796,0.0945164801116785,0.0162993583680312,-0.0813161127018021,90.4585791949064,100.596758083359,129.09146474145,128.186327141124
10.38,232.677145500833,-2.03823124230432,0.408828866688732,-0.0913216128243289,-0.376050560218275,0.129022651993208,0.0171505397948437,-0.0802823136761802,90.6842278875448,101.580110778784,129.921352430176,128.576698680939
10.39,232.926483987699,-2.05716179289857,0.429667710592566,-0.0950743892840576,-0.374595893461773,0.159479056565914,0.0179815460006872,-0.0790096084543308,90.8992814319525,102.557692336314,130.635927276562,128.828867211197
10.4,233.175748968812,-2.07682017604556,0.449994268378019,-0.0988109810263277,-0.372841125298169,0.189832592453859,0.0187913305416486,-0.0770388803504049,91.164043142799,103.544342573997,131.185876941061,128.922792502282
10.41,233.424938830963,-2.0972070998966,0.46978345622546,-0.102528434418805,-0.370803609422442,0.216063546069421,0.0195790318856956,-0.0752753859274423,91.3614052632937,104.501345884252,131.661682954515,128.895835198792
10.42,233.674051995936,-2.11832290704681,0.489007756426272,-0.106224118537863,-0.368509409522666,0.242309407545695,0.0203436875627045,-0.0728144515177108,91.6066729201074,105.442615574082,131.948993695421,128.703781232291
10.43,233.92308712045,-2.14016731321899,0.50766150629102,-0.109895467553052,-0.365965464057665,0.266163456009555,0.0210851616564348,-0.0705646546820514,91.7825309280589,106.329875852455,132.140390390438,128.387515945369
10.44,234.172042857901,-2.16273974842932,0.525699917717266,-0.113540085493938,-0.36318379631915,0.290485029600682,0.0218017603692236,-0.0680758250957122,91.9495096607455,107.167162580776,132.178849770133,127.930542511664
10.45,234.42091795834,-2.18603930202676,0.543118624719977,-0.117155504952981,-0.360138695136546,0.319656476902493,0.0224933253341118,-0.0648907210363343,92.1692612652376,107.962251440025,132.015652965206,127.319994244226
10.46,234.669711500617,-2.21006425985815,0.559923262875973,-0.1207388867439,-0.356805447716606,0.348101239643205,0.0231600978918248,-0.0619281750033574,92.3194728131157,108.665921310404,131.738145715565,126.601474930411
10.47,234.918422561482,-2.23481250894434,0.576073585197672,-0.124287371582972,-0.353180745423787,0.378864144953739,0.0238004899523005,-0.0587397927654972,92.4673038125551,109.272079643619,131.282290445596,125.766236169084
10.48,235.167050341401,-2.26028136705239,0.591581401322859,-0.127797805389669,-0.34920591748287,0.419301521110198,0.0244148776984482,-0.0548740030809271,92.6618535155823,109.788731502588,130.617807089251,124.805798218962
10.49,235.415594448078,-2.28646697699049,0.606464219000242,-0.131266208251815,-0.344810068053246,0.46260534927348,0.025003843757485,-0.0512508706466969,92.7607859122416,110.170511196299,129.851663909111,123.764167201171
10.5,235.664054549887,-2.31336483670728,0.620669491804878,-0.134688186801277,-0.339948141407597,0.513445959672732,0.0255652080734607,-0.0474296644002726,92.817217779689,110.411924180653,128.93048330111,122.630699842204
10.51,235.912430537181,-2.3409694842912,0.634221851256834,-0.138058524087992,-0.33449746672177,0.581929748356389,0.0260997492610469,-0.0429727747784262,92.8796186266023,110.523384386622,127.817871456786,121.390689251306
10.52,236.160722856765,-2.36927341906735,0.647162491084538,-0.141370451196062,-0.328321684159278,0.657798292569918,0.0266088816213942,-0.0387998800188405,92.8054396238978,110.465058674293,126.613730047659,120.079200267282
10.53,236.408932052676,-2.39826780142153,0.659426692716489,-0.14461627839956,-0.321323356917967,0.74804065160442,0.0270898458095018,-0.0344883817217796,92.6480435062743,110.238898695303,125.274003791602,118.691256961661
10.54,236.657058967161,-2.42794189238728,0.671065738615079,-0.147786777282781,-0.313287750175532,0.867813887294351,0.0275443409541223,-0.0296249016957857,92.444618778996,109.878863887787,123.795022632811,117.214633941658
10.55,236.905105167216,-2.45828147456737,0.682120162657989,-0.150870157292341,-0.304002772193214,0.996805587278499,0.0279736258257531,-0.0251280957696213,92.0665857536147,109.345054112236,122.2837430201,115.716780338683
10.56,237.15307236357,-2.48927049710133,0.692413457994376,-0.15385343647612,-0.293361307214047,1.14165523278848,0.0283703546076121,-0.0206062231725786,91.5854566307759,108.477823841916,120.70623931176,114.38401180435
10.57,237.400962568895,-2.52089082990763,0.701874472758324,-0.156722029932814,-0.281154374368268,1.31277814777612,0.0287312930994198,-0.0156791364074697,91.0534527116969,107.469732850081,119.050537145861,113.035906578029
10.58,237.648778398271,-2.55312095746394,0.710360350875341,-0.159459247168612,-0.267275901073335,1.47363632784989,0.029050422683855,-0.011252118429663,90.371572721463,106.526965618239,117.4169719644,111.537288247357
10.59,237.896522306934,-2.58593915196809,0.717391703773462,-0.162049015448282,-0.251823753751563,1.63048429359017,0.0293085630733187,-0.00695362952051246,88.9211034072632,104.69690981352,114.752057137449,109.143936701905
10.6,238.144196478727,-2.61932389831276,0.722582844601256,-0.164475737483451,-0.234827399404446,1.78313364013591,0.0294902758975536,-0.0028188062913562,86.9962595125898,102.335592599994,111.707505916836,106.466549710266
10.61,238.391802729429,-2.65325348157445,0.72562579889342,-0.166724071414539,-0.216275509190114,1.94357575523353,0.0295832490482857,0.00151022877386442,85.2949323647536,100.212318173026,109.017969692835,104.186374363924
10.62,238.639343313254,-2.68770417342203,0.726301285028932,-0.168778496397875,-0.196265429154368,2.07176852186498,0.0295788072334615,0.00519946104595646,83.8148378257526,98.3761056177078,106.801202715733,102.372651906886
10.63,238.88682046973,-2.72265313308851,0.724087564254811,-0.17062618206129,-0.175080497309656,2.18099334629524,0.0294564296799658,0.00862002350466923,82.6141189875791,96.8033014372753,104.987442206783,101.019433419523
10.64,239.134236491652,-2.75807845847575,0.718742809089281,-0.172256144451764,-0.152821937949146,2.28894987089741,0.0292066261741553,0.0121344376731189,81.6687860844888,95.4558095819339,103.502527611148,100.061271542759
10.65,239.381594220656,-2.79395633051405,0.71017761923533,-0.173658057965026,-0.129648704801377,2.35964645272865,0.0288260151571015,0.0149942374993041,80.8811863274323,94.1690704989634,102.314672553882,99.5239265372528
10.66,239.628896568282,-2.83026355578249,0.698077169729573,-0.17482495896094,-0.105930726030394,2.40038011316212,0.0283024767415354,0.0175785060071805,80.2369826962807,93.0189768878139,101.280314103984,99.1467622278603
10.67,239.876146626833,-2.86697697516492,0.682419120172151,-0.175752903241639,-0.0819340734910041,2.41604598212678,0.0276355365821687,0.0199256766815939,79.6822505445247,92.0173428472099,100.33247745198,98.8118005256385
10.68,240.1233478788,-2.90407197559479,0.663391102742156,-0.176440277530471,-0.0578241061109462,2.4281825826425,0.026833042986952,0.0224027900114096,79.1867877986505,91.0674769039936,99.4200080177802,98.5411455921359
10.69,240.370504475779,-2.94152050760871,0.64126610536092,-0.176886220278235,-0.0337175846305702,2.41072832504378,0.0259062111794081,0.0244012485075931,78.7018566266872,90.1537781637986,98.5668423129976,98.2909380449574
10.7,240.617620776472,-2.97929371412754,0.616108559769912,-0.177092515318796,-0.00989825033635626,2.37446529699718,0.0248580652117993,0.0262962611453012,78.2517375349825,89.2941141600397,97.7337736284682,98.0392323609886
10.71,240.864701477304,-3.01736105593743,0.588306281375025,-0.177062650578738,0.0135744897956104,2.34521697500018,0.0237042924088778,0.0284313356694619,77.8403297308731,88.4801580232391,96.9256814199311,97.8145454607183
10.72,241.111752002945,-3.05568759551044,0.558360318270364,-0.176799868139467,0.0366757725222663,2.29665371417732,0.022465054632695,0.0302608282370458,77.4638623146782,87.7264708768024,96.2063415094708,97.6209148225085
10.73,241.358778135136,-3.0942363479588,0.526520021015821,-0.176308974334349,0.0592414357548564,2.24068876131911,0.0211505450071881,0.0321036418627291,77.1580607639171,87.0443394796716,95.5724786764874,97.4947424827437
10.74,241.605785967031,-3.13296795191829,0.493271468183122,-0.175595458005917,0.0812879462499767,2.19683269495279,0.0197802308988895,0.0342393451110055,76.2928691822709,85.802560688366,94.2425905533302,96.7300742885659
10.75,241.852781952799,-3.17183857908814,0.459119437567293,-0.174663955509505,0.102855227743495,2.1409671792879,0.0183742803261067,0.0361600308538326,75.5537922434327,84.7127181531317,93.0662567298617,96.0470028645168
10.76,242.099772780531,-3.21080269889553,0.42433657875945,-0.173519907338983,0.123880617167395,2.09375550138009,0.0169435786063734,0.0383458042657056,75.1379127507445,83.9479830322942,92.2590274052608,95.7105001419602
10.77,242.346765546462,-3.24981204210772,0.389310218535768,-0.172168273091669,0.144391045772039,2.03410341951327,0.015503510324807,0.0403141218706339,75.0478174541854,83.5274587551633,91.8804345322642,95.7031206186649
10.78,242.593767458902,-3.28881771648083,0.354206886623318,-0.170614883511908,0.164310085260825,1.97952972268584,0.0140606999961412,0.0424806986947516,75.2603796516914,83.4261458569795,91.8836730497066,96.0339105087819
10.79,242.840785788272,-3.32777010040682,0.318948675167438,-0.168866195097724,0.183298711061394,1.82916960316216,0.0126122588027894,0.0429299824281745,75.7733059822166,83.5697513196722,92.2512400951359,96.6334282827636
10.8,243.087826697757,-3.36662939028907,0.282821881235674,-0.166936628867585,0.200638927287075,1.66348613956817,0.0111303087509542,0.0434717477686308,76.4480301869532,83.7913474300711,92.7179686002146,97.4140383335284
10.81,243.334895871449,-3.40535914238153,0.246273922502502,-0.164842638434051,0.216352376211666,1.50287210818914,0.00963271540754065,0.0439586013683924,77.0672463280212,83.9541920056665,93.1240393745918,98.1166862202735
10.82,243.581998853924,-3.44392237028132,0.209702043199512,-0.162600324552824,0.230446068113427,1.33702556287018,0.00813530924106462,0.0442284920230624,77.5810199398896,84.0597366279956,93.3963645993028,98.6098823834606
10.83,243.82914077298,-3.48228308794804,0.173410524508433,-0.160226042943221,0.242931812685378,1.18251707312104,0.0066501566619776,0.0446210901767572,78.0202251489816,84.1419620429614,93.5291865022657,98.9223401568205
10.84,244.076326383698,-3.52040545798789,0.137774774579466,-0.15773523428369,0.253910003443373,1.03446344524404,0.00519207633062045,0.0449582772940566,78.4094565656387,84.2797559185474,93.6531704427169,99.1102721543455
10.85,244.323560035846,-3.55825438220102,0.103040600989566,-0.155142595082031,0.26343783810991,0.8892846609753,0.00377073389092284,0.0450861983838139,78.8355957336584,84.5129743602385,93.8739784579174,99.2915213815569
10.86,244.570845642962,-3.59579652044042,0.0693935137923523,-0.152462438906285,0.271577920256734,0.757524792643791,0.00239343305275879,0.0452800449952606,79.3008723311554,84.9064848956769,94.2445883537062,99.5079685586642
10.87,244.818186763747,-3.63299950425211,0.0370770695695905,-0.149707858692194,0.278460848307717,0.636005842137154,0.00106980904438819,0.0453843285537439,79.8474602672065,85.4183075977299,94.8223714455243,99.8802657499843
10.88,245.065586611818,-3.66983229919983,0.00622607292407509,-0.146890886845865,0.284179526939549,0.521942568499948,-0.000194811683120553,0.0453876480668294,80.4901631645008,86.1043126165467,95.5798234601759,100.331252586579
10.89,245.313048028212,-3.70626584783072,-0.0231242843003862,-0.14402286406684,0.288775620975992,0.408695990739875,-0.00139877805852776,0.0451771798158591,81.1975944218012,86.898812957257,96.5759618372187,100.948354810181
10.9,245.560573461717,-3.74227386171863,-0.0509595757460168,-0.14111489597615,0.292298908982822,0.308233218992914,-0.00254121768621749,0.0449805902135731,81.8459721054967,87.7105272312279,97.8409827968575,101.783220369694
10.91,245.808165072183,-3.77783180413911,-0.0771918036367108,-0.138176977963262,0.294865876693331,0.213844350538694,-0.00361839480916112,0.0446925234743248,82.3629759584952,88.5398270977666,99.2892900016714,102.660448002488
10.92,246.05582472314,-3.8129172273826,-0.101862657657725,-0.135218446860145,0.296515200120984,0.124031017919393,-0.00463139225524445,0.0442288617894313,82.5405943244555,89.041785409734,100.502776973531,103.336571689984
10.93,246.303553821426,-3.84751049675704,-0.125019736915743,-0.132248108523767,0.297331141744032,0.0461218177119111,-0.00558165008007848,0.04378838254144,82.5613615211865,89.3253058607697,101.672428212252,104.073159805299
10.94,246.551353398456,-3.88159377286112,-0.146639328257701,-0.129273722183295,0.297405284768086,-0.0262423741058733,-0.00646776226679485,0.043288550922336,82.5066374020393,89.5274007165583,102.880767736584,104.859209137998
10.95,246.799224272041,-3.91515106080454,-0.166765105925809,-0.126302487434246,0.296770531035336,-0.096832019972053,-0.00729093555511132,0.0426687922925553,82.3626818279971,89.7342310031319,104.096124642415,105.547402196307
10.96,247.047166986728,-3.94816871852505,-0.185466045488103,-0.123341350680615,0.295466574357016,-0.160035183126481,-0.00805354014768176,0.04209491551534,82.1227255309295,89.8480175906856,105.251799949993,106.216709459943
10.97,247.29518183901,-3.98063500311988,-0.202761914175446,-0.120396535420378,0.293579215046936,-0.21428743064266,-0.00875613824846116,0.0415029376792348,81.8501116792411,89.7404489619777,106.257271764444,106.946335469278
10.98,247.543268942254,-4.01253984210695,-0.218687427710303,-0.117473390890361,0.29119530305119,-0.260458408583544,-0.009400185374018,0.0409020511471499,81.5327450615669,89.4310079903451,107.069205598081,107.649287474428
10.99,247.791428200142,-4.04387499311516,-0.233323986269321,-0.114576500268623,0.288376783214995,-0.302314291538431,-0.00998902293805191,0.0402489993720883,81.1559969860021,88.963043758039,107.660805899926,108.218991382751
11,248.039659278689,-4.07463425861532,-0.246758581553349,-0.111709954361525,0.285179487742139,-0.336319270637545,-0.0105262712108341,0.0396578607335714,80.6984504532123,88.4267504816681,107.992206195363,108.539897842176
11.01,248.287961577745,-4.10481297720943,-0.259036962209764,-0.108877104667457,0.281679432934928,-0.363517531546353,-0.0110141563663455,0.0390783864967685,79.8503568174363,87.4442935071326,107.572678299911,108.222402279416
11.02,248.536334124094,-4.13440791636087,-0.270234523521934,-0.106080619507444,0.277939280183381,-0.385022106061493,-0.0114561477846136,0.0384738476962971,78.8227134423009,86.1570751732337,106.679622483464,107.561839580076
11.03,248.784775566235,-4.16341738962387,-0.280438303205874,-0.103322497495318,0.27404482719878,-0.394367283713881,-0.0118562634200193,0.0379254428386055,77.8243255359143,84.7875608326959,105.542758851404,106.78002130185
11.04,249.03328432745,-4.19184101727798,-0.289737532693108,-0.10060365530856,0.270096572989725,-0.397870301704542,-0.0122186520118194,0.0373581506869416,76.9033044477556,83.4629287406313,104.275811142949,105.871196266648
11.05,249.281858687751,-4.21967964270714,-0.298219931972598,-0.0979244016905711,0.26613729863214,-0.396658501739281,-0.0125472162016017,0.0368317721208718,76.092861356905,82.216020230311,102.951428306542,104.942686953147
11.06,249.530496845714,-4.24693483373899,-0.305935095711786,-0.0952845978236609,0.262208767531655,-0.392250629216275,-0.012844346697852,0.0363076172221434,75.4193278571102,81.0536318701298,101.617071167118,104.043125118725
11.07,249.779196973619,-4.27360872231459,-0.312944753490257,-0.0926837836655916,0.258337004685262,-0.385506012571713,-0.0131128686818815,0.0357597010834144,74.8916915774798,79.9799018053439,100.295268929319,103.184892832109
11.08,250.027957228455,-4.2997041033545,-0.319320306553591,-0.0901212551461935,0.254547696968822,-0.376249940018075,-0.0133559477129554,0.0352289429742269,74.5062456609363,79.001900193334,98.9707444409515,102.372178873815
11.09,250.276775768928,-4.32522414709426,-0.325098788142176,-0.0875960851900624,0.250856286122033,-0.366257311098127,-0.0135753287689905,0.0346865798272739,74.2539318588427,78.1239251264836,97.6525210413026,101.583289413325
11.1,250.525650763053,-4.35017218386451,-0.33031560056823,-0.0851072890655039,0.24725999487854,-0.357594514280011,-0.0137726418936692,0.0341164459419115,74.1117298398959,77.3778174174557,96.3589041130733,100.769934758879
11.11,250.774580389291,-4.37455176107147,-0.335009584213399,-0.0826539942856371,0.24374686419893,-0.349466108785349,-0.0139495236047758,0.0335438411199479,74.0666372742334,76.7519813128505,95.1087785266281,99.981291536017
11.12,251.023562845444,-4.39836650410177,-0.339200550186844,-0.0802354012774242,0.240308896588834,-0.342744044387457,-0.0141068470172829,0.0329433075851268,74.1179131389269,76.2258124157193,93.926501827674,99.2365113565472
11.13,251.272596373157,-4.42162007488732,-0.342905006549105,-0.0778508436473347,0.23693134573597,-0.337310732980043,-0.0142453194921791,0.0323316878635879,74.2481765373649,75.7938721467024,92.8145118094517,98.5516863595418
11.14,251.521679266189,-4.4443160991146,-0.346129574075028,-0.0754997932239182,0.233599229093739,-0.333678310969671,-0.0143652250909553,0.0316974007680056,74.4449670337713,75.4460729696448,91.7818724575833,97.9222064587711
11.15,251.770809872648,-4.46645818343989,-0.34888399531171,-0.0731819101503933,0.230290312462007,-0.332641497683768,-0.0144669424199049,0.0310379903804818,74.694847446959,75.1719412523718,90.8332729553569,97.3407406156814
11.16,252.019986591439,-4.48804998325177,-0.351175040377992,-0.0708970964505513,0.226981341329277,-0.333615868440585,-0.0145507137476679,0.030360669681894,74.9779518749238,74.9668663992801,89.9599874175769,96.8067453917979
11.17,252.269207870708,-4.50909516444235,-0.353000102162199,-0.0686454600914348,0.223652902747164,-0.3364752011293,-0.0146164001444918,0.029663622216792,75.2905073685071,74.816279610347,89.1581859381268,96.3072708599804
11.18,252.518472204754,-4.52959740465223,-0.354355346710632,-0.0664273014982424,0.220285475034171,-0.341380732729106,-0.0146637946869543,0.0289487943157838,75.6079763072011,74.7166894108824,88.4306439117117,95.8447935099111
11.19,252.767778131253,-4.54956043477206,-0.355235342058655,-0.0642431148330679,0.216860593931936,-0.348000686052485,-0.0146926216114104,0.0282175342214336,75.915001995688,74.6578774361769,87.7848162681049,95.4130516609864
11.2,253.017124232125,-4.5689880592215,-0.355634351149706,-0.0620935741689946,0.213360028123226,-0.356480815172196,-0.0147025732211221,0.0274771206641749,76.20140107528,74.6260710832196,87.2233542104927,95.0123140698489
11.21,253.266509137906,-4.58788420599888,-0.355545270694088,-0.0599795205398065,0.209770448117805,-0.36565850419485,-0.0146932624541983,0.0267220377469116,76.4545292299132,74.5951731403261,86.7452152195767,94.6720329440627
11.22,253.515931538991,-4.60625289197005,-0.354955908255061,-0.057901884530844,0.206083184666844,-0.376393124161249,-0.0146641073001103,0.0259651685832853,76.5834855446895,74.5673107716938,86.4305325070482,94.3606087711494
11.23,253.765390171273,-4.62409834729215,-0.353872658180386,-0.0558617704631909,0.202273234061908,-0.389825302718622,-0.0146153044721305,0.025197955350863,76.5821976577473,74.5492390470082,86.2305605596787,94.0418246807246
11.24,254.014883810466,-4.64142516582189,-0.352295411015791,-0.0538605111569885,0.198324911002847,-0.403877913345323,-0.0145467886937383,0.0244374012879824,76.4946952617434,74.5288203607238,86.0787798925577,93.6880648565383
11.25,254.264411253112,-4.65823816457994,-0.350207747308844,-0.0518995039339322,0.194236106904434,-0.418011557468316,-0.0144578502121656,0.0236726410837099,76.344154736761,74.5042586320775,85.935949099075,93.2966321495674
11.26,254.513971307225,-4.67454232866123,-0.347589794232985,-0.0499801412442136,0.190011796382694,-0.43091295016102,-0.0143476526703703,0.0229213910106415,76.1506566701076,74.470715340606,85.79518907898,92.87109948276
11.27,254.763562791981,-4.69034274425159,-0.344421832047614,-0.048103692793349,0.185668000313381,-0.442028405653525,-0.0142153774071278,0.0221689253071692,75.9389533389751,74.4334098952256,85.6358932510306,92.4237136953595
11.28,255.013184533839,-4.70564469883665,-0.340706871465383,-0.0462712460970216,0.181224961422067,-0.450914124192269,-0.0140610633990028,0.0214233689900177,75.7964570277402,74.3864881462015,85.3805822777214,91.9615755599892
11.29,255.262835368952,-4.72045384926217,-0.336463111366365,-0.0444836660662355,0.176705531504027,-0.457747086709474,-0.0138854005110414,0.0206935073371195,75.6809655263994,74.3347628523005,85.1031097876082,91.4991546119371
11.3,255.512514146123,-4.73477617969071,-0.331703952057874,-0.0427416321492081,0.172122231037122,-0.464082533548579,-0.0136888779136578,0.0199595675328897,75.5441520964808,74.2880892433211,84.859714281261,91.0498559889121
11.31,255.76221974693,-4.74861799120162,-0.326446365981845,-0.0410457642587763,0.167479810230894,-0.469610678196733,-0.0134721197490831,0.0192389814395211,75.3741700472103,74.24269099689,84.6680804069389,90.6162656684489
11.32,256.011951098463,-4.76198588256059,-0.320710567658599,-0.0393966276306642,0.162780126176069,-0.47567512531161,-0.0132358844191356,0.0185127230971096,75.1653125731457,74.1944524756926,84.5181787889994,90.1966515765551
11.33,256.261707167802,-4.77488686396902,-0.314524351511186,-0.0377948167973585,0.158021153762046,-0.481392841682641,-0.0129812372666239,0.0177991078928171,74.9181606040894,74.1311684411454,84.3977152283755,89.7836854184379
11.34,256.511486961799,-4.78732832354286,-0.307913696820073,-0.0362408899358724,0.153208976161304,-0.486521795194688,-0.0127091894955306,0.0170800453695974,74.628740490669,74.0467085301269,84.2899248913828,89.3702587990832
11.35,256.761289517129,-4.79931811799763,-0.30091349971437,-0.0347353430815177,0.148351764891061,-0.490455858142712,-0.012421122457869,0.0163738427570213,74.2983058130763,73.9320206241922,84.182612728218,88.9480137998029
11.36,257.011113898302,-4.81086451622699,-0.293555796751989,-0.0332785677914001,0.143458276172411,-0.494034091323405,-0.0121183191242446,0.0156624337480096,73.9346037073711,73.7838607313138,84.0557094908288,88.51380197603
11.37,257.260959194446,-4.82197628400012,-0.285882727520685,-0.0318709087821765,0.138532917469725,-0.49686946251445,-0.0118024616290721,0.0149637959818353,73.5369959236022,73.5974687202287,83.9107126607415,88.0666882558616
11.38,257.510824520588,-4.8326626293623,-0.277929109308911,-0.0305126493828019,0.133580432729197,-0.499699466149314,-0.0114749501938113,0.0142612355126825,73.1018882481125,73.3736113874975,83.7463287007617,87.6062622616517
11.39,257.760709019286,-4.84293322837936,-0.269735851441491,-0.0292040454474768,0.128607187575147,-0.500793056517518,-0.0111374221486836,0.0135730062837621,72.6324597512397,73.1025906864337,83.5634524881723,87.1427213982701
11.4,258.01061186233,-4.85279820669021,-0.261346366296969,-0.0279451996729835,0.123630367339397,-0.50078349460336,-0.010791654607994,0.0128835270458467,72.129589103891,72.7812289311921,83.3560591099814,86.6764404059835
11.41,258.26053224972,-4.86226821066027,-0.25280988263464,-0.0267360885460167,0.118661917810406,-0.49939506791912,-0.0104396626016198,0.0122102220988223,71.5924561208429,72.4139517778951,83.1181338861401,86.1922937945342
11.42,258.510469403289,-4.87135429880957,-0.244166707089227,-0.0255765834013036,0.113707554521567,-0.497966937594448,-0.0100831076135816,0.0115383982507448,71.0317941342061,72.0063533304908,82.8346133297017,85.6844464044526
11.43,258.760422565118,-4.88006790836169,-0.23545270641159,-0.0244665219065885,0.10877403545625,-0.495081647378578,-0.00972347239356875,0.0108859535819808,70.4602672920724,71.5610537518554,82.4995165152203,85.1522032538307
11.44,259.010390992826,-4.88842075089698,-0.226701816965211,-0.0234056067637045,0.103876188099276,-0.491144956425706,-0.00936216884152546,0.0102397127954004,69.8759202106937,71.0869383337138,82.1265523638561,84.6004100832935
11.45,259.260373961162,-4.89642484428685,-0.217950651895258,-0.0223934224772224,0.0990268696621095,-0.485401577055233,-0.00900071798486452,0.00961685805493054,69.2800397493651,70.5898581204614,81.7273777392798,84.0341538921086
11.46,259.510370765367,-4.90409240552049,-0.209229654771464,-0.0214294050820163,0.0942378430409601,-0.479089730971865,-0.00864039383082829,0.00900452538487759,68.6759964559889,70.0766587009341,81.3081205297224,83.4578111111244
11.47,259.760380725585,-4.91143585918829,-0.200573876921145,-0.0205129159603364,0.0895166245994156,-0.471761007029579,-0.00828264679719252,0.00841219794399293,68.0695060490437,69.5516120194512,80.8708314345707,82.8738936004509
11.48,260.010403186152,-4.91846777978154,-0.192009532250606,-0.0196432029551328,0.0848783989613839,-0.462563616501509,-0.00792858052615883,0.00784921856008161,67.4654161452429,69.018579018564,80.4159335892589,82.2836065180737
11.49,260.260437512575,-4.92520074780342,-0.183555035594187,-0.0188193464127664,0.0803382415231543,-0.452117880609404,-0.00757899428676503,0.00730320517670056,66.8804798979788,68.4805371879157,79.9296941518821,81.6879957911626
11.5,260.510483089861,-4.93164731550721,-0.175230036464616,-0.0180402985978396,0.0759089462483607,-0.440353579533588,-0.00723472024382976,0.00678938275744189,66.3164119011668,67.9426273207817,79.4243233227438,81.0937584445747
11.51,260.760539324198,-4.93781992808183,-0.167051110740291,-0.0173048942969628,0.0715989804447896,-0.428123321531408,-0.00689646098128473,0.00629566726045209,65.7698390144526,67.4113609328786,78.9145175840205,80.5063866751598
11.52,261.010605647352,-4.94373095120761,-0.159038800330611,-0.0166118970459131,0.0674189491476308,-0.414145157407423,-0.00656507685949629,0.00583652724840657,65.2391815035144,66.8902928509911,78.4075561800043,79.9281777536525
11.53,261.260681516941,-4.94939258339977,-0.151207270885447,-0.0159599150113041,0.0633838684344506,-0.399209158100204,-0.0062411749647992,0.00540006114871629,64.72404626639,66.382196690029,77.9066856247838,79.3593981782423
11.54,261.510766417644,-4.95481682927458,-0.143570089193508,-0.0153474587617011,0.0595016388557045,-0.383313128340988,-0.00592532812516707,0.00499873751712744,64.2252826468705,65.8878811710992,77.4124782538189,78.8011991948434
11.55,261.76085985904,-4.96001539834698,-0.136135630210227,-0.0147729550465138,0.0557785174337266,-0.367281498416205,-0.00561789769817775,0.0046202747386475,63.7440395847832,65.4080686013027,76.9249787609338,78.2536460109127
11.56,262.010961373822,-4.96499976469659,-0.128922603293147,-0.0142348115847241,0.052215464405052,-0.350991862653498,-0.00531965316939158,0.00427595718678989,63.2854923527133,64.9428539570961,76.4380136650127,77.7170669208165
11.57,262.261070512639,-4.96978116053445,-0.121942712505968,-0.0137314069739397,0.0488161204998269,-0.334315836386277,-0.00503108600017003,0.00395368992253927,62.8613908418679,64.4916526417967,75.9407377723587,77.1914231273189
11.58,262.51118684165,-4.97437048714245,-0.115198860467564,-0.0132610766763994,0.0455865145351831,-0.316807577089211,-0.00475233265536627,0.00366366264070725,62.4651340697757,64.0641666897678,75.4473265053163,76.6738895181006
11.59,262.76130994301,-4.97877822188105,-0.108692644802228,-0.0128220886947704,0.0425310123458668,-0.299378859520891,-0.00448346777281945,0.00339378725476271,62.091136639908,63.668693430194,74.9699090234485,76.1633915572467
11.6,263.011439417543,-4.98301447150859,-0.102429769657009,-0.0124127108762301,0.0396488145684592,-0.281783842938739,-0.00422472169037897,0.00315255755995372,61.7397267382343,63.3017645058481,74.5160724741059,75.6727721694665
11.61,263.261574889598,-4.98708893594117,-0.096414284845361,-0.0120312023791921,0.0369397006845605,-0.264683712117244,-0.0039762596557783,0.00292828346822418,61.4104372169613,62.9594209409333,74.0868718242014,75.2054462055737
11.62,263.511716007231,-4.99101097134079,-0.0906540759573537,-0.0116758647293844,0.0343987604117466,-0.24777701890115,-0.00373839308039835,0.002728454160016,61.1017221916595,62.6381607612436,73.6799824271682,74.7621699910475
11.63,263.76186244295,-4.99478952760642,-0.0851483419091997,-0.0113450254978369,0.0320231198010672,-0.231483953256241,-0.00351108691635413,0.00254230231032716,60.8112966342093,62.3344799386271,73.2927877232979,74.3402521946217
11.64,264.012013890886,-4.99843315352311,-0.0798975140169221,-0.0110370677489681,0.0298069436587243,-0.215575395174127,-0.00329435145884817,0.00237659506062367,60.5365201390957,62.0456873716328,72.9218135597684,73.9375352522127
11.65,264.262170065754,-5.00194996896554,-0.0748983530819694,-0.0107504199221977,0.0277448474043535,-0.200513318245983,-0.00308805055433242,0.00222147894580188,60.2751814930588,61.7690389242142,72.5647656321831,73.5509052245106
11.66,264.512330699224,-5.00534770432446,-0.0701503895100038,-0.0104835871314679,0.0258294673294046,-0.185887237401929,-0.00289215629889638,0.00208321965556552,60.0251120975505,61.502728523793,72.2192420524422,73.1788996672806
11.67,264.762495538332,-5.00863369897561,-0.0656522828503256,-0.010235123514629,0.0240558253187518,-0.172091631282046,-0.00270660930743068,0.00195313547154201,59.7871416878918,61.2450532135972,71.8812415588903,72.8190818337962
11.68,265.012664341853,-5.01181494866918,-0.06140357296852,-0.0100036597764077,0.0224159824652086,-0.158861209344834,-0.00253138389685541,0.00183680425067275,59.5672924959887,60.9938648349338,71.5408709820262,72.4707198835573
11.69,265.262836877391,-5.01489806670608,-0.0573990398049628,-0.00978789270308582,0.0209023908442271,-0.146706743516302,-0.00236626102840412,0.00172661748707681,59.3619316718146,60.7505604643413,71.2080784596017,72.1366735450279
11.7,265.513012924371,-5.01788932526291,-0.0536358503297743,-0.0095866177390803,0.0195053323742642,-0.135295415371779,-0.00221111426235197,0.00162801178564965,59.1662939029601,60.5161813624594,70.8889722635517,71.8188323072209
11.71,265.763192275791,-5.02079463985229,-0.0501064780712365,-0.00939870939933023,0.0182169311237821,-0.124832884782554,-0.00206563094164254,0.00153467978288782,58.9775299706784,60.2898310668216,70.5855942483249,71.516007676864
11.72,266.013374738117,-5.02361958895417,-0.0468037289752591,-0.00922313109185679,0.0170288619882786,-0.11499350970968,-0.00192951039296056,0.00145169495827337,58.7937319146505,60.0704771144306,70.2963943827802,71.2272233076102
11.73,266.263560131372,-5.02636939942754,-0.0437171025607035,-0.00905891238671185,0.0159346042971027,-0.105942205836428,-0.00180232097859324,0.00137354799609465,58.6138846374686,59.8562460963075,70.0194926453969,70.9500365032268
11.74,266.513748287081,-5.02904897065213,-0.0408370814303632,-0.00890515643009404,0.0149273111827995,-0.0973989156645828,-0.00168366921201061,0.0013046893689933,58.4367348855523,59.6459421243976,69.7522021701433,70.6830297899235
11.75,266.763939046725,-5.03166286719226,-0.0381519527346756,-0.00876102034660774,0.0140016781457166,-0.0894890550099641,-0.00157307484103748,0.00124024264753772,58.2617190523541,59.4382986615172,69.4932879576133,70.4242353240378
11.76,267.014132260137,-5.03421534908302,-0.0356523926488505,-0.00862572102106448,0.0131518963308542,-0.0820914737553582,-0.00147015181488357,0.0011821279246668,58.0882800576671,59.2329351442996,69.2415110869361,70.1728777868307
11.77,267.264327784964,-5.03671037993622,-0.0333268626799051,-0.00849852644970455,0.0123733940176326,-0.0750817222107501,-0.00137442616716567,0.00113173826556393,57.9158986505746,59.0297531304449,68.9961062885675,69.9283555828619
11.78,267.5145254857,-5.03915162022163,-0.0311635564017543,-0.00837874562888419,0.0116617494720125,-0.0686297031779037,-0.00128541309965978,0.00108501905592363,57.7447598723887,58.8285259023982,68.7572323369926,69.6899051898756
11.79,267.764725233156,-5.04154245925388,-0.0291525069557215,-0.00826573967977094,0.011011982731391,-0.0625600830765322,-0.00120270034665692,0.00104487867197074,57.5747356112877,58.6296445355094,68.5243351890953,69.4576806951301
11.8,268.014926904011,-5.04388601970939,-0.0272829385036306,-0.00815891024165575,0.010420034027767,-0.056981740805689,-0.00112584401988802,0.00100783817298474,57.406278267976,58.433126064889,68.2977201327486,69.2311350379202
11.81,268.265130380061,-5.04618518390998,-0.0255457954734681,-0.0080577047461948,0.00988161740326083,-0.0517338769037176,-0.00105446847867129,0.000976321325297713,57.2394784004736,58.2395731266636,68.0770111862527,69.0105588893471
11.82,268.51533554833,-5.04844259961534,-0.023931417372765,-0.00796160608416766,0.00939307861201352,-0.0469386957102978,-0.000988174479654056,0.00094731052468854,57.0748703525346,58.0490718462303,67.8625343993435,68.7954996805634
11.83,268.765542300369,-5.05066070355193,-0.0224317196248054,-0.00787013993036447,0.00895025114719045,-0.0424809576848138,-0.000926625177662889,0.00092280524490061,56.9125705072803,57.86218128894,67.6539515609762,68.5862984073306
11.84,269.015750531932,-5.05284172861977,-0.0210380516171173,-0.00778286662402132,0.00854979730216058,-0.0383919546402508,-0.000869462000837475,0.00090024572161572,56.7534030390018,57.6792721880387,67.4511247983092,68.3821071423414
11.85,269.265960142189,-5.05498771976197,-0.0197425827642953,-0.00769938225570897,0.00818822809546032,-0.0346282252565871,-0.000816357964060295,0.000881315964246268,56.5994563349403,57.5028486093781,67.2499349039128,68.1794135867188
11.86,269.516171032183,-5.05710054220635,-0.0185376730421342,-0.00761931578148567,0.00786214520115541,-0.031236918008086,-0.000766993765192068,0.000863874064949425,56.4501295773646,57.3328253951674,67.0550067987014,67.9812165408553
11.87,269.766383104778,-5.05918190040683,-0.0174164392549693,-0.00754233149625361,0.00756831403355501,-0.0281005066628696,-0.000721081425383027,0.000849297618206571,56.3051236587868,57.1694423067596,66.8690642301565,67.7907564382669
11.88,270.016596267312,-5.06123334366547,-0.0163719468696097,-0.00746812033572873,0.00730412088992473,-0.0252677484034075,-0.000678332276149529,0.000835834252256642,56.1646878256785,57.0123220549383,66.6930829260828,67.608606439694
11.89,270.266810431972,-5.0632562854309,-0.015398584809721,-0.00739640195996947,0.00706683128111606,-0.0226579088348277,-0.000638511149576555,0.000824616343534958,56.0285549948144,56.8613981051176,66.5264899802067,67.434932863616
11.9,270.517025515504,-5.0652520124755,-0.0144908795163701,-0.00732691914897569,0.00685417112909075,-0.020305995487043,-0.000601389709538491,0.000814251939582354,55.8967706504591,56.7161532197374,66.3688439308915,67.2688872815025
11.91,270.767241438793,-5.06722170120547,-0.0136443913919291,-0.00725943918182511,0.00666382363385589,-0.0181442014036769,-0.000566781756076515,0.000805689623236044,55.7690192129668,56.5764901498068,66.2190586118817,67.1100485814736
11.92,271.017458126319,-5.06916642514105,-0.0128547706806942,-0.00719374897292913,0.00649386705951936,-0.0161978205602318,-0.000534505967149237,0.000797838095680271,55.6454377833616,56.4420107699145,66.0766288463902,66.9575426333381
11.93,271.267675505627,-5.07108716797339,-0.0121184601936056,-0.00712965590506412,0.00634237531256426,-0.0144090853300135,-0.000504413494127741,0.000791467772323803,55.5259165409067,56.3128041090869,65.9407127274699,66.8111525271975
11.94,271.517893506974,-5.07298482942716,-0.0114319437479772,-0.00706698362077803,0.00620776860123477,-0.012795772411233,-0.000476358252202361,0.000785725501998387,55.4108183585663,56.1887285003214,65.8111447068758,66.6703760962399
11.95,271.768112063053,-5.07486023553688,-0.0107923191054592,-0.00700557245814386,0.00608847685825272,-0.0113116831298831,-0.000450219375669382,0.000781207257561636,55.3002144428176,56.0700473682516,65.6874262797439,66.5352889304156
11.96,272.018331108833,-5.07671414334761,-0.0101967058032469,-0.00694527603631126,0.00598321576612487,-0.00996889143271796,-0.000425877783359398,0.000777245316804974,55.1945601953371,55.9567527175187,65.5696376216143,66.4056548876774
11.97,272.268550581477,-5.07854724896482,-0.00964270569976563,-0.00688596148478599,0.00589070622712644,-0.00873386703049943,-0.00040323420368142,0.000774267595336322,55.0939628500058,55.8491427005735,65.4574816445276,66.2816972990417
11.98,272.518770420318,-5.08036019164501,-0.00912796907601629,-0.00682750698721276,0.00580987061038937,-0.00761509163030833,-0.000382191976684324,0.00077175415754529,54.9988008766309,55.7471719684375,65.351089712604,66.1632513477351
11.99,272.768990566812,-5.08215356007963,-0.00865046527424353,-0.00676980177513786,0.00573967665117781,-0.00658712828432764,-0.000362667455971462,0.000769979755721682,54.9099272481957,55.6509052312321,65.2489535973934,66.0503710383984
12,273.019210964698,-5.08392789506483,-0.00820816265907875,-0.00671274447379593,0.00567917279585309,-0.00566179012797497,-0.000344577156965795,0.00076854973825382,54.8278600588267,55.5599543132458,65.1507020467797,65.9427449600314
12.01,273.26943155907,-5.08568369448521,-0.00779930264358568,-0.00665624376860286,0.00562735503401141,-0.00483276215421712,-0.000327848809339543,0.000767534032961351,54.7517298393555,55.4746382598113,65.0576902504214,65.8408665909533
12.02,273.519652297044,-5.08742141675039,-0.00742215383325274,-0.00660021783459462,0.00558331912123545,-0.00409045713089567,-0.000312411584304408,0.000766870400499107,54.6811176278391,55.39509825807,64.9704504545941,65.7450101155517
12.03,273.769873128204,-5.08914148401087,-0.0070751328112505,-0.00654459349792784,0.00554621132119214,-0.00343496724634924,-0.000298200830623746,0.000766366941325784,54.6159356154002,55.3210605835919,64.8891681455317,65.6549833756682
12.04,274.020094004684,-5.0908442863266,-0.00675684086134037,-0.0064893060927135,0.00551520221985399,-0.00285917766634117,-0.000285159473579431,0.000765985831724,54.5558090223603,55.2523391494752,64.8134191271441,65.5707137601957
12.05,274.270314881079,-5.09253018483931,-0.00646594937723873,-0.00643429886594753,0.00548952523587814,-0.00235847950036277,-0.000273233439534486,0.000765649461174322,54.5005733090055,55.1884640866829,64.7430016633871,65.4917744020288
12.06,274.520535714326,-5.09419951443663,-0.00620120735032602,-0.00637952250667043,0.0054684491220848,-0.00193093538491758,-0.000262371893693552,0.000765244976888981,54.4497795035605,55.1291645403237,64.6774053913168,65.4179666297682
12.07,274.770756463581,-5.09585258639123,-0.00596141302717149,-0.00632493490187278,0.00545127917160377,-0.00156864760299865,-0.000252526071167616,0.000764799801681164,54.4032133995953,55.0739812773642,64.6164385922771,65.3488597725444
12.08,275.02097709015,-5.09748969002046,-0.00574536579844817,-0.00627050047693462,0.00543737065177523,-0.00127321740811652,-0.000243647342537119,0.000764141250694239,54.3604340776646,55.0226693804981,64.5596653355344,65.2842698786121
12.09,275.271197557387,-5.09911109498712,-0.00555190738998236,-0.00621619015242826,0.00542610596320948,-0.00103246324644143,-0.000235688803809951,0.000763395633365625,54.3212178330768,54.9748004231185,64.5069136810986,65.2237912719825
12.1,275.521417830706,-5.10071705255993,-0.005379930325275,-0.00616198072143195,0.00541686022011332,-0.000862897146032046,-0.000228605610109711,0.000762341100670541,54.2852018997253,54.9297715890327,64.4578601624859,65.1678164369224
12.11,275.771637877778,-5.10230779881654,-0.00522833648219375,-0.00610785505139351,0.00540916263103658,-0.000718617747144718,-0.000222353705668094,0.000761182071986355,54.2522680004329,54.8864620431694,64.4123501156579,65.1167166789644
12.12,276.0218576686,-5.10388355333205,-0.0050958708222148,-0.0060537992721625,0.00540266721374312,-0.000623469975043304,-0.000216882821926009,0.000759663816374822,54.2216255515041,54.8450792097721,64.3695098261314,65.0689468813054
12.13,276.272077174894,-5.10544452189346,-0.00498148823382095,-0.00599980428292009,0.00539687296420222,-0.000569025651362616,-0.000212150773048636,0.000758076053921965,54.1928201121087,54.8062329414375,64.328891982477,65.0225872492771
12.14,276.522296369761,-5.10699089719726,-0.00488404457815615,-0.00594586493853675,0.00539142161821303,-0.000555305118658746,-0.000208111615569021,0.000756143625577698,54.1653732500991,54.770307791889,64.2900872344152,64.9768468578908
12.15,276.77251522682,-5.10852286025266,-0.00480240852641476,-0.00589197983527722,0.00538600382522406,-0.000556700315927884,-0.000204719799366247,0.00075421778224152,54.1395052683567,54.7364866925802,64.2534536424253,64.9328094196683
12.16,277.022733720682,-5.11004057896168,-0.00473524979401427,-0.00583814938115806,0.00538045168523436,-0.000583477815597278,-0.000201921786707342,0.000751982101609376,54.1152334027913,54.7044892240544,64.2191113449896,64.8911643268795
12.17,277.272951827388,-5.11154420902367,-0.00468128475369314,-0.00578437620373318,0.00537458097513618,-0.000615742235110087,-0.000199665713537959,0.000749816465639589,54.0925288120374,54.6740157520276,64.1871198539328,64.851938169737
12.18,277.52316952452,-5.11303389246859,-0.00463907432470126,-0.00573066379107776,0.00536829550804612,-0.000668457673634808,-0.000197893437845956,0.000747368169685856,54.0711345481914,54.6449473000301,64.1572826548038,64.8150607550211
12.19,277.773386791155,-5.11450975917065,-0.00460730885414186,-0.0056770173284875,0.00536145779342606,-0.000721404090076013,-0.000196551785823522,0.000745041274221246,54.0508522718854,54.6169974621792,64.1294203583806,64.7801823131356
12.2,278.023603607759,-5.11597192581091,-0.00458457025121758,-0.00562344235443037,0.00535402045457931,-0.000790738724800533,-0.000195583212406734,0.000742456568223978,54.0313617878963,54.5900037138378,64.1032111185987,64.7470649590271
12.21,278.273819956062,-5.11742049784796,-0.00456962140131305,-0.00556994567719876,0.00534588890982808,-0.000855506655612231,-0.000194937232248458,0.000740033523374909,54.0124812368217,54.5636922834876,64.0784512042438,64.7153682514217
12.22,278.524035818938,-5.11885556867951,-0.004561141487907,-0.00551653399757463,0.0053370594106861,-0.00093312057170875,-0.00019456002277567,0.00073737005660217,53.9939633350547,54.5379387077542,64.0548672757528,64.6849105917365
12.23,278.774251180302,-5.12027722186564,-0.00455802392320585,-0.00546321492125461,0.00532747147491617,-0.00100267796178095,-0.000194406186280414,0.000734892282854815,53.9756874972367,54.5125240715533,64.0322966470899,64.6554241266781
12.24,279.024466025013,-5.12168553041108,-0.00455909513749195,-0.00540999561282904,0.00531715092709882,-0.00108287596783914,-0.000194427696936029,0.000732179810607289,53.9574644694529,54.4873603026032,64.0105092450661,64.626766860383
12.25,279.274680338779,-5.12308055916223,-0.00456341823384614,-0.00535688391528259,0.00530605674683262,-0.00115317428965908,-0.000194585883636542,0.000729659921939463,53.9392525728011,54.4623115483462,63.9894136676678,64.5987611520109
12.26,279.524894108093,-5.12446236417818,-0.00456999911682541,-0.00530388705536588,0.00529422911146242,-0.00123318838248117,-0.000194839873896651,0.000726900194739423,53.920931623797,54.4373450233581,63.9688404917878,64.5713164848568
12.27,279.775107320148,-5.12583099522606,-0.00457809140872689,-0.00525101284259605,0.00528163405789507,-0.00130273810406058,-0.000195158622026458,0.000724326014774066,53.9024741086537,54.4123459683883,63.9486939135385,64.5442652566369
12.28,280.025319962772,-5.12718649508657,-0.00458683845733718,-0.00519826829037591,0.00526836820834721,-0.0013689685010017,-0.00019550684561603,0.00072171865807532,53.8838421190772,54.3873258944391,63.9288907216127,64.5175535157313
12.29,280.275532024363,-5.12852890091996,-0.00459567656263343,-0.00514566015712698,0.00525438656508782,-0.00144862373622415,-0.000195860877315826,0.000718840416002961,53.8650094767672,54.3622728887976,63.909323866194,64.4911206318372
12.3,280.525743493844,-5.12985824707856,-0.00460414229491572,-0.00509319612740364,0.00523966165110031,-0.00151219944143788,-0.000196201094826529,0.000716122785193314,53.8459576672995,54.3371591243351,63.890059385565,64.4648908473289
12.31,280.775954360753,-5.1311745630735,-0.00461162705275907,-0.00504088287070007,0.00522424922936002,-0.00159577102724193,-0.000196502062857124,0.000713134436763554,53.826111166191,54.3121251675267,63.8717484843473,64.4389123872583
12.32,281.026164615393,-5.13247787701074,-0.00461794854462346,-0.00498872857037972,0.00520797559810804,-0.0016743560313334,-0.00019675528815834,0.000710287115619939,53.8057428854953,54.2866338347768,63.8538291104324,64.4134283215995
12.33,281.276374248744,-5.13376821502742,-0.00462266438275676,-0.00493674103061734,0.0051909555026177,-0.00175269306965108,-0.000196942465475227,0.000707151813281391,53.7850594466237,54.2604698910682,63.8356342965878,64.3882006285646
12.34,281.526583252155,-5.13504560254827,-0.00462560312663324,-0.00488492788851518,0.00517319426874584,-0.00182069907870389,-0.000197056061620047,0.000704130239948003,53.7641429237472,54.2338659184602,63.8168246255795,64.3626392969204
12.35,281.776791616943,-5.13631006428132,-0.00462657987765785,-0.00483329610582314,0.00515471927407068,-0.00190009960746195,-0.000197088134427142,0.000700804897547469,53.7431188745278,54.2071153195389,63.7973483341038,64.3366173677264
12.36,282.026999334226,-5.13756162663064,-0.00462561598548763,-0.0047818533535582,0.00513548542234104,-0.00197048739966256,-0.000197038998508107,0.000697574420203816,53.7223682734343,54.1804565168409,63.7771779452314,64.310192883818
12.37,282.27720639495,-5.13880031668562,-0.00462262659291816,-0.00473060688205284,0.00511549859344296,-0.00205400524203839,-0.000196904829625825,0.000694041254637272,53.7023195828096,54.154255288836,63.7561769330717,64.283302637159
12.38,282.527412789776,-5.14002616431934,-0.00461773021092202,-0.00467956478126402,0.00509471105761211,-0.00212906151755302,-0.000196690083018197,0.000690592998323791,53.6828680130265,54.1291730695503,63.7349622014576,64.2557520359816
12.39,282.777618508979,-5.14123920129419,-0.00461093981629906,-0.00462873463450039,0.00507315540262213,-0.00221196595017844,-0.000196395200910732,0.000686850167063493,53.6642017332491,54.1051779076676,63.7141025242388,64.2284247283446
12.4,283.027823542753,-5.14243946300214,-0.00460243794249302,-0.00457812448404071,0.00505081182288417,-0.00228484648350346,-0.000196027407480176,0.00068318369904868,53.6465887590923,54.0823412086071,63.694023607121,64.2018704486075
12.41,283.278027881573,-5.14362698736408,-0.00459229042706756,-0.00452774170024032,0.0050277277555426,-0.00236486585202704,-0.000195589413793312,0.000679227933654514,53.6301268712487,54.0607407487065,63.6749195487271,64.1763517204297
12.42,283.528231516284,-5.1448018162196,-0.00458070172471143,-0.00447759404965669,0.00500388011732539,-0.00243598363276562,-0.000195089453418002,0.000675334873660042,53.6148699498939,54.0403791775319,63.6568890206562,64.1519660149911
12.43,283.778434438127,-5.14596399411519,-0.00456775304140524,-0.00442768872552519,0.00497930616202694,-0.00251472933451758,-0.000194530950037486,0.000671155005404844,53.6007962593457,54.0212568459424,63.6399483543189,64.1287507975481
12.44,284.028636638722,-5.14711356954473,-0.00455364930896585,-0.00437803337819686,0.0049539763759323,-0.00258568303266558,-0.000193922231848799,0.000667023313265006,53.587902578636,54.0033391553649,63.6241119186559,64.1067097290806
12.45,284.278838110055,-5.14825059373094,-0.00453847065683762,-0.00432863517947179,0.00492792019112359,-0.00266442710666919,-0.000193266730437258,0.000662607768653035,53.5761404630432,53.9866008666751,63.6093532104811,64.0858287135253
12.46,284.529038844457,-5.14937512174573,-0.00452240838412997,-0.00427950178876021,0.00490110479318276,-0.00273618513705344,-0.000192572266056955,0.000658227356078834,53.5655071893041,53.9710139901748,63.5956799523809,64.0661067678684
12.47,284.779238834599,-5.15048721129949,-0.00450552925603256,-0.00423064045199707,0.00487355464426259,-0.0028156136221341,-0.000191841755073165,0.000653568603247414,53.5559670777209,53.9565635693128,63.5830825288391,64.0475420360529
12.48,285.029438073483,-5.15158692375282,-0.00448800026178957,-0.00418205890503649,0.00484523650469753,-0.00288855356178469,-0.00019108205672212,0.000648935774410255,53.5475246858944,53.9432335051949,63.5715792500759,64.0301465825081
12.49,285.279636554449,-5.15267432292311,-0.00446986579035424,-0.00413376450476888,0.00481617301791011,-0.00296872128046946,-0.000190295190771642,0.000644034511042975,53.5401422067983,53.9310043480835,63.5611587563052,64.0139128990085
12.5,285.52983427118,-5.15374947600052,-0.00445126155955578,-0.00408576506798441,0.00478633385392112,-0.00304254702936562,-0.000189486760524183,0.000639155148253913,53.5338181618008,53.9198580532259,63.5518367320929,63.9988525803201
12.51,285.780031218304,-5.15481245238587,-0.00443220561140907,-0.0040380679798913,0.00475575095779486,-0.00312301859646238,-0.000188657725254113,0.000634022251454504,53.5960786699179,53.977278808427,63.6413128615591,64.0825619944667
12.52,286.030227442677,-5.15586332471968,-0.0044127948770946,-0.00399068106798786,0.00472439147681394,-0.00319660635153254,-0.000187812061984093,0.000628911669848936,54.3334386322318,54.7093136795284,64.5837037604021,65.0183893614676
12.53,286.280423350038,-5.1569021688343,-0.00439298918007649,-0.00394361180750172,0.00469226195721842,-0.0032833790266898,-0.000186948061560678,0.000623566782616857,56.2417491838525,56.6115688408994,66.9385524597925,67.3653328412267
12.54,286.530620011776,-5.15792906533872,-0.00437276622972944,-0.00389686859531734,0.00465927463792996,-0.00336915762969287,-0.000186064429984052,0.00061825245880117,59.2952338047429,59.6584693295632,70.6635444118879,71.0809953539544
12.55,286.780819175621,-5.1589440976623,-0.00435190674203185,-0.00385046004412117,0.00462538893017771,-0.00346977552946192,-0.000185151895439785,0.000612862527569815,63.2156116604852,63.5726534619101,75.4320898442118,75.8384565899719
12.56,287.03102311656,-5.15994735221745,-0.00433038698921815,-0.00380439615697656,0.00459041551281527,-0.00358799187663366,-0.000184208966873655,0.000607295183444315,67.6649762056714,68.0161473313856,80.8501071796208,81.2444408538322
12.57,287.281234406495,-5.16093891884338,-0.00430815343053078,-0.00375868849622006,0.00455426772235598,-0.00370450740799342,-0.000183233334802832,0.000601805686538732,70.8513726952994,71.197359594296,84.6192464149592,85.0038294225677
12.58,287.531455150579,-5.16191888707396,-0.00428512345872004,-0.00371334806747711,0.00451712546409297,-0.00378745635562471,-0.000182222576232086,0.000596181776994392,73.7207385851214,74.0602965134355,88.1782887901793,88.5548421162268
12.59,287.781687067439,-5.16288734654772,-0.00426118103805137,-0.00366838310222022,0.00447927173278485,-0.00385580994203817,-0.000181172526470927,0.000590658156453086,76.8290546694677,77.1621336161332,92.035647198862,92.4038358844499
12.6,288.031932019401,-5.16384438855664,-0.00423639390753431,-0.00362380051851904,0.0044407036231977,-0.00393172848465546,-0.000180085843359943,0.000585033837748387,80.1612438850769,80.4885179044407,96.1812693416561,96.5402652670191
12.61,288.282191999081,-5.16479010747987,-0.00421080333718979,-0.00357960762089454,0.00440143220094702,-0.0039959782307662,-0.000178964179156635,0.0005795302568775,83.6809700115162,84.0028569851229,100.575219295184,100.924506674222
12.62,288.532469111522,-5.16572459879087,-0.00418430522352261,-0.00353581075869034,0.00436156199465532,-0.00405495639927264,-0.000177803485993239,0.00057396416419811,87.3426039609876,87.6594157556024,105.165066360862,105.504327011499
12.63,288.782765548591,-5.16664795914171,-0.00415686242595252,-0.00349241561054041,0.00432117328870324,-0.00409894510390997,-0.000176602366594081,0.000568530032710165,91.0995259623141,91.411519480617,109.896077726728,110.225114483035
12.64,289.033083562119,-5.16756028537662,-0.00412837438875967,-0.00344942655515704,0.00428038969414529,-0.0041339597888895,-0.000175356905265984,0.000563050334250059,94.9090644897496,95.2161400075108,114.71649481154,115.035564759342
12.65,289.283425127686,-5.16846167369941,-0.00409878717047681,-0.00340684734829579,0.00423929717454754,-0.00414139552152414,-0.000174065209423986,0.000557702205491926,96.488943757165,96.790037590063,116.818643044009,117.133002504126
12.66,289.533791238892,-5.1693522162312,-0.00406801017627297,-0.0033646792940637,0.00419814805007653,-0.00415120104623891,-0.000172723974520488,0.000552319209585301,98.103769508446,98.3959563226333,118.939547410522,119.252055799013
12.67,289.784182899501,-5.17023200524461,-0.00403607655151936,-0.00332292313633927,0.0041569412541999,-0.00415368928028746,-0.000171334486460837,0.000547048153204722,99.803955853222,100.088645261811,121.155852815511,121.464812160007
12.68,290.034601148817,-5.17110113327781,-0.00400301853464481,-0.00328157907648025,0.00411572668754031,-0.00415498187822698,-0.000169898289936788,0.000541731772680265,101.561151082247,101.841177363654,123.445595280719,123.748317984562
12.69,290.28504706312,-5.1719596942007,-0.0039689888127953,-0.00324064706180363,0.00407455223545753,-0.00414522539909334,-0.000168421724351497,0.000536517005450841,103.397064901189,103.673481106909,125.837448573242,126.132998791232
12.7,290.535521763477,-5.1728077830549,-0.00393411542112077,-0.0032001261239163,0.00403350072354172,-0.00413261978627334,-0.000166910174157633,0.000531256372945266,105.298580331086,105.57157482783,128.315059663478,128.603345728803
12.71,290.786026411464,-5.17364549645206,-0.00389857410298608,-0.00316001491185824,0.00399260705937911,-0.00411323341456091,-0.000165370894543584,0.000526081098404136,107.250860802033,107.520353354574,130.859880604834,131.141064158908
12.72,291.036562199918,-5.17447293184704,-0.00386247886033646,-0.00312031152984092,0.00395191091194269,-0.00409429813117069,-0.000163808690687066,0.000520854012383052,109.240233758013,109.50616290379,133.454555445691,133.728801739404
12.73,291.287130344209,-5.17529018772517,-0.00382597236428492,-0.00308101405050965,0.00391141692607386,-0.00407042619296889,-0.000162229481931512,0.000515696100389611,111.255020063634,111.517803717609,136.084167855849,136.35109594814
12.74,291.53773207498,-5.17609736310321,-0.00378917024383933,-0.00304212020857304,0.00387115292705125,-0.004048937409211,-0.000160638198495658,0.000510482209775932,113.285596812146,113.546279871435,138.736463083275,138.995193254179
12.75,291.788368631902,-5.17689455816087,-0.0037522542409537,-0.00300362779752811,0.00383111724341098,-0.00402382256183279,-0.000159042358029381,0.00050532299174479,115.324299584922,115.583398655023,141.401598024169,141.651791655663
12.76,292.03904125898,-5.17768187383876,-0.00371535618851263,-0.00296553434988248,0.00379132896655477,-0.00400065971768298,-0.000157447474502756,0.000500105092317974,117.365016528848,117.62276270594,144.071705335785,144.313304364867
12.77,292.289751200905,-5.17845941201309,-0.00367862492747741,-0.00292783750685802,0.00375177852135241,-0.00397547878687082,-0.000155859679732621,0.000494930099138557,119.428089079407,119.684584850397,146.788455315485,147.021451420521
12.78,292.54049972832,-5.17922727496141,-0.0036421492618837,-0.00289053479387864,0.00371246890507043,-0.0039543600985086,-0.000154282677659212,0.000489695527936168,121.934306125161,122.189656836934,150.065690550899,150.289447546898
12.79,292.791288300988,-5.1799855660232,-0.00360603459018176,-0.00285362413515214,0.00367334853569636,-0.00393500853788999,-0.000152720700460801,0.000484494708405465,124.401880600487,124.656962611161,153.285166775395,153.499070600584
12.8,293.042118411086,-5.18073438856041,-0.00357031137273637,-0.00281710357727865,0.00363442439537959,-0.0039176677165035,-0.000151175094149345,0.00047923884455084,126.741241574381,126.995820392025,156.352390442201,156.557178747421
12.81,293.292991485439,-5.18147384557372,-0.00353501069251465,-0.00278097128911165,0.00359568107984966,-0.00389889110642534,-0.000149647077576488,0.000474014796920912,129.016717989536,129.26941123347,159.341542148526,159.538817674994
12.82,293.543908911932,-5.18220403920561,-0.00350009293785831,-0.00274522543202426,0.00355711586421038,-0.00388235016183849,-0.00014813504524733,0.000468779809280053,131.233122732024,131.483347459813,162.25916851773,162.449701593353
12.83,293.794872042256,-5.18292507061026,-0.0034655339128911,-0.00270986440982421,0.00351868943832697,-0.00387102241144028,-0.000146637957203907,0.000463498406595234,133.396404163453,133.644030172611,165.1128612237,165.296995622847
12.84,294.045882195917,-5.18363704026276,-0.00343131381495529,-0.00267488706499831,0.00348037402904879,-0.00385825731256105,-0.000145154940274215,0.000458249256350516,135.512050957566,135.757086109604,167.909296214093,168.087231849259
12.85,294.296940663614,-5.18434004783704,-0.00339741286114244,-0.00264029212121262,0.00344219407524842,-0.00384526068650712,-0.000143685166657027,0.000452967085727588,137.584331344536,137.826840303369,170.653602405579,170.825484550123
12.86,294.548048710041,-5.18503419252276,-0.00336382403696118,-0.00260607828861863,0.00340414182281598,-0.00383178121209256,-0.000142228282328573,0.000447720212584901,139.61628774797,139.856331151086,173.349413546386,173.515380942563
12.87,294.799207575765,-5.18571957264907,-0.00333050702264591,-0.00257224426629599,0.00336621456807354,-0.00382042517066834,-0.000140782621577081,0.000442449263411764,141.60992234676,141.847560559667,175.999102850455,176.159293157571
12.88,295.050418478529,-5.18639628591624,-0.00329744572189478,-0.00253878890758263,0.0033284015774737,-0.00380802285114377,-0.000139347485937766,0.000437217509217686,143.566496736521,143.801778740865,178.604137675721,178.758690555881
12.89,295.301682614073,-5.18706442924032,-0.00326460590802244,-0.00250571101203671,0.00329070720096831,-0.00379680572983272,-0.000137921484753281,0.000431973075104415,145.486755963232,145.719733118924,181.165343183803,181.314395172553
12.9,295.55300115664,-5.18772409899544,-0.00323197696346548,-0.00247300944684092,0.00325312896438954,-0.00378394433941819,-0.000136504171949722,0.000426773486906556,147.371157259014,147.601871309741,183.683174724174,183.826864222125
12.91,295.804375259274,-5.18837539086296,-0.00319953214554162,-0.00244068296073084,0.00321567770910142,-0.00377145125068397,-0.000135094486461343,0.000421573050651216,149.220011098743,149.448505898317,186.157913126872,186.296375360383
12.92,296.055806055176,-5.18901840003274,-0.00316726582292792,-0.00240873029132512,0.00317835956244557,-0.00375612136187452,-0.000133692213859156,0.000416423282906535,151.238708653655,151.464986603472,188.883902781617,189.016987898122
12.93,296.307294817243,-5.18965322143573,-0.00313515831534586,-0.00237714989794784,0.0031412003236883,-0.00374371715189695,-0.000132296490175362,0.000411283070581849,153.936175423673,154.160372241668,192.448217006883,192.575140809265
12.94,296.558843218751,-5.1902799504664,-0.00310320247531063,-0.00234594036595567,0.0031041822040946,-0.00372939879024432,-0.00013090687936841,0.000406197030802304,156.799541037139,157.021864451971,196.249766410932,196.370283984556
12.95,296.81045300468,-5.19089868200087,-0.00307137705821165,-0.00231510024872034,0.00306730543265983,-0.0037150849816188,-0.000129522526561286,0.000401130357015208,159.438213001347,159.658812477164,199.788295033809,199.90268865234
12.96,297.062125799412,-5.19150951013,-0.00303968002745614,-0.0022846281159427,0.00303057859488763,-0.0036978325934267,-0.00012814341904165,0.000396125127796132,161.855754058161,162.074691990023,203.058198842214,203.166810903996
12.97,297.313863099087,-5.19211252806167,-0.00300810179163566,-0.00225452228637796,0.0029940308092843,-0.00367875456372911,-0.000126769280218736,0.000391149329963231,164.083904046038,164.301204959234,206.093291645574,206.196452687251
12.98,297.565666285433,-5.19270782829584,-0.00297665089820426,-0.00222478086061033,0.00295768626321342,-0.00365614959907071,-0.000125400550490796,0.000386238357858858,166.161411469829,166.377075851891,208.938930550226,209.036936866735
12.99,297.817536647668,-5.19329550255323,-0.00294532788119724,-0.00219540161981877,0.00292157436869609,-0.00363206201181935,-0.000124037355690443,0.000381362077668645,168.12274701014,168.336771926893,211.636807308684,211.729912186118
13,298.069475403137,-5.19387564199596,-0.00291416772328531,-0.00216638223635288,0.00288569396472891,-0.00360820054425311,-0.000122681153193657,0.00037655078208809,169.994060253874,170.20643187338,214.219123141203,214.307552803004
13.01,298.321483652984,-5.19445230468982,-0.00493069628355187,-0.00214243995661569,0.000887749083006182,-0.481614670279111,-0.000200556607118298,-0.00781341344182868,171.501783172467,172.304210668669,215.805816484168,217.715656180019
13.02,298.573561919154,-5.19508227310208,-0.0127384133778144,-0.00216663379269233,-0.00592667900322096,-0.877145009497274,-0.000502512541575706,-0.0131068069427165,174.013159879987,173.411454114373,216.790578864105,221.718419002642
13.03,298.82571012463,-5.19582208666759,-0.0232042923974837,-0.00227844962070373,-0.0161160477494065,-1.17192409448182,-0.000904908310853849,-0.0179234393866441,176.816314133212,174.532543527197,217.86872093515,225.928775532894
13.04,299.077928014071,-5.1967127032612,-0.0344762310132082,-0.00250701880911617,-0.0288670862145816,-1.3913403474172,-0.00133469426282782,-0.0221556035908375,179.650593829764,175.975173296184,219.516105948964,230.273904810971
13.05,299.330215394452,-5.19778615248388,-0.0452472899582564,-0.0028740402607839,-0.0434961994288817,-1.54987618462121,-0.00174058833470203,-0.0259427274159435,182.334102502721,177.801171875844,221.90919479604,234.751094521737
13.06,299.582572256541,-5.19906868167091,-0.0546216046728065,-0.00339508634276623,-0.0594216355252348,-1.65071205735346,-0.00208770915316256,-0.0291946792598909,184.897543762241,179.933715258823,224.893369706523,239.2918436426
13.07,299.834998799852,-5.2005822776961,-0.0619960905452974,-0.00408015121159467,-0.0761487764323881,-1.71390366623256,-0.00235284195103135,-0.0322348730747322,187.336711646601,182.275985727693,228.224972151952,243.841300764781
13.08,300.087495284631,-5.2023473730667,-0.0671289665419776,-0.00493541696453468,-0.0933452356725642,-1.74436250461504,-0.0025270024623697,-0.0349355379391337,189.70270270155,184.691621548698,231.71203051907,248.348507375737
13.09,300.340061982305,-5.2043838437361,-0.0699283223157119,-0.00596394133360548,-0.11075605253016,-1.75985741675189,-0.00260709545281456,-0.0376778551859073,191.991121850382,187.07208094166,235.186137637806,252.857643537978
13.1,300.59269898536,-5.20671278071323,-0.0704886232065717,-0.00716710937793738,-0.128224421669284,-1.75498956469962,-0.00259729816778664,-0.0402336526853653,194.232141108833,189.380852090423,238.631128383483,257.337308690753
13.11,300.845406270267,-5.20935594165255,-0.0688609838918745,-0.00854441687593491,-0.145572755385442,-1.73672630359878,-0.00250006912825275,-0.042803338503915,196.657668339838,191.91910291278,242.215860069016,261.984548927815
13.12,301.098183731241,-5.21233599496098,-0.065208423746085,-0.0100940387634309,-0.162714476750671,-1.71737269284314,-0.0023222103362022,-0.0456301943405381,199.839061462971,195.220136312724,246.610951884003,267.676897303183
13.13,301.351031248342,-5.21567756125488,-0.059759518924802,-0.0118138955671118,-0.179613203572288,-1.68586004212474,-0.00207300266114152,-0.0483067714595726,202.931271689417,198.332833334967,250.980549346923,273.429956722729
13.14,301.603948492243,-5.21940592013518,-0.0526300786954746,-0.0137009352500868,-0.196192490802799,-1.65629704036048,-0.00175727464374533,-0.0512503084349074,205.753818498166,201.357233907469,255.40703051431,279.176735508758
13.15,301.85693470267,-5.22354765084366,-0.0439998308537536,-0.0157520219833146,-0.212418152152311,-1.6118535172198,-0.00138231360692334,-0.0539648205896203,208.401621428425,204.343164810246,259.991135304155,284.905492337657
13.16,302.109988990391,-5.22812887587006,-0.0338889521978528,-0.0179627784805203,-0.228170121684654,-1.56400771098105,-0.000949114394297484,-0.0569109589477944,211.013110968021,207.498005387218,264.725965055349,290.744183574405
13.17,302.363110114764,-5.23317567276348,-0.0223946521162372,-0.0203282713311998,-0.243370287602337,-1.49763739063132,-0.000461724056945585,-0.0595344100861283,213.700606988014,210.753877789827,269.531891878592,296.575681537724
13.18,302.616296889194,-5.23871256648606,-0.00949207679945711,-0.0228419853176789,-0.257874573130114,-1.4264441021582,8.05243157746714e-05,-0.0623563742065374,216.192907701619,214.048715861192,274.563509448571,302.515693870418
13.19,302.869547859127,-5.24476320440537,0.00472925983758235,-0.0254967113638054,-0.271605118211185,-1.33919415667218,0.000673867762500418,-0.0647787154507008,218.571193996839,217.326564527053,279.859079062906,308.505064677323
13.2,303.122861728551,-5.25134933261312,0.0202656330298125,-0.0282838636760949,-0.284443765215028,-1.24946569871254,0.00131788843683809,-0.0673857088358717,220.637106334463,220.617253068725,285.375446300645,314.482116091701
13.21,303.376236919024,-5.25849154491297,0.036997302633271,-0.0311944558303452,-0.296354900367791,-1.15000951372829,0.0020077041757059,-0.069540315401326,222.653515347374,223.94897873437,290.928427521794,320.282163519272
13.22,303.629672030264,-5.26620861914164,0.0548717531281184,-0.0342186436581633,-0.307261939368549,-1.05017940988295,0.00274094837597393,-0.0718819788766568,224.477057952508,227.197568949821,296.442519734432,326.031205761435
13.23,303.883165345434,-5.27451815537505,0.0737661312030336,-0.0373465062733231,-0.317173318921406,-0.9472329168489,0.00351248437148124,-0.0737331874041794,226.328804088127,230.296946838233,301.843371818017,331.669276014109
13.24,304.136715356753,-5.28343585233615,0.0936161443761554,-0.0405678235217844,-0.326059489154159,-0.84649585142994,0.00431948754322429,-0.0757776176622225,227.94898441028,233.251690973187,307.185945802914,337.223002037469
13.25,304.390320279679,-5.29297637260577,0.114255299983018,-0.0438725358614734,-0.333939770559834,-0.743190042598359,0.00515519554194328,-0.0772974195583301,229.530945878663,235.946792985472,312.430838275934,342.688400782257
13.26,304.643978496692,-5.30315314349305,0.13555527072938,-0.0472504312374178,-0.340806281611972,-0.644541818672272,0.00601431061152947,-0.0790164776299775,230.818944334371,238.244343215502,317.642042638901,348.262925910568
13.27,304.897688110728,-5.31397875563699,0.157345286365087,-0.0506916528355188,-0.34670116264735,-0.54759629680995,0.0068899580956808,-0.0805705822510086,231.965710823976,240.184620872818,322.767137476293,353.851445585911
13.28,305.151447295148,-5.32546477854235,0.179513380267505,-0.0541865659260135,-0.351635976462554,-0.451009568363148,0.00777757760706514,-0.0815523105368638,233.127328285017,241.887254218253,327.724175426497,359.246265114323
13.29,305.405254514922,-5.33762132229226,0.201953274408013,-0.0577256312771759,-0.35563656086461,-0.36083602595889,0.00867286959600319,-0.082742024639424,233.975639385438,243.402529708177,332.541500846135,364.421686966886
13.3,305.659108034043,-5.35045760312824,0.22452565792317,-0.061299878844084,-0.358762432447391,-0.274647728420886,0.00957024612175805,-0.0833385286949178,234.717367638486,244.749670181592,337.188347492786,369.185033115201
13.31,305.913006378824,-5.36398170139112,0.247125721715561,-0.0649007872255685,-0.361063896629241,-0.195694086533023,0.0104656387273125,-0.0841470207513435,235.056406334751,245.907578550421,341.688249954782,373.630647915656
13.32,306.166947888338,-5.37820089211766,0.269629977327713,-0.0685205325637588,-0.362611395831202,-0.122268929395189,0.0113543132309996,-0.0843418333410754,235.545540720538,247.122999995263,346.008508942851,377.731794724527
13.33,306.420931190147,-5.39312137476948,0.291960276133248,-0.0721518533778249,-0.363461739138481,-0.056185251581587,0.0122332910844964,-0.0847507442247523,235.822052355664,248.440959621642,349.903093288701,381.18782033433
13.34,306.674954669504,-5.40874870391624,0.313992522273413,-0.0757882431599152,-0.363699950443568,0.00121158406452174,0.0130978589713778,-0.0849567852423192,236.118726743675,249.843448577462,353.235819517708,383.942920565077
13.35,306.929016679948,-5.42508769665482,0.335674559920329,-0.0794240095566525,-0.363395985106141,0.0540252400890907,0.0139461712897904,-0.0845162869503531,236.550187108994,251.282947567556,356.094654913961,386.041576748417
13.36,307.183115795401,-5.4421422022244,0.356951844477953,-0.0830539718109351,-0.362601555950538,0.0993891358698197,0.0147762965848219,-0.0842889767544572,236.720040263756,252.69097742039,358.682500704441,387.703329061285
13.37,307.43725036695,-5.45991543678408,0.377766678793521,-0.0866736342909052,-0.361385466011424,0.139372676932088,0.0155862178463951,-0.083402661138852,237.011300942252,254.09637034173,360.872315033697,388.793711838998
13.38,307.691418963479,-5.47840983250484,0.398090661620286,-0.090279077856144,-0.359805715517271,0.172611321487856,0.0163750540434172,-0.0827295526760293,237.08142485383,255.487085556347,362.836889667457,389.534798947612
13.39,307.945619936807,-5.49762727428911,0.417876473637447,-0.0938670136848662,-0.357921398959258,0.201270988962713,0.0171412054948424,-0.0818318535522453,237.152187070344,256.896852396284,364.529237914802,389.864892198297
13.4,308.199851706159,-5.51756921191951,0.437092373286913,-0.0974345797127994,-0.355759724062103,0.228696949828707,0.0178836168171216,-0.0802561520682285,237.444467935249,258.372699920352,365.890256440814,389.725646908891
13.41,308.45411299792,-5.53823662682181,0.455710828462718,-0.100979140226474,-0.353355345668625,0.249909588835899,0.0186014134204766,-0.0788950874737306,237.569397003013,259.85558680861,367.038576108601,389.278544069934
13.42,308.708402383658,-5.55963012066705,0.473710790636713,-0.104498569424581,-0.350752455483035,0.269959990297356,0.0192940024979489,-0.076854896729022,237.987776952458,261.344327788548,367.705442012753,388.342243285394
13.43,308.962718703042,-5.58174987531157,0.491076268353985,-0.107990912162568,-0.347959809703178,0.287987916754226,0.0199608649544215,-0.075029793691153,238.287681901804,262.786031068045,368.086779753443,387.11868404653
13.44,309.217060607091,-5.60459587304248,0.507770029535689,-0.111454371775721,-0.344992594922616,0.305420592614791,0.0206006762435469,-0.0729742893108414,238.642836610636,264.189574749188,368.148086134689,385.545039232813
13.45,309.471426858432,-5.62816788191338,0.523783839767706,-0.114887196312472,-0.341842871666121,0.325401450780324,0.0212131760421411,-0.0702362382265465,239.244342174608,265.561899934411,367.829554276562,383.549415908072
13.46,309.725816626178,-5.65246516394664,0.539113276962837,-0.118287451536736,-0.338500549766607,0.343645081229408,0.0217982428969348,-0.0677187261736344,239.64731987126,266.796933966659,367.254417508272,381.294156318503
13.47,309.980228898099,-5.67748678283568,0.553723578894831,-0.121653302369562,-0.334975319953774,0.362914527180932,0.0223545955891384,-0.0649768516426432,240.050399251257,267.868856843011,366.321107132877,378.703247863723
13.48,310.234662816893,-5.70323146548591,0.567620931388254,-0.124982771940559,-0.331228975007688,0.3888264139313,0.0228824466351208,-0.0615627916641247,240.643763498074,268.780094939759,364.955268983513,375.69140213375
13.49,310.489117963388,-5.72969721790345,0.5808096575984,-0.128273348364839,-0.327221512287339,0.41487683741013,0.0233819451801614,-0.0583790302233564,240.966916017956,269.425125909214,363.275546575106,372.408597041164
13.5,310.743593565267,-5.7568816904101,0.593246230685683,-0.131522410275015,-0.32294329935096,0.44415629935018,0.0238514331395163,-0.0549861893031883,241.241204174953,269.809640337776,361.235949602778,368.829866118249
13.51,310.998088854278,-5.78478197449094,0.60494765174855,-0.134726949406525,-0.318323717957024,0.484546667117888,0.024291496097338,-0.0509469493070398,241.692499154925,270.003741533863,358.856018253067,364.946503013527
13.52,311.252603486174,-5.81339386711748,0.615942833339143,-0.137882974821908,-0.313274839791269,0.5290632296531,0.024703169191095,-0.0471579465682111,241.902579190374,269.981147289799,356.32342585032,360.963605453348
13.53,311.507136965846,-5.84271234873825,0.626187511754103,-0.140985961632779,-0.307740532708261,0.582909227213866,0.02508467095098,-0.0431928177025821,242.093879928634,269.769443117112,353.610144131891,356.860602986205
13.54,311.761689217226,-5.87273124961405,0.635721032854232,-0.144030379484431,-0.301573876888855,0.657283045629921,0.02543731688554,-0.0386336391871009,242.409491647176,269.391591677797,350.674604725256,352.529678676255
13.55,312.016260892448,-5.9034420776621,0.644593722276057,-0.147008899646565,-0.294620473515244,0.739622263365689,0.0257628579175252,-0.0343702140249882,242.329276636042,268.765656119695,347.641436305217,348.050890165261
13.56,312.270852368011,-5.93483466533004,0.652748796527959,-0.149913189883145,-0.286776105388038,0.837840839004339,0.02605898181582,-0.030000443557633,242.083742547964,267.884273338149,344.491908551022,343.483155942402
13.57,312.525464271585,-5.96689653284958,0.660257839619719,-0.15273318454239,-0.277792370245415,0.970424209346596,0.0263281003387135,-0.0251374186348344,241.902841187092,266.474984102292,341.3102878115,339.245885208688
13.58,312.780098013888,-5.99961108315615,0.667184551929919,-0.155455823214362,-0.267421928625624,1.11243315103992,0.0265723510979567,-0.0206638658716601,241.483188834875,265.026194418031,338.359494874117,335.1793346244
13.59,313.034754960034,-6.03295946031715,0.6733138817127,-0.158066959211647,-0.255609343343994,1.26191700314585,0.0267831878220144,-0.0162145043617876,241.042193797288,263.97928790135,335.594230322914,330.925403398898
13.6,313.28943687212,-6.06692125656976,0.678421608059138,-0.160551769732346,-0.242292452106726,1.4151265885325,0.0269517362912611,-0.0118301830362884,240.611372420339,263.065474739893,333.051157446647,326.846019257892
13.61,313.544145826771,-6.10147477162271,0.682275656278679,-0.162894835051728,-0.227371292269191,1.58692698552896,0.0270687977028291,-0.00716398685841629,240.334783872903,262.076245486654,330.71749736683,323.099294180714
13.62,313.798884431643,-6.13659598471281,0.684614803953032,-0.165079382970769,-0.210797707257897,1.7419582632444,0.0271241281426434,-0.00304568545673743,239.83544154736,261.036522684744,328.758632789379,319.81818013667
13.63,314.053655093979,-6.17226146047275,0.68489449048833,-0.167089922729588,-0.192737581765302,1.88625781553652,0.0270967838443615,0.000877851691047258,239.322620434887,259.944910497288,327.140732561785,317.04330648063
13.64,314.308460413203,-6.20844825830337,0.682795566936052,-0.168911925674041,-0.173214831628697,2.03699249382741,0.0269745084735438,0.00495098081086659,238.896797642282,258.808876801132,325.810233737081,314.643941146549
13.65,314.563303431302,-6.24513160393197,0.678079999164522,-0.170530743770597,-0.152309128239288,2.15755481387086,0.0267483099556286,0.00842121759899201,238.322745638909,257.684660549403,324.78234961769,312.686729202354
13.66,314.818187054437,-6.28228733087057,0.670323699726513,-0.171934508708022,-0.130363221911637,2.24789492403265,0.0264022235917013,0.0116472063202731,237.833739731081,256.258377957974,323.940043607808,311.473993834218
13.67,315.073114336864,-6.31989093723365,0.659396403885146,-0.173114303116971,-0.107637172455654,2.31459569265506,0.0259316327169409,0.014654046394034,237.48549902861,254.752174900138,323.260228103831,310.70241273186
13.68,315.328088771492,-6.35791639268862,0.645346851812114,-0.174063411772632,-0.0842854819548468,2.37661840039814,0.0253388241822196,0.0177924037649383,237.309083731504,253.542046549407,322.742696922516,309.92210806168
13.69,315.583114576937,-6.3963341796783,0.628335335365227,-0.17477613309006,-0.0604835971771879,2.40305091783255,0.0246304518485811,0.0204483594867938,237.124121272832,252.497485869938,322.400452402131,309.365452211734
13.7,315.838196247994,-6.43511387077581,0.608291755417928,-0.175249804847963,-0.036523024048841,2.41113179697135,0.0238043534735431,0.0229838548571699,237.0500313206,251.438311980089,322.167186369959,309.09754324726
13.71,316.093338608399,-6.47422365409488,0.585459135644088,-0.175483544931455,-0.0124875016177266,2.42215398198703,0.0228702945945406,0.0257287731254061,237.101550808677,250.349374764573,322.06817855194,309.021670307028
13.72,316.34854716719,-6.51362756155178,0.560196592285012,-0.175476543773445,0.0115734667689961,2.4123349165428,0.0218425112947913,0.028135434144852,237.141445142344,249.480533970089,322.139167497533,308.98821225903
13.73,316.603827737614,-6.55328787547191,0.532628834330506,-0.175229832531722,0.0354516329180333,2.38894852950091,0.0207262670966785,0.0305096602289473,237.356318250058,248.830952320561,322.287628387079,308.98670336485
13.74,316.859186468333,-6.5931646616662,0.503133152062393,-0.174745656567401,0.0591134612879075,2.37282367458822,0.0195363573686238,0.0331204133269673,237.793500064794,248.330475281985,322.627520150029,309.121597320576
13.75,317.114630174484,-6.63321377327508,0.47212840038336,-0.174025957224798,0.0825354799554396,2.3379855943955,0.0182891274574227,0.0354620467833372,238.314701080788,248.053054564148,323.195187976108,309.412330842066
13.76,317.370165950197,-6.67338940844952,0.439824486431209,-0.1730741022393,0.105594877034695,2.30472800397021,0.0169928840362616,0.0380037031552059,238.999089431999,247.857466048357,324.00445775901,309.921462270241
13.77,317.625801247574,-6.71364301600019,0.406569508833013,-0.171893679060481,0.128244189463071,2.25248456915161,0.0156611744513708,0.0402699083123342,239.760523265864,247.862893163531,325.066083936128,310.615007228522
13.78,317.881543590908,-6.7539253548276,0.37251776376874,-0.170489830510224,0.15033993359663,2.19836698009679,0.0143001014410281,0.0426696902440301,240.56370926063,247.972954955466,326.493317807083,311.533787720325
13.79,318.137400593825,-6.79418634974426,0.337602145619954,-0.168868945546511,0.171496147775853,2.04582843123515,0.0129074079965753,0.0433216628396464,241.352938304685,248.466695483926,328.047796846751,312.878477757231
13.8,318.39337887082,-6.83438527752254,0.301184859440409,-0.167045689816966,0.190962430865332,1.87377998831038,0.0114592219330088,0.0440111454572211,242.416127375499,248.751141592491,329.374502839049,314.47129836855
13.81,318.649484504622,-6.87448433043347,0.263763656300271,-0.16503718329747,0.208714206950458,1.70202702912898,0.00997480772249691,0.0446029640123413,243.659730955007,248.988666454329,330.337661730403,315.918605930469
13.82,318.905723473073,-6.91444492932207,0.22580582570212,-0.162860589762614,0.224733616434469,1.52508480268144,0.00847214135760321,0.044945100372035,244.895794739731,249.242281186963,331.00341217995,317.098786006492
13.83,319.162101392913,-6.954228992284,0.187708387799043,-0.160533395182339,0.23902799403701,1.35813898180736,0.00696639848619436,0.0453752982327291,246.085687844683,249.693633474458,331.505608003523,317.818244332785
13.84,319.418623510924,-6.99379823611728,0.149908281932925,-0.158072284511259,0.251680093702778,1.19382118839563,0.0054741571888588,0.0457233954567999,247.192252404219,250.339830384221,332.025414692115,318.284875425647
13.85,319.675294610378,-7.03311553017893,0.112614050629546,-0.15549370085641,0.262672137771969,1.02526383246351,0.00400327564894243,0.0458451225161279,248.209145143364,251.30723976593,332.688043420048,318.558409031609
13.86,319.932118977427,-7.07214627443729,0.0760494195583254,-0.152814203084517,0.272053008746496,0.87237298473011,0.00256214674604842,0.0460178417767085,249.294144436887,252.39889738369,333.425071528661,318.82655526255
13.87,320.189100516966,-7.11085670391804,0.040551347772739,-0.150048978646947,0.279976726400894,0.730705483002127,0.00116347170278607,0.046099188549015,250.33144752899,253.788249332133,334.380230949969,318.989233490442
13.88,320.446242756786,-7.14921431981654,0.0063062750464857,-0.147212059932851,0.286539124883487,0.59841874085037,-0.000185663368943691,0.0460801106070911,251.230511478897,255.260065715891,335.696361506495,319.342018567665
13.89,320.703548843119,-7.18718854806983,-0.0265675276798086,-0.144316561905818,0.291820636573928,0.471341427593801,-0.00148074188539213,0.0458568993134692,251.899000013585,256.99595406839,337.40638248837,319.665291628064
13.9,320.961021483303,-7.2247514908096,-0.0580271151804691,-0.141375008023197,0.295894792757295,0.357869411323627,-0.00271986891071653,0.0456511751015996,252.373219528805,258.673038820824,339.446885058341,320.252174605492
13.91,321.218662967422,-7.26187732183157,-0.087972301026956,-0.138398550858146,0.298924987550907,0.258571593372446,-0.00389898061336231,0.0453613452198247,252.614371677404,260.163127167495,341.836414172391,321.193308384481
13.92,321.476475368052,-7.29854202251709,-0.116353448957701,-0.13539712663477,0.30097887669376,0.159661885648984,-0.00501584897465303,0.0449059666844632,252.219512946741,261.651083851245,344.833958702886,322.213680257719
13.93,321.734460442954,-7.33472400532484,-0.143179866384041,-0.13238047340203,0.302082262323256,0.0695209750505027,-0.00607012812728845,0.0444753416496802,251.286839174697,262.660490698229,348.259249525901,323.725654333539
13.94,321.992619639651,-7.37040336616522,-0.168376823598252,-0.129357515157373,0.302335998397286,-0.0125742728631665,-0.00705853307103197,0.0439955969849326,249.939424728739,263.134576250763,351.901434966347,325.66990129723
13.95,322.250954218937,-7.40556192233226,-0.191936637653285,-0.126336413933269,0.301798408508431,-0.0889924823429094,-0.00798026177589578,0.0434786238483156,248.349970593869,263.361770347531,355.461734471486,327.565639365266
13.96,322.509465207231,-7.44018350839911,-0.213894924715729,-0.12332474368237,0.300526978750903,-0.161255653894738,-0.00883625399283559,0.0428770265361925,246.520293371108,263.484412632413,358.830364895184,329.191796932175
13.97,322.76815331385,-7.47425430047165,-0.234304472841179,-0.120329618421577,0.298575966409696,-0.223771839345312,-0.00962814930663922,0.0423358261538684,244.49121121753,263.03735084321,361.939283437899,331.006790426582
13.98,323.027018933172,-7.50776232002325,-0.253175977975473,-0.117357171253301,0.296065482577973,-0.275257504267402,-0.0103564273589755,0.0417996241339651,242.382954324643,261.948883226332,364.643662681759,333.010138186576
13.99,323.286062227131,-7.54069743647513,-0.270573493823607,-0.114412527334697,0.293070478982115,-0.321863577598269,-0.0110237068909324,0.0412255159456906,240.249100510688,260.399156253983,366.852727756577,334.971687630043
14,323.545283068008,-7.57305159559423,-0.286574666455203,-0.111500239594221,0.289654384937019,-0.359200335033558,-0.0116331268133247,0.0407214583968134,238.197174092848,258.720286133431,368.449707602512,336.491773282803
14.01,323.804680999124,-7.60481844238718,-0.301235863242519,-0.108623972707436,0.285914108891226,-0.387514910665738,-0.0121872876396819,0.0402397815310064,236.249720701602,256.934980256572,369.480806807522,337.65556086073
14.02,324.064255241186,-7.63599325058065,-0.314637058700424,-0.105786502337525,0.281930116237014,-0.408974666374547,-0.0126897783934407,0.0397443731508592,234.468324962477,254.963793012656,370.00003757559,338.650539275501
14.03,324.324004770205,-7.66657290567677,-0.326857626423855,-0.102989890284521,0.277775899534045,-0.421899396614245,-0.0131442462167614,0.0393096480375321,232.89961984267,252.838469911866,370.047497571478,339.513016489916
14.04,324.58392832625,-7.69655549754816,-0.337963078973884,-0.100235413860363,0.273520124334519,-0.430227566052692,-0.0135538568252252,0.0388652825340016,231.576902882672,250.82220022959,369.680019442937,340.052439850215
14.05,324.844024487021,-7.72594035231236,-0.348036506464308,-0.0975238369379594,0.269213101621734,-0.43219436482169,-0.0139222975875281,0.0384686574488694,230.584953090019,248.891759515181,368.900155264426,340.402220251629
14.06,325.104291673657,-7.75472765570611,-0.357130753464417,-0.0948553141031426,0.264917181273578,-0.428798838940109,-0.014252112902678,0.0380831457214727,229.962236258934,247.041600623295,367.762707526551,340.648507792574
14.07,325.364728232503,-7.78291828697791,-0.365312841557834,-0.0922294833893268,0.260674229617015,-0.422148384437928,-0.0145463272833885,0.0376830624332085,229.702661218541,245.29476544266,366.328470387668,340.818812598515
14.08,325.625332459915,-7.81051380275148,-0.372650053200142,-0.089645636391582,0.256519018902123,-0.411413648217773,-0.0148079119600101,0.037304067243657,229.789572572825,243.676234683244,364.633936274361,340.920666102217
14.09,325.886102586923,-7.8375161984818,-0.379199148122226,-0.0871026542404602,0.252495182099747,-0.396423994116948,-0.0150394448674647,0.0369186614296739,230.20132097402,242.35608329945,362.724663897957,340.783590611797
14.1,326.14703681231,-7.8639279358481,-0.385041703495549,-0.0845990479690054,0.248628184044495,-0.380767857287436,-0.0152442616788817,0.0365092257839795,230.929971244283,241.371056483002,360.639495935481,340.425594219741
14.11,326.408133351488,-7.88975181941008,-0.390230537425158,-0.0821332399432948,0.244920660666394,-0.364495112052078,-0.0154245482175842,0.0360938185732009,232.045772150559,240.621876572592,358.31049135127,339.965296776997
14.12,326.669390449236,-7.91499065679218,-0.394797828287181,-0.0797036098194047,0.241374598473331,-0.348803011801972,-0.0155816579336306,0.0356471164080428,233.470631216106,240.060712165436,355.830006846073,339.446900002667
14.13,326.93080639524,-7.93964722950932,-0.398779476439107,-0.0773085948876898,0.237980067918696,-0.334253929470215,-0.0157170428518413,0.035180137307785,235.107626321946,239.665535282217,353.271275912012,338.897365117305
14.14,327.192379522059,-7.96372427784295,-0.402206303971049,-0.0749467562984625,0.234721633689501,-0.321649320270569,-0.0158319246444138,0.0346803427240053,236.890424598861,239.424349570101,350.691678613423,338.318547740589
14.15,327.454108217773,-7.98722451613413,-0.405108021304434,-0.0726168481358809,0.231577918950733,-0.311276678412799,-0.0159274507249972,0.0341443960830391,238.763738158348,239.321903086308,348.132751285369,337.70793791722
14.16,327.715990917547,-8.01015065914367,-0.407511689006796,-0.070317852655677,0.228524680673167,-0.303510892932909,-0.0160046472774073,0.0335747987202803,240.672103255719,239.34796828867,345.619542500568,337.070948959826
14.17,327.978026102945,-8.0325054301629,-0.409436148940603,-0.0680490100319318,0.225535139440051,-0.298560164964184,-0.0160642237545768,0.0329702247994965,242.572406551031,239.514764205031,343.185044084111,336.36441313988
14.18,328.240212300945,-8.05429156520745,-0.410899011768594,-0.0658098447395469,0.222579391342987,-0.296652306100666,-0.0161067988764362,0.0323289973216501,244.414690741579,239.800041721982,340.851842919864,335.615270547628
14.19,328.502548073898,-8.0755118859543,-0.411914622686075,-0.0636001794592197,0.219628525514194,-0.29758550087305,-0.016132864363315,0.0316525598102938,246.164781175085,240.155710662032,338.646889070142,334.856264251173
14.2,328.765032024353,-8.09616928576134,-0.412485651572094,-0.0614201088541393,0.216657497169163,-0.300769926718131,-0.0161424702274551,0.0309483876908953,247.790613190781,240.551789625533,336.593815003742,334.099195898721
14.21,329.02766279456,-8.11626671488409,-0.412615078466184,-0.0592699779318558,0.213638563712829,-0.307154331821894,-0.016135652270101,0.0302085528020592,249.262987879803,240.9557847728,334.697695182667,333.382347717003
14.22,329.290439068955,-8.13580730666436,-0.412305770937539,-0.0571504171753944,0.210547358389137,-0.315085598353694,-0.016112436399747,0.0294468968604307,250.582057256078,241.262420875879,332.960643218371,332.790662371363
14.23,329.553359568502,-8.15479431808371,-0.411548220427225,-0.055062229151675,0.207368618639015,-0.324687548816904,-0.0160724434294338,0.0286532499067181,251.722864070744,241.530063825174,331.374397562726,332.241722969017
14.24,329.816423051983,-8.17323118622549,-0.410341718857913,-0.0530063937237943,0.204081952955857,-0.337020232436112,-0.0160155452149914,0.0278453032817424,252.371777486369,241.802351146528,330.276075481244,331.681480183845
14.25,330.079628274986,-8.19112171176016,-0.408702055469534,-0.0509841709779444,0.200652694514462,-0.35303495100832,-0.0159422883335602,0.0270111543057238,252.489612507712,242.112963960767,329.643890222195,331.081986065363
14.26,330.342974022455,-8.20847019179386,-0.406627783272948,-0.0489971454302296,0.197057207028723,-0.369995284940787,-0.0158525896102802,0.0261726282099362,252.328744212639,242.458158119748,329.229157036921,330.409433472207
14.27,330.606459110671,-8.22528116060609,-0.404090533570267,-0.0470470099035883,0.193290128290054,-0.387432307891087,-0.01574535870676,0.0253169062332462,252.024397562105,242.865360502726,328.884667497475,329.629575954166
14.28,330.870082379012,-8.24155936235672,-0.401069851624306,-0.0451355012481267,0.189348420130253,-0.404919694095198,-0.0156197896295676,0.0244554377040615,251.632079363985,243.299282885316,328.563367261346,328.771420661234
14.29,331.133842644597,-8.25730980498719,-0.397546215071652,-0.0432643275254994,0.185242490816394,-0.420405201547679,-0.0154750853494529,0.0236006783262938,251.420151942166,243.720593067776,327.987199128247,327.871107108459
14.3,331.39773869843,-8.27253777688892,-0.393514194068214,-0.0414350135604166,0.180992595820092,-0.434268635188731,-0.0153110130218767,0.0227346560327244,251.431688354932,244.130216926428,327.181926804907,326.964123534252
14.31,331.661769353893,-8.28724896325617,-0.38897547758928,-0.0396489343803993,0.1766104859617,-0.446985863053189,-0.0151276159866233,0.0218770175881405,251.421798099273,244.529701200098,326.417349707365,326.071070268693
14.32,331.925933457965,-8.30144940632904,-0.383935060780097,-0.0379073599926172,0.17210297558473,-0.459721432733411,-0.0149250536659775,0.0210093068379332,251.284617336186,244.923775660656,325.783947774798,325.2024843003
14.33,332.190229908091,-8.31514559408181,-0.37840100805097,-0.0362115408654753,0.167472632234776,-0.471743578261471,-0.0147036042563802,0.0201519452009407,251.001060142889,245.290356256794,325.288646405361,324.355963986188
14.34,332.454657629725,-8.32834434181569,-0.372371985447326,-0.0345626762524767,0.162723521019713,-0.483634977288142,-0.0144632009177874,0.0192875478451362,250.580868254451,245.626454843569,324.904866261644,323.533085134455
14.35,332.719215588632,-8.34105284602681,-0.365858681876885,-0.0329619490197432,0.157857594683418,-0.495074520761875,-0.0142042392789347,0.0184365688868768,250.041472657819,245.911936846937,324.609796794438,322.732147742939
14.36,332.983902760662,-8.35327875521411,-0.358878472842895,-0.0314104957658077,0.152879444098109,-0.506243371511806,-0.0139273802564148,0.0175826079852321,249.39921338329,246.147942325368,324.381905596995,321.959026803943
14.37,333.248718145906,-8.36503026852311,-0.351456476680772,-0.0299093873928759,0.147803213415447,-0.514781427464481,-0.013633604905216,0.0167460797356678,248.714895550941,246.332013797436,324.174803840665,321.217054020123
14.38,333.513660779486,-8.37631608432508,-0.343617571716655,-0.0284594590965156,0.142653450888468,-0.521456863950751,-0.0133238970168176,0.0159107328230402,248.055645248949,246.469145660317,323.917630620452,320.502652698395
14.39,333.778729718303,-8.38714543227691,-0.335393597835521,-0.0270613638152563,0.137445026227295,-0.526644178233565,-0.0129994877111051,0.0150947234136539,247.378539047529,246.543614605711,323.650780226516,319.813529544086
14.4,334.04392404615,-8.39752798728083,-0.32681254804819,-0.0257156142056937,0.132189745125046,-0.53113275225409,-0.0126614651996261,0.0142826502159839,246.655046578559,246.550560532673,323.39515973744,319.163639855572
14.41,334.309242869861,-8.40747393710125,-0.317914910322912,-0.0244226361029981,0.126897899851979,-0.533908975978734,-0.0123113880006068,0.0134929249379154,245.886479562222,246.442753034781,323.162462269069,318.600483666142
14.42,334.574685336665,-8.4169939563224,-0.308736650782319,-0.0231827005191688,0.121585204104902,-0.535390525167899,-0.0119506762658651,0.0127117633190359,245.072595169438,246.248137909566,322.941013660631,318.08927658738
14.43,334.840250635075,-8.42609921624424,-0.299320316658019,-0.0219959335092172,0.116268350563642,-0.534913052171868,-0.0115809969202271,0.0119572083217689,244.237008580679,245.985220646516,322.698642150171,317.594511304602
14.44,335.105937974927,-8.4348012981194,-0.289701615942451,-0.0208622667043454,0.110966758087234,-0.532639228973511,-0.0112037630743468,0.0112159322122244,243.428835161184,245.671925953772,322.384146014619,317.102071674294
14.45,335.371746580908,-8.44311219020273,-0.279924924027261,-0.0197814563131395,0.10569832075526,-0.52815924503223,-0.0108207052946395,0.0105049149237139,242.637276420158,245.312577987126,322.023781272716,316.610187834028
14.46,335.637675697624,-8.4510442187635,-0.270027998661314,-0.0187530598308631,0.100481100140077,-0.522386546121565,-0.0104333059517885,0.0098113770453312,241.848114926607,244.919795346803,321.639271538892,316.122173150199
14.47,335.903724601994,-8.45861000238907,-0.26005158719299,-0.0177764809583252,0.0953314397600303,-0.514910975612825,-0.0100431548217137,0.0091443992000629,241.061900876336,244.498969619777,321.235310164357,315.633995050572
14.48,336.169892596789,-8.46582237911085,-0.250028231163129,-0.0168509655324604,0.0902639518856107,-0.50583935270898,-0.00965152793345713,0.00851249582718391,240.283152713173,244.054391625602,320.814323246772,315.14375860944
14.49,336.436179010841,-8.47269428216883,-0.239987870469665,-0.0159756061118325,0.0852938107530491,-0.495273858951814,-0.00925960753881046,0.00790351687841314,239.562787829726,243.618787453423,320.383338558649,314.685546554789
14.5,336.702583203335,-8.47923878080473,-0.229968548765576,-0.0151493310543982,0.0804409392990822,-0.482185458798145,-0.00886887787319151,0.00733220858652202,238.920787104449,243.169929543517,319.878050693577,314.224883176618
14.51,336.969104564607,-8.48546898645585,-0.220003107969428,-0.0143708364542407,0.075726201399639,-0.46800857963839,-0.00848061538491834,0.00678620622525227,238.325861968726,242.716693639118,319.328607413908,313.758074218589
14.52,337.235742509222,-8.49139801734407,-0.210122769932837,-0.0136386971775709,0.0711589139262132,-0.452449159244694,-0.00809602211695916,0.00627822930573827,237.757872415563,242.258401670444,318.7613162348,313.286551720578
14.53,337.502496473449,-8.49703886161443,-0.200351113859328,-0.0129513704938667,0.066750091276353,-0.436168734887872,-0.00771601220152311,0.0057964207208468,237.207197299028,241.801898541078,318.188905156128,312.813029459851
14.54,337.769365912317,-8.50240439214701,-0.190717640443567,-0.0123072297298593,0.0625086290969666,-0.418673326953397,-0.0073417156563364,0.00535268763137361,236.676356600394,241.349312671572,317.616522900979,312.338232219702
14.55,338.036350306705,-8.50750733264123,-0.181253063678033,-0.0117045380633409,0.0584435624469919,-0.401035599049286,-0.00697430837836669,0.0049349289042134,236.17622598982,240.920557817428,317.031773573952,311.845679137911
14.56,338.303449152546,-8.51236033480125,-0.171992865075649,-0.0111415401144695,0.0545550505988253,-0.38278994933322,-0.00661513167562852,0.00455351518731678,235.766024177008,240.543148646057,316.379650864907,311.309667490122
14.57,338.570661967647,-8.51697579929137,-0.162950233533803,-0.0106164218606447,0.050850873257612,-0.364137735525698,-0.00626468091672088,0.00419686402454948,235.423019601452,240.199075783748,315.693837263334,310.760842813919
14.58,338.837988287849,-8.52136580042021,-0.154140185588454,-0.0101273247764972,0.0473347094776496,-0.344828441121856,-0.00592351811486061,0.00387384212437453,235.116490230511,239.876445402795,315.013074532003,310.216255828749
14.59,339.105427670048,-8.52554205623425,-0.14557817476267,-0.00967233457611999,0.0440110954981231,-0.325534829785342,-0.00559222155788661,0.00357249179734096,234.828696009052,239.573067535966,314.353873080207,309.682455029384
14.6,339.372979695984,-8.52951598794334,-0.137284448367966,-0.00924953932796031,0.0408774387830194,-0.306572926167979,-0.0052715387253115,0.00330037502995318,234.555360471792,239.283593407339,313.72145125897,309.164025379439
14.61,339.640643970618,-8.53329868118169,-0.129273696140904,-0.00885705665471297,0.0379302840101634,-0.287956582949172,-0.00496200659539399,0.00304629430161032,234.29429033032,239.005795658776,313.112980280488,308.662383105434
14.62,339.908420127244,-8.53690088107293,-0.121558144201483,-0.00849303674647493,0.0351674621124863,-0.269470117137276,-0.00466407001121443,0.00281727973558639,234.046433351028,238.736582074675,312.524051568157,308.175095627486
14.63,340.176307816956,-8.54033292947155,-0.114145499869798,-0.00815565553036298,0.0325840281664701,-0.251771658739361,-0.00437800659615207,0.00260267982051325,233.834102876992,238.474148111624,311.921274060285,307.700078000576
14.64,340.444306711423,-8.54360480535015,-0.107045464540526,-0.00784314801906719,0.0301760173230446,-0.234216103045578,-0.00410416818590426,0.00240847834984679,233.693839498817,238.213551191823,311.269308907766,307.237188350288
14.65,340.712416489389,-8.54672607933415,-0.100262402491869,-0.00755378152198409,0.027937697397812,-0.217671133927955,-0.00384270132355156,0.00222510212597168,233.588431924691,237.956173865797,310.610315069827,306.791188675448
14.66,340.980636848089,-8.54970595132062,-0.0938041185341431,-0.00728591947218256,0.0258584400777597,-0.202098797367891,-0.00359387644918586,0.00205809275628525,233.491254160601,237.699958910176,309.971352370415,306.365082131658
14.67,341.248967495549,-8.5525532489645,-0.0876735335536882,-0.00703802330951538,0.0239282116122579,-0.187653668929785,-0.00335778225856914,0.00189957391953627,233.389521772643,237.444451012663,309.362926022062,305.960177410346
14.68,341.517408157206,-8.55527643324356,-0.0818714256210864,-0.00680865894871956,0.0221378273801974,-0.173847552107545,-0.00313442742532049,0.00175501632012816,233.281829953398,237.188617205845,308.786031294865,305.576057892833
14.69,341.785958579378,-8.55788356862208,-0.0763937733372107,-0.00659646483798657,0.0204796003240752,-0.161072863490103,-0.0029236429342545,0.00161759045282949,233.167116038058,236.931262416791,308.235134719352,305.209544504646
14.7,342.054618519071,-8.56038233852571,-0.0712363389110297,-0.00640017288565775,0.0189447730575026,-0.148905422460687,-0.0027252501188113,0.00149211012831114,233.047351916298,236.670362259552,307.706181032167,304.859312701755
14.71,342.323387748191,-8.56278002987811,-0.0663911887725435,-0.00621858310717475,0.0175263439537544,-0.137660227726309,-0.00253893410514056,0.00137278614283381,232.922272862953,236.405962429963,307.196036117613,304.523301263268
14.72,342.59226604961,-8.56508354780995,-0.0618497273692755,-0.00605058233542534,0.0162156498076468,-0.127121705718923,-0.00236435338361082,0.0012639699985696,232.79208628862,236.136572726768,306.702629323595,304.20011305118
14.73,342.861253213302,-8.56729939957334,-0.0576000951871793,-0.00589513084208113,0.0150053398051832,-0.117461873527017,-0.00220104623928343,0.00116079929148446,232.656521393571,235.863106415541,306.225766585184,303.889383695033
14.74,343.130349039254,-8.56943372313555,-0.0536322356504357,-0.00575127489048672,0.013886539011562,-0.108593349544266,-0.00204861607972158,0.00106529885607545,232.515831681063,235.585167618162,305.764683607464,303.590522788621
14.75,343.399553336473,-8.57149229685479,-0.0499327629221813,-0.00561813694789501,0.0128529137230333,-0.100238368962482,-0.00190654470958757,0.000979067072381713,232.369817362256,235.303559319672,305.319286052486,303.302323225939
14.76,343.668865920551,-8.5734805221864,-0.0464865143789516,-0.00549489323712552,0.0118990185858084,-0.0925128209241433,-0.00177424948205456,0.000898291422921574,232.220684763734,235.022980142213,304.885361334777,303.018327531111
14.77,343.938286611123,-8.57540344870918,-0.0432794636346658,-0.005380778864424,0.0110194132427944,-0.0852109106134711,-0.00165119041272602,0.00082593917820841,232.089701007317,234.764443617157,304.439961966593,302.716162735024
14.78,344.207815231332,-8.57726577561937,-0.0402964160413359,-0.0052750735057728,0.0102096820128558,-0.0784257329026163,-0.00153678276453629,0.000758725529110984,231.967981656449,234.518570780833,303.99892780983,302.411968760837
14.79,344.47745160676,-8.57907187532943,-0.0375236330542462,-0.0051771055885226,0.00946526464954594,-0.0719891446098001,-0.001430496277955,0.000699013730772918,231.842617861294,234.276523766181,303.578630462645,302.118111097528
14.8,344.747195569906,-8.58082580240664,-0.0349472396930786,-0.00508624030389682,0.00878252060858186,-0.0660026666319522,-0.0013317966978207,0.000643988330462102,231.707082835766,234.034803905526,303.185914590817,301.83883251334
14.81,345.017046962071,-8.58253131776736,-0.0325545697940023,-0.00500188572361886,0.00815721612687947,-0.0603545661168678,-0.00124019399059761,0.000595470043580832,231.559912021246,233.791364644308,302.820418977888,301.574741301207
14.82,345.287005631576,-8.58419189586323,-0.0303327996039541,-0.00492348441396645,0.00758604307233191,-0.0551015135542669,-0.00115519341278715,0.000551079064889673,231.402033426724,233.545776063324,302.479437477236,301.324588366587
14.83,345.557071435003,-8.58581074622409,-0.0282702189571628,-0.00485051716894589,0.00706516727310685,-0.0501750662818449,-0.0010763412355691,0.000512183872960771,231.234885991975,233.297702557586,302.158947135172,301.08649280113
14.84,345.82724423513,-8.58739082111707,-0.0263550181143892,-0.0047824982874359,0.00659126121973551,-0.0456268998937457,-0.00100318105347054,0.000476803698513776,231.059719881919,233.047387087415,301.855797516263,300.858124955047
14.85,346.097523899617,-8.58893483663993,-0.0245766616954663,-0.00471897824999627,0.00616082832068968,-0.0413800002842334,-0.000935303987309679,0.000445945744072926,230.877733103252,232.79551081524,301.5672351191,300.637777254195
14.86,346.367910300184,-8.59044528382893,-0.0229247980777154,-0.00465953860225001,0.00577075665663788,-0.0374780120749586,-0.000872308984588126,0.000418037830003786,230.690110798414,232.54305730537,301.291596081743,300.423660827909
14.87,346.638403311826,-8.59192444830524,-0.0213902315370435,-0.00460379370970413,0.00541792455114389,-0.0338482174175474,-0.000813838381468244,0.000393813006354515,230.498149132787,232.291387289761,301.027294785235,300.214824977784
14.88,346.909002812655,-8.59337442158155,-0.0199640088812791,-0.00455138562005887,0.00509962429558587,-0.0305078518614835,-0.000759544549918245,0.000372087274275108,230.304843003003,232.04165955798,300.771228909488,300.010000949035
14.89,347.179708683245,-8.59479711714163,-0.0186380929339824,-0.00450198473376368,0.00481305412723238,-0.0274296404960071,-0.000709113866691483,0.000353361606383221,230.121087776528,231.794633819818,300.512272802421,299.808633491474
14.9,347.450520805979,-8.59619428135314,-0.0174046474008334,-0.00445528690700766,0.00455581952640703,-0.024592409527514,-0.000662241370243164,0.00033680657753897,229.936739097062,231.551712724176,300.263962838639,299.610749610756
14.91,347.721439065454,-8.59756750506723,-0.0162565405242619,-0.00441101287396421,0.00432533497155459,-0.0220121944887963,-0.000618648495778405,0.000322758984433423,229.74107739639,231.315095082082,300.037153300934,299.416245401403
14.92,347.992463349842,-8.59891823705554,-0.0151871822274334,-0.00436890780219932,0.00411935012691387,-0.0196411193510152,-0.000578078420045843,0.000310674200875325,229.542435183092,231.085310056955,299.822703933079,299.223793532055
14.93,348.263593550197,-8.60024779562608,-0.0141905164873582,-0.00432873732332306,0.00393600189657651,-0.0174366762371,-0.000540295598641904,0.000300680667274475,229.346597216128,230.863085285557,299.614710843715,299.032989560481
14.94,348.534829559423,-8.6015573785749,-0.0132610449358181,-0.00429028376588938,0.00377369835719214,-0.0153925426103042,-0.0005050864863866,0.000292433647063646,229.156830310097,230.649136475386,299.410867477796,298.843246970615
14.95,348.806171271758,-8.60284807528368,-0.0123940580120522,-0.00425334522088578,0.00363090242535824,-0.0134965234221566,-0.000472267800523242,0.000285871974584156,228.974796957481,230.444568126614,299.210025892341,298.654719791339
14.96,349.077618582675,-8.60412087743691,-0.0115854163492331,-0.0042177344613489,0.00350619034894897,-0.0117403244527571,-0.000441678442853201,0.000280836715539073,228.801801853516,230.25004306469,299.012190240606,298.467334167178
14.97,349.349171388982,-8.60537668858925,-0.0108315278298591,-0.00418327808015676,0.00339820760845515,-0.0101189377322864,-0.000413178511716777,0.000277116556222545,228.63850466259,230.066389669022,298.817281494228,298.281663826342
14.98,349.620829589012,-8.60661633313005,-0.0101292478677962,-0.00414981589734687,0.00330568217305526,-0.00861772178756181,-0.000386645521742701,0.000274704278439543,228.485610752601,229.893844913083,298.625753156317,298.097917042004
14.99,349.892593082839,-8.60784056319888,-0.00947577402127216,-0.00411719975035787,0.00322742506596207,-0.00724012710288599,-0.000361970416072885,0.000273246114428955,228.343288314628,229.732806215264,298.437712507282,297.916812866664
15,350.164461772494,-8.60905006631056,-0.00886867078730793,-0.00408529348588912,0.00316228321167468,-0.00596769505761239,-0.000339058307598422,0.000272860229188648,228.211792886495,229.583060606085,298.253638896301,297.738577341655
15.01,350.436435562175,-8.61024546998724,-0.00830557891620443,-0.00405397136642659,0.00310928367123619,-0.00478628771939233,-0.000317817805869599,0.000273282853190254,228.090247498145,229.44450813206,298.074544307863,297.563704429225
15.02,350.708514358687,-8.61142734557747,-0.00778435399072674,-0.00402311709600166,0.00306740446262862,-0.00373457287499198,-0.000298165471193448,0.000274120178197276,227.971742017328,229.317230864792,297.90758980924,297.392648684598
15.03,350.980698071787,-8.61259621573251,-0.00730324825678882,-0.00399262652748562,0.00303543897489165,-0.00277877444198604,-0.000280032494765758,0.000275693826297415,227.859674937117,229.20048215984,297.747711120333,297.224844183919
15.04,351.252986614221,-8.61375255612133,-0.0068602760096507,-0.00396240561238461,0.00301240701919919,-0.00193406082492165,-0.000263341760622535,0.000277369220719357,227.76038919582,229.093267745523,297.587361671558,297.06035649184
15.05,351.525379900613,-8.61489679995543,-0.00645365338567947,-0.00393237080631379,0.00299732137861329,-0.00117088660532838,-0.000248023916721014,0.000279567420462202,227.672043360898,228.994766525461,297.428826477848,296.899427744912
15.06,351.797877847563,-8.61602933934726,-0.00608154581215495,-0.00390244715999249,0.0029892823897973,-0.000517324787353173,-0.000234008153651347,0.000281570971304187,227.592757170843,228.904690503039,297.273523039296,296.742781958623
15.07,352.070480373947,-8.61715053168207,-0.00574246204769192,-0.00387257003438571,0.0029873083804776,5.9078109741938e-05,-0.000221236431435405,0.000283906362625778,227.521545913423,228.822137698199,297.122394771485,296.59057283023
15.08,352.343187401001,-8.61826070107579,-0.00543482030429875,-0.00384268301320143,0.00299054734624536,0.000529774608493146,-0.000209647777819523,0.000285822740265064,227.457430069186,228.746687792708,296.975825342993,296.44345775394
15.09,352.61599885238,-8.61936014429443,-0.00515732255026875,-0.00381273951881083,0.00299808281872253,0.00093365197577487,-0.000199191771528923,0.000287956927138656,227.399838969947,228.677333367463,296.834164530424,296.301478613953
15.1,352.88891465417,-8.62044913085747,-0.00490846701262542,-0.00378270022473947,0.00300916808444047,0.00124153390677685,-0.000189810909503213,0.000289530276852982,227.347950626041,228.613595178521,296.697468247256,296.165137199161
15.11,353.161934734918,-8.62152790823172,-0.00468703505264457,-0.00375253470820196,0.0030229615710191,0.00148346585644758,-0.000181458133992636,0.000291272237473463,227.301233904084,228.554037112797,296.565895447379,296.034884646289
15.12,353.435059025912,-8.622596702766,-0.00449174502776769,-0.00372221955493634,0.00303875156580054,0.0016513631312426,-0.000174084653180931,0.000292361896299971,227.259163495724,228.491273510332,296.439470248528,295.9186958307
15.13,353.708287461455,-8.62365572356597,-0.00432126591085103,-0.00369173794511803,0.0030560765010139,0.00179607104403878,-0.000167640459691913,0.000293604995277878,227.221213766017,228.425982555246,296.31778183541,295.813265240876
15.14,353.981619978755,-8.62470515996321,-0.00417414012119226,-0.00366107634348754,0.00307448371449175,0.0018644551576802,-0.000162070850413088,0.000294173722697464,227.186119504211,228.362733004837,296.20012100899,295.712927586476
15.15,354.255056517028,-8.62574518701629,-0.00404919928796967,-0.00363022795661604,0.0030933511918009,0.00189838855012879,-0.000157331487897027,0.000294945520806164,227.153440825922,228.303500114581,296.086537057247,295.614752806504
15.16,354.528597017035,-8.62677596341337,-0.00394494906292491,-0.00359919008820501,0.0031122467925002,0.00187082760051869,-0.000153366408926611,0.000295091354629502,227.122353213903,228.252872815915,295.976785418515,295.513477095284
15.17,354.802241420926,-8.62779763546867,-0.00386008811652857,-0.00356796526874369,0.00313079520837394,0.00184035046421088,-0.000150126911328228,0.000295530508999385,227.092563251272,228.209934713412,295.871285088921,295.410223045377
15.18,355.075989671845,-8.62881033371759,-0.00379295757066712,-0.00353655702643729,0.00314888981173106,0.00177399324507936,-0.000147551434975943,0.000295397561668626,227.063644584681,228.170347292682,295.770461641555,295.309885669539
15.19,355.349841714653,-8.62981417635106,-0.00374216442287959,-0.0035049716618165,0.0031663293918924,0.00171822974820489,-0.000145587947520799,0.000295616274880356,227.035401774258,228.131705944972,295.674819332001,295.214315757252
15.2,355.623797496256,-8.63080926585649,-0.00370599571818896,-0.00347321527924778,0.00318308122994978,0.0016297649359684,-0.000144172861779147,0.000295289861592645,227.007141505639,228.093372833136,295.58446120207,295.124163758071
15.21,355.897856965618,-8.63179569271255,-0.00368305454696388,-0.00344129638439642,0.00319896850611678,0.00155447378302007,-0.000143253907459675,0.000295352636994373,226.978474310537,228.054702703546,295.499427614336,295.039026016343
15.22,356.172020073656,-8.6327735323327,-0.00367166041015622,-0.00340922302096357,0.00321398604547702,0.00144911247860539,-0.000142768607294171,0.000294891454200653,226.948747035537,228.015671420348,295.419479779249,294.958692166086
15.23,356.44628677311,-8.63374284913691,-0.00367049190598946,-0.00337700535266837,0.00322798827103896,0.00136055711905683,-0.000142667383416904,0.000294846986762303,226.917759966912,227.975814140771,295.344498091895,294.882660079653
15.24,356.72065701841,-8.6347036937209,-0.00367797050188728,-0.00334465272556585,0.00324100602344148,0.00124524824562492,-0.000142891453326418,0.000294293346591307,226.885029077153,227.935097107655,295.274112839072,294.81075211519
15.25,356.995130765555,-8.63565610712933,-0.00369290269227512,-0.00331217626511016,0.00325292753492604,0.00115011697867481,-0.000143395896327123,0.000294170692921514,226.850473065517,227.89305091128,295.208088152209,294.742493163653
15.26,357.26970797202,-8.63660011813861,-0.00371385707213243,-0.00327958592703594,0.0032638234074427,0.00103357726478795,-0.000144127332413927,0.000293544823574022,226.815493729419,227.853809655484,295.146038148239,294.677754253803
15.27,357.544388597129,-8.63753574766571,-0.00373980856041701,-0.00324689311097393,0.00327358948297058,0.000933089104569317,-0.00014504700681208,0.000293350130706393,226.779002869316,227.808813936677,295.087691071828,294.616059468719
15.28,357.819172601346,-8.63846300591,-0.00376937669723001,-0.00321410785537241,0.00328241915743535,0.000841703778159006,-0.000146103584721356,0.000293123888853099,226.737761924829,227.762118472201,295.032636950802,294.557037418127
15.29,358.094059945708,-8.63938189434964,-0.00380171777930426,-0.00318123964715784,0.00329020779566144,0.000720156643126182,-0.000147265034409447,0.000292366293109893,226.694212281711,227.713842508486,294.980485301056,294.500610141076
15.3,358.36905059223,-8.64029241085836,-0.00383613434874985,-0.00314830016981644,0.00329685140446713,0.000620868734619413,-0.000148504655335879,0.000292020666080937,226.648747814965,227.663935170665,294.931164326056,294.446559464811
15.31,358.644144503897,-8.64119454587584,-0.00387165772461326,-0.00311529977030559,0.00330243287841112,0.000499537916743456,-0.000149786157092187,0.000291153615852497,226.601325008286,227.612701646505,294.884310807627,294.394739736024
15.32,358.919341644577,-8.64208828670421,-0.00390772705007533,-0.00308225011612516,0.0033068794182942,0.000401323712605873,-0.00015108798057415,0.000290682635071176,226.552237933516,227.560052815168,294.839659881378,294.344722227711
15.33,359.194641979017,-8.64297361455199,-0.00394346014181866,-0.00304916111417474,0.00331035258942049,0.000292528636843531,-0.00015237715283306,0.000289690332493047,226.499768598884,227.506422301571,294.798996617895,294.29639791408
15.34,359.47004547294,-8.64385050802872,-0.00397844193475808,-0.00301604362302457,0.00331272232105119,0.000191254133736422,-0.000153637259318555,0.000289088938067561,226.4417014189,227.451966683722,294.764373833064,294.249303273702
15.35,359.745552093107,-8.64471894192071,-0.00401205252148422,-0.00298290803977491,0.00331401402675521,6.79768516826821e-05,-0.00015484481762454,0.000287971525316062,226.380891680239,227.396845498927,294.731894854181,294.202862391429
15.36,360.021161806986,-8.64557889117981,-0.00404408165071495,-0.00294976629710181,0.00331413352696401,-3.16061015685026e-05,-0.000155991295502149,0.00028722284973668,226.319539551476,227.338902803592,294.699696027232,294.159231764776
15.37,360.296874582547,-8.64643032848985,-0.00407400791333795,-0.00291662844081646,0.00331328945843993,-0.000138021180630099,-0.000157057498874498,0.000285939933204427,226.258639391472,227.277570228675,294.666539307952,294.118744977401
15.38,360.572690388192,-8.64727322785127,-0.00410177835600096,-0.00288350468906366,0.00331147070067897,-0.000220593965829451,-0.000158041060198073,0.000284990721645094,226.198995067219,227.21523745228,294.63158414489,294.078539302754
15.39,360.84860919235,-8.64810756284259,-0.00412716188223079,-0.0028504037246023,0.00330874944758036,-0.000327409582007732,-0.000158933282519145,0.000283500214727393,226.14297269119,227.153530117709,294.592302872017,294.0374322515
15.4,361.124630963216,-8.64893331064652,-0.00415027406107162,-0.00281733575198221,0.00330502275739491,-0.000415725575245525,-0.000159737948718965,0.000282331081823912,226.09013893816,227.093175825677,294.550088009778,293.994978499169
15.41,361.400755668636,-8.64975044920311,-0.00417095372444037,-0.00278430995108741,0.00330034196978331,-0.000526748533920253,-0.000160449120523672,0.000280630760826626,226.039659327078,227.034921127686,294.506041690589,293.951257104307
15.42,361.676983276348,-8.65055896084347,-0.00418938369906462,-0.00275133702510389,0.00329460412416192,-0.000619293895169736,-0.000161073274297802,0.000279243054945453,225.991612980587,226.980602331676,294.460813476959,293.904534138509
15.43,361.95331375412,-8.6513588298542,-0.00420551271625696,-0.00271842646389617,0.00328790496431113,-0.000728422829852375,-0.000161608813387299,0.00027733199539464,225.945834264705,226.931517465573,294.414740134433,293.854472241196
15.44,362.229747069566,-8.65215004601017,-0.00421961351945085,-0.00268558864672519,0.00328021344541017,-0.000812771965485704,-0.000162065776341827,0.000275719453705689,225.902614975333,226.885751647567,294.368322135591,293.8033334813
15.45,362.506283190476,-8.65293260172088,-0.00423170203694973,-0.00265283229107609,0.00327164244956352,-0.000913282365013412,-0.00016244511708324,0.000273581420784909,225.861932262845,226.842837227073,294.32183592235,293.752200394851
15.46,362.782922085023,-8.65370649514414,-0.00424207915307109,-0.00262016696759723,0.00326215172418696,-0.000991899907254498,-0.00016275796061188,0.000271718694963346,225.823919654064,226.802412617751,294.275607778018,293.701460032154
15.47,363.059663721818,-8.65447172708917,-0.00425076821741854,-0.00258760083054277,0.00325182679316971,-0.00108881922034601,-0.000163005560727146,0.000269324973920806,225.788353728887,226.764463266658,294.229688765198,293.651354934786
15.48,363.336508069906,-8.65522830394526,-0.00425805907420189,-0.00255514311413655,0.0032406047787883,-0.00116645783945695,-0.000163198639281468,0.000267185573531662,225.755338533594,226.728817026809,294.1843338899,293.602017892325
15.49,363.613455098792,-8.65597623460583,-0.00426396052399035,-0.00252280187555424,0.00322855107274772,-0.00126348259350005,-0.000163337903207944,0.000264514871212399,225.724638816527,226.695495804715,294.139535061489,293.553573699873
15.5,363.890504778432,-8.65671553327184,-0.00426873064011107,-0.00249058636719663,0.00321559416224004,-0.00134231544940861,-0.000163432892709695,0.000262084676661353,225.696331507403,226.664333933929,294.095510767791,293.506098870148
15.51,364.167657079245,-8.65744621637855,-0.00427234730479842,-0.00245850476214791,0.00320179203739254,-0.0014406227589242,-0.000163483161799295,0.000259130072354574,225.670176930278,226.63535283501,294.052251883723,293.459699142639
15.52,364.444911972117,-8.65816830532672,-0.00427503032417857,-0.00242656645210004,0.00318707089426294,-0.00152135733878074,-0.000163496824225446,0.000256409496835571,225.646199249082,226.608337531265,294.009909676025,293.414393608747
15.53,364.722269428405,-8.65888182345575,-0.00427672173367917,-0.00239477979011844,0.00317148778595166,-0.00162088016664091,-0.000163472099120085,0.000253178254510945,225.624206961916,226.583350288675,293.968558491258,293.370362412205
15.54,364.999729419965,-8.65958679868174,-0.00427759832630988,-0.00236315429604916,0.00315497446830783,-0.00170269783663014,-0.000163415506433516,0.000250181610401619,225.604196734547,226.560163075143,293.928323921887,293.32759677095
15.55,365.277291919158,-8.66028326033693,-0.0042774704212607,-0.00233169820086549,0.00313768423092846,-0.00178019590826521,-0.00016332057733555,0.000247059177434622,225.585938370192,226.538746673019,293.889277536246,293.286138841836
15.56,365.554956898867,-8.66097123983684,-0.00427647506249096,-0.00230041942770466,0.00311953144566391,-0.0018805319201593,-0.000163192368168774,0.000243441056271157,225.569366835684,226.51906258641,293.851488691806,293.246211724369
15.57,365.832724332518,-8.6616507737047,-0.00427476766303926,-0.00226932757187252,0.00310043935847242,-0.00196316699459873,-0.000163036546927979,0.0002400635957156,225.554390418093,226.500800565369,293.814989318156,293.20771132114
15.58,366.110594194059,-8.66232189970819,-0.0042722075014447,-0.00223843115316011,0.00308047831961592,-0.0020615603794644,-0.000162848261719742,0.000236231277563807,225.54078343683,226.483988581776,293.779812513842,293.17074306855
15.59,366.388566457984,-8.6629846592362,-0.00426887877684398,-0.00220773959443744,0.00305960613583875,-0.00214077335784149,-0.000162630613166317,0.000232654823072961,225.528522105503,226.468402381845,293.746079393652,293.135297484825
15.6,366.666641099337,-8.66363909449493,-0.00426461864537954,-0.00217726106708233,0.00303790671420064,-0.00223399299816523,-0.000162377943152599,0.000228654697059644,225.517391607744,226.454057958142,293.713803538561,293.101472463841
15.61,366.944818093727,-8.66428525097044,-0.00425949210424018,-0.00214700448136139,0.00301535403136188,-0.0023062119982733,-0.000162092653022623,0.000224926315509343,225.507336508911,226.440698794924,293.683035400318,293.069198201298
15.62,367.223097417354,-8.66492317448419,-0.00425328253775939,-0.00211697722593068,0.00299207310790003,-0.00238866533228208,-0.000161767132544856,0.000220805663740293,225.497161980403,226.428342139158,293.654844377691,293.038508032559
15.63,367.501479047069,-8.66555291343345,-0.00424604844003785,-0.00208718727508343,0.00296801366820417,-0.00245579920768882,-0.000161403398741697,0.000216973585461807,225.486119183416,226.416835133203,293.629808426916,293.009258447198
15.64,367.779962960415,-8.66617451661626,-0.00423761451153491,-0.00205764155411923,0.00294325632342607,-0.00253430978925875,-0.000160995246412522,0.000212776697448673,225.475140167536,226.406160385657,293.606616950371,292.981411665789
15.65,368.058549135486,-8.66678803538344,-0.00422801028125753,-0.00202834749966303,0.00291780499200545,-0.00259015614821621,-0.000160543755636107,0.00020887720866284,225.464892210146,226.396009967236,293.584423407147,292.954753931818
15.66,368.337237550788,-8.66739352103352,-0.00421706041709522,-0.00199931092925605,0.00289177971836064,-0.00265572542608816,-0.000160042796831523,0.00020462907432347,225.455500893411,226.386426599386,293.562921985211,292.929321137551
15.67,368.616028185188,-8.66799102736691,-0.00420484051583828,-0.00197053802702017,0.00286518075865943,-0.00270053367835019,-0.000159495124608053,0.000200677718890865,225.447047519108,226.377277811122,293.542185544556,292.905096462145
15.68,368.894921017947,-8.6685806084607,-0.00419124989092459,-0.00194203357058454,0.00283809897264955,-0.00275731899165563,-0.000158897295064151,0.000196389698665929,225.439330626309,226.368303118843,293.522209839334,292.882471149548
15.69,369.173916028736,-8.66916232121492,-0.00417639630116908,-0.00191380281737826,0.002810541542428,-0.00279220482492352,-0.000158253253060657,0.00019239860558961,225.433322574905,226.358957318146,293.502046898375,292.86174765434
15.7,369.45301319767,-8.66973622264106,-0.00416017664556166,-0.00188584951802889,0.00278260643159587,-0.00283909766535326,-0.000157559465005555,0.000188084497452507,225.428618358418,226.34973559157,293.481942051088,292.842370021711
15.71,369.732212505158,-8.67030237229745,-0.00414271573654322,-0.00185817804263207,0.00275426379912019,-0.00286879644203979,-0.000156820430076856,0.000184070753248602,225.424488637192,226.340839940487,293.462698063038,292.823988046937
15.72,370.011513931986,-8.67086082993693,-0.0041239297690595,-0.00183079161834144,0.00272559057704365,-0.00291063730132884,-0.00015603330130874,0.00017975167348385,225.420489956667,226.332442585524,293.444578599938,292.806558217379
15.73,370.290917459343,-8.67141165777867,-0.00410394558482973,-0.00180369409406019,0.00269656760494606,-0.00293392147730751,-0.000155202670729685,0.000175739591129583,225.416632824882,226.324401696459,293.427701767991,292.790101436183
15.74,370.570423068825,-8.67195491814686,-0.00408268686201332,-0.00177688804287194,0.00266728666400854,-0.00296764531356621,-0.000154325987807535,0.000171437976819463,225.41277526398,226.316688308794,293.411984449717,292.774684689909
15.75,370.850030742429,-8.67249067568064,-0.00406028580612588,-0.00175037650454216,0.00263774133176891,-0.00298221954644025,-0.000153408056674207,0.0001674458815679,225.408973636931,226.30910412535,293.397408270453,292.760279683526
15.76,371.129740462535,-8.67301899500968,-0.00403668004342245,-0.00172416118622734,0.00260802540538046,-0.00300710889601614,-0.000152446839036372,0.000163175265262742,225.405068157011,226.301642856535,293.383867644072,292.746881138152
15.77,371.409552211877,-8.67353994296552,-0.00401201559721403,-0.00169824426053699,0.00257812926987516,-0.00301366367065367,-0.000151447633418025,0.0001592134481736,225.401112601204,226.294158345032,293.37135755227,292.734426502307
15.78,371.689465973546,-8.67405358630493,-0.00398624481362969,-0.00167262663433938,0.00254814054942054,-0.00303078809880323,-0.000150408927084288,0.000154981424340382,225.396990892284,226.286720447205,293.359831591644,292.722932817237
15.79,371.969481730977,-8.67455999386111,-0.00395952165228239,-0.00164730971598727,0.00251804542228445,-0.00303034004086498,-0.000149336296467548,0.000151056069907198,225.392766731618,226.279218523137,293.349296499094,292.712330784822
15.8,372.249599467936,-8.67505923429544,-0.00393180918884948,-0.0016222937177153,0.00248792377592973,-0.00304146862421362,-0.000148228605945872,0.000146866879818222,225.38825267962,226.271645484568,293.33958889745,292.702525000681
15.81,372.529819168499,-8.67555137832191,-0.00390328399001071,-0.00159757946848922,0.00245774686591127,-0.00303587835405149,-0.000147092233486989,0.000142979910762119,225.383607343131,226.2635431419,293.330778721491,292.69399965674
15.82,372.810140817087,-8.67603649635405,-0.0038738382617664,-0.00157316647548967,0.00242767304028367,-0.0030233562482075,-0.000145923630887878,0.000139114371868452,225.378706540518,226.2548458599,293.322744784409,292.686623134885
15.83,373.090564398442,-8.67651465901382,-0.00384364154250583,-0.00154905368199178,0.00239765896076871,-0.00302703965926333,-0.000144728939902037,0.000134977773121288,225.373545208982,226.24583848246,293.315348533873,292.680107714163
15.84,373.37108989757,-8.67698593963496,-0.00381289212899683,-0.00152524117280692,0.00236765664105002,-0.00301615274262482,-0.000143515285284367,0.000131132994149982,225.368196146269,226.236554459157,293.308514676005,292.674176754118
15.85,373.651717299698,-8.67745041131634,-0.00378156504378935,-0.00150172811905324,0.0023377252668723,-0.00301735912067849,-0.000142281941363756,0.000127033871785755,225.362626455568,226.227208491075,293.302197134843,292.668775189313
15.86,373.932446590257,-8.67790814879052,-0.00374980904046446,-0.00147851437006784,0.00230783397937103,-0.00300353579280587,-0.000141034262669269,0.000123227526235027,225.35692050343,226.217758832011,293.296344543083,292.663743288906
15.87,374.21327775485,-8.67835922621009,-0.00371758163678136,-0.00145559880980829,0.00227804258933739,-0.00300164532736681,-0.000139770883288138,0.000119173796343612,225.351074550893,226.208386565334,293.290936742334,292.659109108782
15.88,374.494210779255,-8.6788037191115,-0.00368501734589652,-0.00143298098957982,0.00224832047802161,-0.00298504002836694,-0.000138496625793988,0.000115411964817165,225.345161998206,226.199005759566,293.285882229294,292.654708991693
15.89,374.775245649407,-8.67924170225035,-0.00365206216232252,-0.00141065951059894,0.00221872689246566,-0.00298030134753486,-0.000137209690996079,0.000111407779381897,225.339159360029,226.189765268593,293.281132565436,292.650550808547
15.9,375.056382351392,-8.67967325154388,-0.00361883759189182,-0.0013886336414425,0.00218923000275587,-0.00296114745463158,-0.000135914410312808,0.000107694390173363,225.333204382297,226.180645972292,293.276693451543,292.646567452017
15.91,375.337620871441,-8.6800984419466,-0.00358528044165452,-0.00136690172645447,0.00215988650670583,-0.00295388196205447,-0.000134608633563758,0.000103743697598445,225.327260661496,226.17177926597,293.272510449927,292.64276266982
15.92,375.618961195924,-8.68051734939124,-0.00355150221010198,-0.00134546278735808,0.00213066341331017,-0.00293250726877696,-0.000133296310261678,0.000100083256743004,225.321455664535,226.163132536702,293.268587271428,292.639073499941
15.93,375.900403311343,-8.68093004870173,-0.00351743293173809,-0.00132431494725553,0.0021016151595586,-0.00292308360785616,-0.000131975028395424,9.61899940118902e-05,225.315740114198,226.154816884028,293.264854334339,292.635493928015
15.94,376.181947204323,-8.68133661553333,-0.00348317668947205,-0.0013034570171733,0.00207270744570758,-0.0028998417874401,-0.00013064845111858,9.25862422300376e-05,225.310249431418,226.146804169565,293.261330616556,292.631981933151
15.95,376.463592861618,-8.68173712432053,-0.00344865901290417,-0.00128288693395716,0.00204399255159992,-0.00288860990004863,-0.000129313989136597,8.87535827013898e-05,225.304966470351,226.139232309639,293.257998431948,292.628586701301
15.96,376.745340270114,-8.68213165021587,-0.00341397871463573,-0.00126260333186165,0.0020154351443228,-0.00286377562168135,-0.000127975100049686,8.52097375973497e-05,225.299953342387,226.13199728774,293.254801476392,292.625195432482
15.97,377.027189416798,-8.68252026706351,-0.00337905795954805,-0.00124260398696869,0.00198708648998049,-0.00285093101943592,-0.000126629063755205,8.14405477178471e-05,225.295197080016,226.125241027,293.251742965756,292.621876165028
15.98,377.309140288772,-8.68290304933996,-0.00334399327785103,-0.00122288737800458,0.00195890981302395,-0.00282482057210593,-0.000125279243052583,7.79596181823051e-05,225.290776770587,226.118872666658,293.248795054831,292.61855102479
15.99,377.591192873244,-8.68328007017221,-0.00330870758203944,-0.00120345115469377,0.00193095360355434,-0.00281078255815488,-0.0001239229351013,7.42567328695164e-05,225.286723277277,226.113065903507,293.246028673266,292.615366256006
16,377.873347157551,-8.68365140326406,-0.00327329427068307,-0.0011842936747012,0.00190318182815899,-0.00278342698803599,-0.000122563383706891,7.08420902692584e-05,225.283047575252,226.107667289996,293.243350191616,292.612172070847
16.01,378.155603129128,-8.68401712091601,-0.00323767582739386,-0.00116541246474613,0.00187564275574093,-0.00276815342838474,-0.000121197869306951,6.7209023069325e-05,225.279740458485,226.102815252131,293.240799841109,292.609079395965
16.02,378.437960775523,-8.68437729597002,-0.00320194685468889,-0.00114680576339409,0.00184829928071658,-0.00273977742746555,-0.000119829673565559,6.38643927126405e-05,225.276873020409,226.09840891961,293.23837063878,292.606034322892
16.03,378.720420084396,-8.68473199985361,-0.00316603133204183,-0.00112847099195813,0.00182119930468034,-0.00272332288027874,-0.0001184561316209,6.03047976622771e-05,225.274418910719,226.09456610609,293.236094362148,292.603140229307
16.04,379.002981043524,-8.68508130450179,-0.00313002378531773,-0.00111040627249278,0.00179430686616634,-0.00269376257358303,-0.000117080523545633,5.70340859925686e-05,225.272426888641,226.09117067311,293.233955712568,292.600329157447
16.05,379.285643640797,-8.68542528041731,-0.00309385023092558,-0.0010926089063755,0.00176767037298469,-0.00267595397641438,-0.000115700263404664,5.35515793592257e-05,225.270832382463,226.088302639908,293.23194568889,292.597662528018
16.06,379.568407864222,-8.68576399858848,-0.00305760719560224,-0.00107507688347164,0.0017412546474026,-0.00264515127094571,-0.000114318706694401,5.03581772872447e-05,225.26972941686,226.085895346304,293.230136349362,292.595156811486
16.07,379.851273701927,-8.68609752857959,-0.00302122620734669,-0.00105780738275553,0.00171510640676342,-0.00262623664644633,-0.000112933469367784,4.69555194072551e-05,225.269020815024,226.083987436267,293.228472126886,292.592835337045
16.08,380.134241142158,-8.68642594045421,-0.00298480771657271,-0.00104079828400825,0.00168918962318067,-0.00259433915434262,-0.000111548048922228,4.3841875025714e-05,225.268794083084,226.082499066935,293.227012986996,292.590709151829
16.09,380.417310173286,-8.68674930271834,-0.00294821842243419,-0.00102404650036713,0.00166361568214893,-0.00255898109779722,-0.000110157846974838,4.07718105373375e-05,225.268993478519,226.081496819148,293.22581120233,292.588811074759
16.1,380.700480783818,-8.68706768291347,-0.00291156354402538,-0.00100754869004231,0.00163832794165274,-0.00253934344976017,-0.00010876653617515,3.74846513175415e-05,225.269565454299,226.080923610879,293.224774476396,292.587172034003
16.11,380.983752962376,-8.68738114982134,-0.00287497022488515,-0.000991302653231648,0.00161327476500112,-0.00250741840909429,-0.000107378545054245,3.44819770929207e-05,225.270584375909,226.080682164222,293.223937215832,292.585774393718
16.12,381.267126697705,-8.68768977088137,-0.00283837346854248,-0.0009753054517462,0.00158850055241934,-0.00248729264404326,-0.000105991627529067,3.12736151985948e-05,225.271968395584,226.080855042652,293.223330765511,292.584695534186
16.13,381.550601978683,-8.68799361399424,-0.00280187355971177,-0.000959554851151684,0.00156396804477267,-0.00245460813884394,-0.00010460928200816,2.83511384166065e-05,225.273789399923,226.081365031482,293.223016609079,292.58393393068
16.14,381.83417879433,-8.68829274563555,-0.00276540666112378,-0.00094404783988172,0.00153972181171615,-0.00243369406419784,-0.00010322931327376,2.5225472407661e-05,225.275911769891,226.082223538196,293.222938891438,292.583497901804
16.15,382.117857133789,-8.68858723273131,-0.00272907320566031,-0.000928782101942654,0.00151572622333574,-0.002400063985823,-0.000101855232064034,2.23857409120736e-05,225.278396337949,226.083340282233,293.22314227674,292.583369747472
16.16,382.401636986331,-8.68887714076687,-0.00269281129694959,-0.000913754533771683,0.00149202599342007,-0.00237827824430308,-0.000100484921298365,1.93437170859815e-05,225.281149091935,226.084771176696,293.223612676936,292.583597778603
16.17,382.685518341361,-8.68916253568087,-0.00265672482669487,-0.000898962736071966,0.00146858378391867,-0.00234401587585214,-9.91220159408658e-05,1.65865238800412e-05,225.284248006743,226.086435439867,293.224415170654,292.584193213055
16.18,382.969501188424,-8.6894434819802,-0.0026207534118629,-0.000884403538293708,0.00144544370007511,-0.00232149622283089,-9.77644581734407e-05,1.36270641713128e-05,225.287563498173,226.088353767322,293.225490471147,292.585156763268
16.19,383.253585517192,-8.68972004460395,-0.0025850009784628,-0.000870074471359644,0.0014225681881176,-0.00228669636697998,-9.64158858686625e-05,1.09506004425789e-05,225.291172139783,226.09045615186,293.226905219048,292.586490603387
16.2,383.53777131747,-8.68999228705878,-0.00254940976867751,-0.000855972314026825,0.00139999855676426,-0.00226393536509723,-9.50743354193638e-05,8.07079613450315e-06,225.294937863283,226.092751913063,293.228580608377,292.58818146074
16.21,383.822058579185,-8.69026027328801,-0.0025140839951208,-0.000842094571280292,0.00137769553502941,-0.00222893820480971,-9.37434516849931e-05,5.47171908443127e-06,225.298968300844,226.095198714382,293.230614404866,292.590264988817
16.22,384.106447292401,-8.69052406578195,-0.00247896399906926,-0.000828438003333966,0.00135569996472016,-0.00220609315876815,-9.24212058287e-05,2.66821287305897e-06,225.303128028123,226.097820224955,293.232940522999,292.592726970816
16.23,384.390937447308,-8.69078372744902,-0.00244415345509358,-0.000815000109804249,0.00133397038800207,-0.00217131209514584,-9.11112186205267e-05,1.43331711449299e-07,225.307499194674,226.10054568484,293.235617848204,292.595568185391
16.24,384.675529034226,-8.69103931974097,-0.00240959155565542,-0.000801777671363096,0.00131254558110725,-0.00214870360245573,-8.98114181974391e-05,-2.58691399961358e-06,225.311960563731,226.103405501143,293.238582659008,292.598783400822
16.25,384.960222043595,-8.69129090449532,-0.00237537705525532,-0.00078876821080343,0.00129138464923722,-0.00211417769870719,-8.85252479309434e-05,-5.04001962072865e-06,225.316597098279,226.106344924597,293.241898087331,292.602363737006
16.26,385.245016465979,-8.69153854205901,-0.00234144642125927,-0.000775968536250096,0.00127052505596433,-0.00209199807999453,-8.72505375328121e-05,-7.69905063422154e-06,225.321277003625,226.109382952433,293.245485683604,292.606291200658
16.27,385.529912292051,-8.69178229314683,-0.00230789567778672,-0.00076337621421428,0.00124992438177335,-0.00205796000192278,-8.59906263016174e-05,-1.00820529011681e-05,225.326093363677,226.112464176617,293.249399174846,292.610556201832
16.28,385.814909512606,-8.69202221694962,-0.00227465552464132,-0.000750988098419645,0.00122962112703154,-0.00203610843031203,-8.47431395911777e-05,-1.26710609890347e-05,225.330958344265,226.115661443475,293.253619744473,292.615188857238
16.29,386.100008118545,-8.69225837297955,-0.00224181770435947,-0.000738801788070007,0.00120957364264072,-0.00200248451333077,-8.35112604514113e-05,-1.49847413983325e-05,225.33589641796,226.11885306296,293.258112890425,292.620091035443
16.3,386.385208100866,-8.69249081920256,-0.00220931045088504,-0.000726814182029061,0.00118981796210535,-0.00198121689378897,-8.22925217237929e-05,-1.75045026854169e-05,225.340860664662,226.122143317348,293.262897273047,292.625339092444
16.31,386.670509450691,-8.6927196138765,-0.00217721974879103,-0.000715022936203162,0.00117031278520464,-0.00194801902087193,-8.10898970189083e-05,-1.97492870283476e-05,225.34591849832,226.125458200458,293.267992292159,292.630882169481
16.32,386.955912159246,-8.69294481366681,-0.00214546917024589,-0.000703424991794234,0.00115109574633155,-0.00192714287803291,-7.99007541280977e-05,-2.21998802660949e-05,225.350952919767,226.128837865146,293.273325583198,292.636702108923
16.33,387.24141621785,-8.69316647550638,-0.00211414234046792,-0.000692018045846332,0.00113212455122891,-0.00189444901529643,-7.87279753678458e-05,-2.43758305746747e-05,225.356072487343,226.132240940563,293.278953043237,292.642793034315
16.34,387.527021617928,-8.69338465471673,-0.00208315884912025,-0.000680799085485524,0.00111343750214159,-0.00187386796382306,-7.75687857258766e-05,-2.6757377447928e-05,225.361172348533,226.135718413073,293.284810549244,292.649144650699
16.35,387.81272835099,-8.69359940684603,-0.00205259797537152,-0.000669765839008433,0.00109499347026528,-0.00184147965552245,-7.64259093516239e-05,-2.88645147001735e-05,225.366304740623,226.139181725429,293.290893159788,292.655682156494
16.36,388.098536408628,-8.69381078568244,-0.00202231299517403,-0.000658915174892743,0.00107689191114884,-0.00180650480482295,-7.52943109740325e-05,-3.09343046718761e-05,225.371449081115,226.142731323646,293.297255362522,292.662440670384
16.37,388.384445782528,-8.69401884382153,-0.00199238329365678,-0.000648243787806772,0.00105907169263466,-0.0017873161525717,-7.41767119630288e-05,-3.32201799236134e-05,225.376607992375,226.146382678872,293.303841402747,292.669468715313
16.38,388.670456464469,-8.69422363477526,-0.00196290567240675,-0.000637749533805104,0.00104147785482801,-0.00175675627094216,-7.30764212373008e-05,-3.52357773723199e-05,225.381809648491,226.150016353624,293.31060709561,292.676649995157
16.39,388.956568446292,-8.6944252104686,-0.0019337923556983,-0.000627429613287967,0.00102414579443443,-0.00173847561450655,-7.19903906243999e-05,-3.74579530734668e-05,225.386989581481,226.153728255013,293.317531620381,292.684012959356
16.4,389.24278171991,-8.6946236230104,-0.00190511171997308,-0.000617281981496873,0.00100703418126438,-0.00170828345999707,-7.09209407064091e-05,-3.94080824707311e-05,225.392262485862,226.157493659064,293.324693625457,292.691564402195
16.41,389.529096277325,-8.69481892281659,-0.00187677029963627,-0.000607303874912394,0.00099018218401743,-0.00169013598734446,-6.98648277396839e-05,-4.15632223073419e-05,225.397530083722,226.161377091592,293.332035066091,292.699293307944
16.42,389.815512110607,-8.69501116046638,-0.00184883617666792,-0.000597493263607304,0.000973549315622792,-0.00166009436921277,-6.88243596905662e-05,-4.34456809814653e-05,225.402819037452,226.165254592739,293.339501616744,292.707086014755
16.43,390.10202921188,-8.695200384859,-0.00182121754245162,-0.000587847399453148,0.0009571744525725,-0.00164204767667952,-6.77963509720056e-05,-4.55329371695117e-05,225.408150003585,226.169294465051,293.347174440462,292.715085887376
16.44,390.388647573346,-8.6953866450621,-0.00179398178820124,-0.000578364259391688,0.000941018910243016,-0.00161194342422175,-6.67830842864669e-05,-4.73476674528214e-05,225.413536011054,226.173365655649,293.354988092279,292.723159935259
16.45,390.675367187265,-8.69556998846334,-0.00176703883554996,-0.000569041091301553,0.000925121485624522,-0.00159395694311665,-6.57814360527323e-05,-4.93678250492284e-05,225.418957211911,226.177596803736,293.362965986876,292.731394775893
16.46,390.962188045971,-8.69575046264725,-0.00174045964885611,-0.00055987587982087,0.000909441889264282,-0.00156403787002592,-6.47938093466839e-05,-5.11165060432064e-05,225.424454237742,226.181874232318,293.37107820036,292.73970347197
16.47,391.249110141847,-8.69592811354305,-0.00171415510568976,-0.000550865887331632,0.000894019336496169,-0.00154613219748146,-6.38171155881117e-05,-5.3071759899373e-05,225.42998389434,226.186307117976,293.379320961408,292.748139875664
16.48,391.536133467337,-8.6961029872864,-0.00168819781732837,-0.000542009108562643,0.00087881327535444,-0.00151642665481898,-6.28538130988264e-05,-5.4756820083384e-05,225.435618029669,226.190818653661,293.387704851734,292.75665329552
16.49,391.823258014945,-8.69627512838882,-0.00166250228785338,-0.000533302829562117,0.00086386091832444,-0.001498944199243,-6.19009394633577e-05,-5.66498926225078e-05,225.441273239303,226.195469008927,293.396173430423,292.765254448575
16.5,392.110483777223,-8.69644458160278,-0.00163714233971463,-0.00052474508263111,0.000849121527471725,-0.0014695363346082,-6.09609926285816e-05,-5.82740172069968e-05,225.447061351185,226.200219793991,293.40479558382,292.773950464417
16.51,392.397810746778,-8.69661139006593,-0.00161203295066281,-0.000516333185309079,0.000834632602427774,-0.00145244097894035,-6.00310294271096e-05,-6.01073965170885e-05,225.452873559825,226.205115316371,293.413486859832,292.782715704079
16.52,392.685238916269,-8.69677559718387,-0.00158725066034295,-0.000508065210248054,0.000820351836836624,-0.00142360459816478,-5.9113639429233e-05,-6.1672986036587e-05,225.458852977505,226.210141502564,293.422353143256,292.791601748501
16.53,392.97276827842,-8.69693724478234,-0.00156271173201677,-0.000499938528614178,0.000806316224019918,-0.00140697138612774,-5.82059258786683e-05,-6.34488796964049e-05,225.464862792788,226.215308727321,293.43127258287,292.80055030237
16.54,393.260398825994,-8.6970963749655,-0.00153849205237475,-0.000491951259273388,0.000792484510056569,-0.00137858263789534,-5.73104558437697e-05,-6.49577712865516e-05,225.471007106829,226.220575395686,293.440313449513,292.809563845252
16.55,393.548130551806,-8.69725302827569,-0.00151450974346513,-0.000484100819837685,0.000778892729316988,-0.00136255812242738,-5.64243996701486e-05,-6.66778825908891e-05,225.477235637133,226.226034009592,293.449464056069,292.818699713056
16.56,393.835963448728,-8.69740724556902,-0.00149084226100746,-0.000476385387909509,0.000765498888062045,-0.0013346938735039,-5.55503773022357e-05,-6.81317107259654e-05,225.483588975689,226.231570667312,293.458701081067,292.827876772798
16.57,394.123897509689,-8.6975590661517,-0.00146740661373252,-0.000468802429466812,0.000752341436812053,-0.00131893408156266,-5.46855264953667e-05,-6.97974336059857e-05,225.490029359291,226.237299714105,293.471043371383,292.840166652961
16.58,394.411932728168,-8.69770852965764,-0.00144428191050638,-0.000461350164014397,0.000739375773029383,-0.00129185473643782,-5.38325224380426e-05,-7.11976514611548e-05,225.496514238422,226.24303551094,293.480501426903,292.849517981545
16.59,394.700069097431,-8.69785567420527,-0.00142138680852629,-0.000454026127091573,0.000726639534588627,-0.00127683375656487,-5.2988563124923e-05,-7.28104874294206e-05,225.502980768319,226.248844943282,293.489830139438,292.858774584284
16.6,394.988306610436,-8.69800053825815,-0.00139879901772596,-0.000446828594204088,0.000714091779051682,-0.00124993816851151,-5.21562785814606e-05,-7.4158322177133e-05,225.509592751874,226.254741856279,293.499234127941,292.868070340306
16.61,395.276645260181,-8.69814315877027,-0.00137643827324111,-0.000439755133202546,0.000701768900908086,-0.00123545452126682,-5.13329072543372e-05,-7.5719684454321e-05,225.516325954766,226.260854869823,293.508772783151,292.877524934665
16.62,395.565085039728,-8.69828357307277,-0.00135438448671425,-0.000432804074445903,0.000689628551347591,-0.00120917252556466,-5.05211543250082e-05,-7.70168765376598e-05,225.523235783436,226.267086032449,293.518449878883,292.887083066653
16.63,395.853625942208,-8.69842181688178,-0.00133249161630202,-0.000425972890611974,0.000677770296378023,-0.00118029761970458,-4.97160476313018e-05,-7.82861916379025e-05,225.530281894822,226.273519651044,293.528333176149,292.896789699012
16.64,396.142267960825,-8.69855792488657,-0.00131084315315694,-0.000419258885386621,0.000666131510506217,-0.00116748896876939,-4.89204177259097e-05,-7.9780893481503e-05,225.537425616793,226.280126346578,293.538318508616,292.906651169456
16.65,396.431011088855,-8.69869193289597,-0.0012895409973358,-0.000412660545394323,0.000654655514633007,-0.00114337110849296,-4.81377138269248e-05,-8.1016246614116e-05,225.54479474036,226.286868761601,293.548492297734,292.916697713453
16.66,396.71985531965,-8.69882387533139,-0.0012685018371061,-0.000406175708869507,0.000643377336054641,-0.00113154773233787,-4.73650718227894e-05,-8.2468201544388e-05,225.55220428306,226.29372405821,293.558705253674,292.926827922266
16.67,397.008800646598,-8.69895378700591,-0.00124779935415629,-0.000399802972132717,0.000632255132129441,-0.0011079930615132,-4.66049772466884e-05,-8.36593952434129e-05,225.559794004134,226.30069436104,293.569087706157,292.937098551725
16.68,397.2978470634,-8.69908173205895,-0.00124442231889763,-0.000393579865511106,0.000602456024601155,-0.00806423551800228,-4.64236046125157e-05,-8.52305289750993e-05,225.528594467262,226.346187159408,293.613546670783,292.914098378863
16.69,397.586994565181,-8.69920845392483,-0.00131825769318358,-0.000388151095665545,0.000491751561957159,-0.0112020607971063,-4.87881487398439e-05,-8.60218608995985e-05,225.777495394538,226.095543107243,293.376160562409,293.191708773646
16.7,397.876243145329,-8.69933432221786,-0.00135224591121459,-0.000383834640532229,0.000384174871186711,-0.0103030228060766,-4.97168789451797e-05,-7.79432018959574e-05,225.909171090549,225.977771631504,293.271840367404,293.311727024384
16.71,398.165592797249,-8.69945912662056,-0.00133520416747118,-0.000380541488150249,0.000286629786177292,-0.00919145646600092,-4.88414770683387e-05,-6.61829240911445e-05,225.962110401213,225.970735605867,293.240392011502,293.322910523975
16.72,398.455043511763,-8.69958267043631,-0.00127542881411445,-0.000378159441453594,0.000201236143863849,-0.00784389806362257,-4.64666114730132e-05,-5.22579089637073e-05,225.967196624968,225.991339500539,293.259709408594,293.315814233794
16.73,398.744595281281,-8.69970480787332,-0.00118076897116702,-0.000376552036441565,0.000130701884228112,-0.00624088351120692,-4.28808889722291e-05,-3.64388057645659e-05,225.952803636627,226.011335826498,293.299050230168,293.312473917848
16.74,399.034248101588,-8.69982543051501,-0.00105894802672527,-0.000375558841168088,7.6912050636404e-05,-0.00452395616029058,-3.83653121165786e-05,-2.00251763454859e-05,225.939940725529,226.026836255568,293.335034892898,293.312941557063
16.75,399.32400196855,-8.69994446523294,-0.000918087222698793,-0.000375008642769988,4.03958678904737e-05,-0.00279794058403725,-3.32109127272225e-05,-3.26740260113076e-06,225.935554374203,226.038163760104,293.36108276287,293.316214814709
16.76,399.613856877005,-8.70006187132243,-0.00076612611813302,-0.000374730418796491,2.06084236847359e-05,-0.00118741116226504,-2.76992712150894e-05,1.2775987523821e-05,225.938831994576,226.046791643724,293.378605859058,293.321449287918
16.77,399.903812820748,-8.70017764075662,-0.000610687890422353,-0.000374564472765393,1.61223739825379e-05,0.000268424330849627,-2.20982703841682e-05,2.81444690533868e-05,225.946980922887,226.053936661924,293.391221499702,293.328188793344
16.78,400.193869792934,-8.7002917928274,-0.000458380691750981,-0.00037436707510609,2.51261666242758e-05,0.00151261280479726,-1.66387279470784e-05,4.20388930156262e-05,225.957473510432,226.060464017626,293.401753962386,293.336307431226
16.79,400.484027786481,-8.7004043710193,-0.000314901239552702,-0.000374015097694554,4.55147604849197e-05,0.00255635812702576,-1.15182312691749e-05,5.47065541589686e-05,225.969196219998,226.066866935456,293.411947913476,293.345919812091
16.8,400.774286794397,-8.70051543554835,-0.000184649605462067,-0.000373405802447066,7.5197484372918e-05,0.00337423969630441,-6.8883696983336e-06,6.55124185982904e-05,225.981532529037,226.073359474833,293.422255086981,293.356971976015
16.81,401.064646809899,-8.70062505977601,-7.10757301042833e-05,-0.000372458418433482,0.000112029235207299,0.00399589107273047,-2.86676425747661e-06,7.48401980361683e-05,225.994475972737,226.079959531161,293.432769462197,293.369368720838
16.82,401.355107826406,-8.70073332344621,2.35628867935924e-05,-0.000371112123767383,0.000154021280339404,0.00440721354644342,4.7086793141471e-07,8.21739137768581e-05,226.007952099841,226.086784412185,293.443402443119,293.383045202166
16.83,401.645669837351,-8.70084031036564,9.77866608275012e-05,-0.000369326496980809,0.000199224970283927,0.00464602833953988,3.07639849612293e-06,8.80044487531579e-05,226.021983753193,226.09378517423,293.454133880425,293.397817761121
16.84,401.936332836397,-8.70094610305296,0.000151109369192106,-0.000367078682297806,0.000245921366536129,0.00470487866444077,4.93631951171105e-06,9.19110216334681e-05,226.036340901022,226.101018665391,293.464913930602,293.413522696485
16.85,402.227096817515,-8.70105078178013,0.000183613647638305,-0.000364363179601697,0.000292492475279226,0.00462710298571847,6.05712057724367e-06,9.44671650276712e-05,226.050932837903,226.108417566801,293.47582193803,293.429953260267
16.86,402.517961774977,-8.70115442046277,0.000196162172763208,-0.000361188466252144,0.000337598541452667,0.00440939954404231,6.47220160400678e-06,9.53203666477424e-05,226.065478937475,226.116021530234,293.486865636682,293.446950397404
16.87,402.808927703312,-8.70125708682858,0.000189971365141291,-0.000357576379540348,0.000380035054425451,0.00409780147662052,6.22723904580971e-06,9.50980311829161e-05,226.079819811431,226.123672188911,293.4980290843,293.464219017451
16.88,403.09999459726,-8.70135883929644,0.000166839943914612,-0.000353558439292786,0.000418913167541356,0.00369696272435387,5.38772309858836e-06,9.34871261798905e-05,226.093621072458,226.131413096989,293.509457878213,293.481632731602
16.89,403.391162451825,-8.70145972734752,0.000128773839605969,-0.000349174702311413,0.000453489182138946,0.00323488731802737,4.02630236620674e-06,9.11457998662791e-05,226.106698073751,226.138964793682,293.521291505982,293.499267540365
16.9,403.682431262359,-8.70155978989527,7.80809678746592e-05,-0.000344471211041232,0.000483252243257373,0.00273509024374678,2.22562374623939e-06,8.8009811242571e-05,226.119173630906,226.14633271095,293.533048673041,293.51663292765
16.91,403.973801024292,-8.70165905564919,1.70835758726759e-05,-0.000339497935671553,0.000507861425531686,0.00219951989611259,6.84130333789917e-08,8.40062663959341e-05,226.130732087464,226.153550366845,293.544786067733,293.53356147606
16.92,404.265271733022,-8.70175754518395,-5.1922240548359e-05,-0.000334307924937671,0.000527138622364056,0.00167040002715965,-2.36379206546163e-06,7.97880786850141e-05,226.141527239943,226.160575286514,293.556536858897,293.549977303427
16.93,404.556843383921,-8.70185526927927,-0.00012651865425192,-0.000328954010519343,0.000541137749044526,0.00113784794286096,-4.9857495077328e-06,7.50388389282588e-05,226.151552718196,226.16765006189,293.568274807391,293.565752691796
16.94,404.848515972261,-8.70195223153505,-0.000204542474188017,-0.000323488837798675,0.0005499722326871,0.000639154243664993,-7.72128063826383e-06,7.03843353910033e-05,226.161008134906,226.174847338073,293.580160278916,293.580911998085
16.95,405.140289493093,-8.7020484273472,-0.000283813811666828,-0.000317962107340892,0.000553955081205523,0.000161300181555396,-1.04941498684735e-05,6.54799943054017e-05,226.169867018877,226.182220194165,293.592176435475,293.595523822084
16.96,405.43216394117,-8.70214384672604,-0.000362496339752507,-0.000312420940688779,0.00055342071866976,-0.000262785981204751,-1.32402210852849e-05,6.09182351579978e-05,226.178408959225,226.189797971968,293.604574403515,293.609833729605
16.97,405.724139311171,-8.70223847346077,-0.000438812615222064,-0.000306907558734578,0.000548856046737795,-0.000651020591023654,-1.58978492804323e-05,5.63185345615201e-05,226.186632153044,226.197633346516,293.617345377012,293.623952960475
16.98,406.016215597753,-8.70233228807258,-0.000511382534002259,-0.000301460130057862,0.000540721499103195,-0.00097511956264937,-1.84192608732202e-05,5.22371353451636e-05,226.194715662994,226.205682223855,293.630565542284,293.637938678208
16.99,406.308392795595,-8.70242526701468,-0.000578915684748528,-0.000296110908367404,0.00052958594529162,-0.00125719555225402,-2.07601541201083e-05,4.82574901790687e-05,226.202667999227,226.214040789266,293.644213005406,293.651871887131
17,406.600670899419,-8.7025173855744,-0.000640530066296815,-0.00029088749470612,0.000515952811074168,-0.00147261426115882,-2.2890388735761e-05,4.49012121266829e-05,226.210573524811,226.222588702492,293.658233977522,293.665677062369
17.01,406.893049903984,-8.70260861695459,-0.000695428655086149,-0.000285811336979254,0.000500399802099077,-0.00164670646411802,-2.47830491490238e-05,4.17186127662202e-05,226.218458409609,226.231444623991,293.672618445593,293.679456734334
17.02,407.1855298041,-8.70269893501875,-0.000743205694709245,-0.000280899309865402,0.000483409526231882,-0.0017575776662989,-2.64246997771371e-05,3.92008312557215e-05,226.226374159923,226.240453836697,293.687264245587,293.693100952318
17.03,407.478110594611,-8.70278831318778,-0.000783513353663209,-0.000276162486204405,0.000465513536060957,-0.00183290051828257,-2.7804117975427e-05,3.68702755616825e-05,226.234326121043,226.24971364238,293.702146902588,293.706709179029
17.04,407.770792270403,-8.70287672699469,-0.000816363286706561,-0.000271607953795435,0.000447124149622153,-0.00185390076187584,-2.89223814037875e-05,3.51936794379198e-05,226.242390591862,226.259074198558,293.717207023131,293.720252590991
17.05,408.063574826416,-8.70296415296588,-0.000841808904265027,-0.000267237899552624,0.000428672316099918,-0.00184837638037145,-2.97821731492786e-05,3.36706739343397e-05,226.250548914809,226.268392111869,293.732373281315,293.733990699962
17.06,408.356458257666,-8.70305057099414,-0.000860192096419773,-0.000263051374283941,0.00041049927059217,-0.00179562957219644,-3.03960521980939e-05,3.2751322617007e-05,226.258879833663,226.27797418217,293.747614069927,293.747461046982
17.07,408.649442559186,-8.70313596275444,-0.00087184213656475,-0.000259043257994078,0.000392954247054497,-0.00172700822832059,-3.07762001876466e-05,3.19224461974078e-05,226.267297626989,226.287727620047,293.762847736187,293.760835291727
17.08,408.942527726013,-8.70322031395005,-0.000877351340795692,-0.000255206400858638,0.00037624830150543,-0.00162397507010171,-3.09436506002862e-05,3.16240992963204e-05,226.275904466418,226.297559447957,293.778102375656,293.774135817808
17.09,409.235713753208,-8.70330361252915,-0.000877220620279953,-0.000251530722738813,0.000360615578087692,-0.00151612428191243,-3.09163538157206e-05,3.13373088628591e-05,226.284620643931,226.307511312976,293.793303822906,293.787398479754
17.1,409.529000635831,-8.70338585052974,-0.000872153104508728,-0.000248005209515413,0.000346161262929979,-0.00138416470828991,-3.07189983880853e-05,3.14982026039376e-05,226.293556131003,226.317526028428,293.808504412193,293.800647387
17.11,409.82238836896,-8.70346702210135,-0.000862718038384033,-0.000244616942007907,0.000333019462066291,-0.00125715728846327,-3.03717108576249e-05,3.15860061249644e-05,226.302665765694,226.327684098038,293.823689081994,293.813973347176
17.12,410.115876947686,-8.70354712525254,-0.000849651331632847,-0.000241353036317463,0.000321201369727497,-0.00111511181058592,-2.99001164268336e-05,3.20377745898093e-05,226.312004348687,226.33787987932,293.838852555055,293.827334745792
17.13,410.409466367109,-8.70362615980496,-0.000833523143255279,-0.000238199602697816,0.000310754783529433,-0.000986244670190437,-2.93241834329556e-05,3.23357401119891e-05,226.321526505243,226.34820303214,293.853984950522,293.840816299612
17.14,410.703156622354,-8.7037041290893,-0.000815041773601701,-0.00023514360035063,0.000301613936572796,-0.000849547809609172,-2.86684003579241e-05,3.29219998384703e-05,226.331303719668,226.358573894368,293.869123041934,293.854406577769
17.15,410.996947708562,-8.70378103785563,-0.000794725001763766,-0.000232171695472213,0.000293760094587464,-0.000732167313588486,-2.79507633367061e-05,3.32850822958317e-05,226.341235676442,226.369035419164,293.884197532758,293.868119744173
17.16,411.290839620896,-8.70385689393864,-0.000773208048814089,-0.000229272008746901,0.000287071990884848,-0.000611961913666881,-2.71930903553121e-05,3.38745719154834e-05,226.351447597478,226.379568434232,293.899330656097,293.882019674083
17.17,411.584832354557,-8.70393170601488,-0.00075085332591077,-0.000226432707806866,0.000281549381468943,-0.00050003886020626,-2.64079906279715e-05,3.44294564754077e-05,226.361827857647,226.390181769945,293.91446675908,293.896043454651
17.18,411.878925904778,-8.70400548397033,-0.000728199216610096,-0.000223642873583668,0.000277015956757049,-0.000416111036366318,-2.56138343833998e-05,3.467621343984e-05,226.372403300932,226.400919085958,293.92961984878,293.910314633287
17.19,412.173120266836,-8.70407824080053,-0.00070574326456453,-0.000220893957106627,0.000273293500574288,-0.000333363264180308,-2.48275226537273e-05,3.50841964531124e-05,226.383193990723,226.411657993167,293.944775546404,293.924744794744
17.2,412.467415436033,-8.70414998986194,-0.000683741775500213,-0.000218178010558486,0.00027028921339822,-0.000275793341141962,-2.40578027892827e-05,3.51652810078201e-05,226.394096551401,226.422461387081,293.959896126303,293.939346031648
17.21,412.761811407708,-8.70422074642545,-0.000662543123900844,-0.000215489113104018,0.000267836971213605,-0.000219005208004461,-2.33164194580536e-05,3.53898323399724e-05,226.405090241375,226.43331811956,293.97526526666,293.95416681493
17.22,413.056308177258,-8.70429052558187,-0.000642287345918228,-0.000212821905324381,0.000265844152559643,-0.000187302034078995,-2.26080836585696e-05,3.52768795234817e-05,226.415995805834,226.444233291355,293.990746613464,293.969125258765
17.23,413.350905740117,-8.70435934397787,-0.000623216296123497,-0.000210173033105778,0.000264150649521956,-0.000154995120007606,-2.19408609662393e-05,3.53028317501181e-05,226.427082875621,226.455204405669,294.006348078314,293.984286600627
17.24,413.645604091779,-8.70442721773336,-0.000605362004185674,-0.000207539554860939,0.000262685386615052,-0.000145371282663949,-2.13157730625657e-05,3.49919260015695e-05,226.438280314293,226.466243952076,294.021902682498,293.999606103098
17.25,413.94040322775,-8.7044941641748,-0.000588871126954368,-0.000204920307261677,0.000261310022549306,-0.000133052699406043,-2.07376364782295e-05,3.482520697951e-05,226.449638630752,226.477246170712,294.037398104524,294.015008835269
17.26,414.235303143548,-8.70456019983496,-0.000573693778192861,-0.000202314331155743,0.000259973985492855,-0.000141322810275337,-2.02046865224672e-05,3.43310300569867e-05,226.461145253205,226.488364056237,294.052924051656,294.030627408982
17.27,414.530303834737,-8.70462534223926,-0.000559904326479371,-0.000199722235029935,0.000258560750158257,-0.000144600483990642,-1.97192870564901e-05,3.39942647701523e-05,226.472792967521,226.499466712653,294.068465040715,294.046353111812
17.28,414.825405296906,-8.70468960793035,-0.000547389088218094,-0.000197144602084,0.000257043472897445,-0.000166013182336301,-1.92775227309276e-05,3.33461070488911e-05,226.484528388502,226.510668151432,294.084078876601,294.062285509592
17.29,415.120607525687,-8.70475301427345,-0.000536167369842384,-0.000194583338175458,0.000255330697451434,-0.000179851035002912,-1.88799077087655e-05,3.28736581430501e-05,226.49635023707,226.521833671574,294.099729735216,294.078304854279
17.3,415.415910516737,-8.70481557749526,-0.000526079167923777,-0.000192040068197426,0.000253421192770093,-0.000209320746109363,-1.85209822667414e-05,3.21093415896938e-05,226.508242397673,226.533069371732,294.115408659126,294.094492445565
17.31,415.711314265754,-8.70487731450627,-0.000517106794220107,-0.00018951749112504,0.000251247632051594,-0.000228884810906651,-1.82000304588943e-05,3.15410217140689e-05,226.520249816842,226.544278799887,294.131145721909,294.110795244448
17.32,416.006818768467,-8.70493824096446,-0.000509063011957554,-0.000187017794022463,0.000248830959963817,-0.000261911250378207,-1.79107002729677e-05,3.07011206739454e-05,226.532279913881,226.555563868876,294.14699758543,294.127284528844
17.33,416.302424020652,-8.70499837312903,-0.000501911886439801,-0.000184544022233167,0.000246125001753519,-0.000282984639590789,-1.76516875295415e-05,3.00772948977315e-05,226.544320413122,226.566784494794,294.16292584353,294.143833891506
17.34,416.598130018114,-8.70505772594644,-0.000495456147208998,-0.000182098506524473,0.000243170089218481,-0.000315681674338877,-1.74163333095251e-05,2.92010751035028e-05,226.556355788954,226.578082787064,294.179007438527,294.160571937836
17.35,416.893936756711,-8.70511631492483,-0.000489656922117692,-0.000179684254024742,0.000239937227817715,-0.00033481979325478,-1.72032617061861e-05,2.85590518347167e-05,226.568391702211,226.589319385484,294.19518515459,294.177369831548
17.36,417.189844232325,-8.70517415423297,-0.000484320006828584,-0.000177303399112428,0.000236481339066987,-0.000364255931428852,-1.70059465570804e-05,2.7681187233146e-05,226.580361244814,226.600579967261,294.211447646266,294.194273128407
17.37,417.485852440871,-8.70523125858754,-0.000479414662571594,-0.00017495862132064,0.000232785421973492,-0.000379051169822643,-1.68233095045347e-05,2.70524669582582e-05,226.592366150775,226.611820522917,294.227860051521,294.211276588045
17.38,417.781961378305,-8.70528764136114,-0.000474759022295566,-0.000172651621133403,0.000228913846218758,-0.000403326735313735,-1.66492643047638e-05,2.62009272055785e-05,226.60430206214,226.623089687862,294.244364574621,294.228379853554
17.39,418.07817104061,-8.70534331647974,-0.00047033803177618,-0.000170384563328924,0.000224856673258819,-0.000412362930402864,-1.64832783487313e-05,2.56096945156349e-05,226.616249940073,226.634322195882,294.260991224238,294.245543933825
17.4,418.374481423805,-8.70539829653726,-0.000465988062100336,-0.000168158575262877,0.000220683056985101,-0.000430515044356621,-1.63198972410889e-05,2.48047654782084e-05,226.628127894369,226.645588252017,294.277705377184,294.262793514289
17.41,418.67089252393,-8.70545259470068,-0.000461714060816423,-0.000165975212671459,0.000216385773101994,-0.000433249421379973,-1.6159272367319e-05,2.42673785204937e-05,226.639987200338,226.656791713967,294.294495651764,294.280050251734
17.42,418.967404337047,-8.70550622282729,-0.000457373114586198,-0.000163834975017498,0.000212035212238641,-0.000445066323083207,-1.59966572172518e-05,2.35215818171165e-05,226.651830350357,226.668062285482,294.3113794433,294.29742047404
17.43,419.264016859247,-8.70555919336811,-0.000452990774359161,-0.000161738789588069,0.000207623322906336,-0.000441549242071797,-1.58328979856472e-05,2.30468594457633e-05,226.663705421118,226.679274542302,294.328285403888,294.314787158895
17.44,419.560730086641,-8.70561151733772,-0.000448375763759503,-0.000159686382251622,0.000203282350908371,-0.00043249203593626,-1.56616830276719e-05,2.26079631101272e-05,226.675501581439,226.690535145155,294.345385629913,294.332199943274
17.45,419.857544015374,-8.70566320493318,-0.000443580518547823,-0.000157677019686848,0.000198976025986651,-0.000436934935403672,-1.54847517457312e-05,2.19520836837427e-05,226.687171636369,226.701840547235,294.362613750173,294.349682012093
17.46,420.15445864162,-8.70571426769928,-0.000438679851456595,-0.000155710886900046,0.000194675625857109,-0.000427231725951417,-1.53045809923803e-05,2.15638106093635e-05,226.698802655755,226.713074472304,294.379889813594,294.367134026202
17.47,420.451473961562,-8.70576471599514,-0.00043357470459259,-0.000153787251302631,0.00019044003944781,-0.000427720174643517,-1.51178884178028e-05,2.09662974064752e-05,226.710403245025,226.724375230614,294.397229760545,294.384653954538
17.48,420.748589971407,-8.70581456082565,-0.000428329758073455,-0.000151905918129977,0.000186250052937654,-0.000414175991483327,-1.49268161565143e-05,2.06355579475278e-05,226.722050018403,226.735669345899,294.414646520826,294.402191117869
17.49,421.045806667382,-8.70586381196871,-0.000422860099437006,-0.000150065776576754,0.000182160624474418,-0.000411334181321012,-1.47285573253494e-05,2.00935345347534e-05,226.733674526044,226.747031848221,294.432087454282,294.419763369815
17.5,421.343124045724,-8.70591247989311,-0.000417245415360371,-0.000148266302939823,0.00017814727906278,-0.000395000752952037,-1.45257540439861e-05,1.98152131409409e-05,226.745319356345,226.758358706876,294.449539727203,294.437291736051
17.51,421.640542102675,-8.70596057389195,-0.00041141431685675,-0.000146506111317845,0.000174259484364486,-0.000389932167242303,-1.4316052730735e-05,1.93216445259319e-05,226.756969166909,226.769778364982,294.46702722917,294.454870863782
17.52,421.938060834494,-8.70600810400039,-0.000405458127761973,-0.00014478445825867,0.000170467304233198,-0.000371910054473251,-1.41024813339857e-05,1.90873678164293e-05,226.768681126174,226.781200788065,294.484559533412,294.472444939069
17.53,422.235680237452,-8.70605507912469,-0.000399315133801497,-0.000143099791855338,0.000166814851316041,-0.000365688718036844,-1.38830092328267e-05,1.86330053061679e-05,226.780405003944,226.79271915413,294.502122453183,294.490071089602
17.54,422.533400307838,-8.70610150895721,-0.000393084368937631,-0.000141451255428223,0.00016326706898637,-0.000347008155669126,-1.36609173657907e-05,1.84329905574868e-05,226.79218354333,226.804228794199,294.519700088708,294.507668208696
17.55,422.831221041943,-8.70614740210023,-0.000386709948731529,-0.00013983723321203,0.000159863229634424,-0.000340603304644787,-1.34343682665276e-05,1.80078240327175e-05,226.803977652785,226.815834153788,294.537296449411,294.525311534014
17.56,423.129142436078,-8.70619276797793,-0.000380294901992665,-0.000138256851297816,0.000156563859996881,-0.000322151853987942,-1.32067708027277e-05,1.78321784963763e-05,226.815866411878,226.827467068479,294.554950084455,294.542974062075
17.57,423.427164486569,-8.70623761495425,-0.000373785615264258,-0.000136708517899788,0.000153404292291732,-0.000316351749539389,-1.29763612928943e-05,1.74267235005911e-05,226.827762318737,226.839183961151,294.572601089672,294.560666657698
17.58,423.725287189756,-8.70628195224123,-0.000367285791449535,-0.000135191419814574,0.000150341692510748,-0.000298804915020534,-1.27465655861226e-05,1.72666213361827e-05,226.839751117769,226.850923656422,294.5902981483,294.578371849732
17.59,424.023510541994,-8.70632578801066,-0.00036074107481247,-0.000133704055952764,0.000147408617584512,-0.000294164185419094,-1.25155935237977e-05,1.68729025747253e-05,226.851794451635,226.862792204828,294.60805346312,294.596171973651
17.6,424.321834539672,-8.7063691312988,-0.000354253199924985,-0.000132245728528939,0.000144560091093998,-0.000277953150058543,-1.22868004176967e-05,1.67213489852707e-05,226.863914213654,226.874664946057,294.625833225884,294.613966378529
17.61,424.620259179182,-8.70641199011215,-0.000347764839405763,-0.000130815069609636,0.000141827117398649,-0.000274781124850963,-1.20582961798488e-05,1.63334376625511e-05,226.876034576895,226.886610944238,294.643591337771,294.631778438008
17.62,424.918784456924,-8.70645437332924,-0.000341373964145154,-0.000129411527219485,0.000139163759975273,-0.000260100267271229,-1.18333068221606e-05,1.61855852684285e-05,226.888272815048,226.898601271187,294.661429599792,294.64964242966
17.63,425.217410369325,-8.70649628880149,-0.000335018922526361,-0.000128033885578979,0.00013660057076264,-0.000258485520471836,-1.16097984457951e-05,1.5799707100984e-05,226.900518322391,226.910670648632,294.67926644337,294.667545654416
17.64,425.516136912818,-8.70653774525302,-0.000328792992028625,-0.000126681747068211,0.000134091644528407,-0.000245330609728662,-1.13908380344985e-05,1.56527834255316e-05,226.912866694318,226.922768760366,294.697163223851,294.685481373213
17.65,425.814964083861,-8.70657875037787,-0.000322629669927335,-0.000125354047422718,0.000131667938978611,-0.000245189516639807,-1.11742315496302e-05,1.52670926986042e-05,226.925263907991,226.934987271031,294.715115578349,294.703513602001
17.66,426.113891878938,-8.70661931273904,-0.000316617367174679,-0.000124050534911624,0.0001292842959933,-0.000233412950594028,-1.09628823320135e-05,1.51200588906601e-05,226.937727668741,226.947198184212,294.733092804424,294.721543114311
17.67,426.412920294542,-8.70665943986322,-0.000310684870700039,-0.000122770281999709,0.00012697264466524,-0.000234548269057023,-1.07544419126138e-05,1.47342146399475e-05,226.950229879654,226.95951935931,294.75111745796,294.739660501154
17.68,426.712049327192,-8.70669914014012,-0.000304916117545971,-0.00012151316317858,0.00012468899681024,-0.000223917850056481,-1.05516639357335e-05,1.45872949684615e-05,226.962811488751,226.971846172684,294.769191473819,294.757798882518
17.69,427.011278973422,-8.70673842091574,-0.000299235780749456,-0.000120278364532555,0.000122466537098789,-0.000226075124209664,-1.03520660492184e-05,1.42019729380436e-05,226.975416026457,226.984268292378,294.787300162728,294.776011403438
17.7,427.310609229784,-8.70677729039275,-0.000293724063309571,-0.000119065861494839,0.000120262610310955,-0.000216326005795952,-1.01582773445238e-05,1.40561752351208e-05,226.988087674783,226.996684382918,294.805448585751,294.794234151526
17.71,427.610040092847,-8.70681575559063,-0.000288236044309494,-0.000117874772236504,0.000118175079215085,-0.00020423310789842,-9.96556034786491e-06,1.39145412763413e-05,227.000827264013,227.009213068468,294.823726370948,294.812542677142
17.72,427.909571559213,-8.70685382295841,-0.000282856168611852,-0.00011670406618245,0.00011613978642578,-0.000208284270321451,-9.77668430030856e-06,1.35250315106313e-05,227.013552027019,227.021783086477,294.841982954863,294.830893915265
17.73,428.209203625492,-8.7068915004966,-0.000277680873877301,-0.000115553896826479,0.000114102100566124,-0.000200710245544123,-9.59480284683814e-06,1.3372685607642e-05,227.026390740989,227.034373640417,294.860329944124,294.849326129732
17.74,428.508936288325,-8.70692879521157,-0.000272624817669876,-0.000114423751978839,0.000112096220465243,-0.000205679166504059,-9.41710076593132e-06,1.2982923032037e-05,227.039230583507,227.047029443755,294.878692999072,294.867820319857
17.75,428.808769544366,-8.70696571493523,-0.000267756157029589,-0.00011331388577854,0.000110082277195756,-0.000198463159841382,-9.24579993142916e-06,1.28333422288029e-05,227.052143789766,227.05968428218,294.897124252803,294.886353054437
17.76,429.108703390292,-8.70700226641412,-0.000262985449048495,-0.000112223821851657,0.000108097871142166,-0.000203534068759267,-9.07795530129749e-06,1.24489299865517e-05,227.065085918225,227.072442535834,294.915627743043,294.904992851963
17.77,429.408737822807,-8.7070384572072,-0.000258379758309558,-0.000111153823859341,0.000106105432914841,-0.000196216222148685,-8.91575518089771e-06,1.23066887954496e-05,227.07807528486,227.085178475649,294.934175321444,294.923641580213
17.78,429.708872838625,-8.70707429378445,-0.000253849840242026,-0.000110103405182442,0.000104144218770088,-0.000201055641641052,-8.75626685458402e-06,1.19309636101741e-05,227.091049623612,227.097976028265,294.95274887043,294.942348398911
17.79,430.009108434476,-8.70710978343114,-0.000249463799461715,-0.000109072806091557,0.000102177789200018,-0.000193410469153952,-8.60171472466416e-06,1.17984147380056e-05,227.104130146315,227.110811098469,294.971450249735,294.961146486475
17.8,430.309444607123,-8.70714493234846,-0.00024513398420965,-0.000108061507538737,0.000100246062032929,-0.00019788258672683,-8.44922327346968e-06,1.1432947713985e-05,227.117169209088,227.123681767094,294.990142591927,294.979966924194
17.81,430.609881353338,-8.70717974756094,-0.000240930404467729,-0.00010706971312051,9.83129139603533e-05,-0.000189848066678348,-8.30108026600431e-06,1.13109871826447e-05,227.130288287632,227.136563913491,295.008935015798,294.998850500678
17.82,430.910418669917,-8.70721423501726,-0.000236767490534372,-0.000106096865368401,9.64182612111797e-05,-0.000193950467738328,-8.15448221199084e-06,1.095609089988e-05,227.143408653899,227.149524468042,295.027782909867,295.01782080585
17.83,431.211056553681,-8.70724840149953,-0.00023271733734706,-0.000105143131048988,9.45257865210023e-05,-0.000185566518217797,-8.01178492464776e-06,1.0844607632063e-05,227.156590975529,227.162478352339,295.046702858428,295.036826242761
17.84,431.51179500147,-8.70728225272283,-0.000228696361129146,-0.000104207918284244,9.26750599472892e-05,-0.000189366120743812,-7.87025266905867e-06,1.0499885021924e-05,227.16974984785,227.1754858256,295.065643753622,295.055884026539
17.85,431.81263401014,-8.70731579524509,-0.000224778451565882,-0.000103291363664982,9.08293685239217e-05,-0.000180713259146653,-7.7322988213867e-06,1.03983281292859e-05,227.182975615298,227.188491388839,295.084670699948,295.07499111073
17.86,432.113573576564,-8.70734903456436,-0.000220881594699982,-0.000102392848885182,8.90278543436302e-05,-0.000184293617198635,-7.59524096321788e-06,1.0063180256167e-05,227.196170714536,227.201543191102,295.103706704976,295.094138856768
17.87,432.414613697627,-8.70738197702886,-0.00021708100010413,-0.00010151248862989,8.72334174335761e-05,-0.000175450867127375,-7.46153386732812e-06,9.97098090715128e-06,227.209439437083,227.21459961731,295.12283631909,295.113343626061
17.88,432.715754370243,-8.70741462793163,-0.000213295741239439,-0.00010064964597186,8.54848452356791e-05,-0.00017888098831501,-7.32853220434231e-06,9.64493060984532e-06,227.222712141947,227.227736812127,295.142026809837,295.13264101679
17.89,433.016995591347,-8.70744699342059,-0.000209601896625328,-9.9804420511861e-05,8.37447625681044e-05,-0.000169905328536286,-7.19871712653858e-06,9.56172164035549e-06,227.236028802322,227.240848794388,295.161270221872,295.151954828059
17.9,433.318337357887,-8.70747907859098,-0.000205919240578821,-9.89761623225647e-05,8.2051727649937e-05,-0.000173229139474652,-7.06946762829662e-06,9.24452811725983e-06,227.249331362098,227.254023366856,295.180546015846,295.171332822774
17.91,433.61977966683,-8.70751088939565,-0.000202324408006496,-9.81649602660679e-05,8.03682126839083e-05,-0.000164153413947084,-6.9432810199537e-06,9.1701681699044e-06,227.262703689705,227.267198400685,295.199904794844,295.190757308343
17.92,433.921322515163,-8.7075424307358,-0.000198737648724303,-9.73701546585327e-05,7.87326477202325e-05,-0.000167394533739942,-6.81755332694449e-06,8.86177313028005e-06,227.276047908387,227.280421937616,295.219277905717,295.210227929236
17.93,434.222965899888,-8.70757370837202,-0.000195236003243176,-9.65918259744117e-05,7.7107427411283e-05,-0.000158236859053036,-6.6947932191174e-06,8.79623897505214e-06,227.289453617193,227.293637525289,295.238721001068,295.229732028996
17.94,434.524709818021,-8.70760472701385,-0.000191740117641496,-9.58293065758e-05,7.55308947116961e-05,-0.000161410602345082,-6.57241130703849e-06,8.49662601001703e-06,227.302836722647,227.306907031363,295.258187586381,295.249291434847
17.95,434.826554266592,-8.70763549223204,-0.000188327406194101,-9.50826700915084e-05,7.39653782308759e-05,-0.000152186997114585,-6.45292672306385e-06,8.43986165053896e-06,227.316289949511,227.320177065162,295.277731444212,295.268891639659
17.96,435.128499242654,-8.70766600854734,-0.000184918917124406,-9.43512425393173e-05,7.2449115205261e-05,-0.000155312298040722,-6.33376496853337e-06,8.14890927522101e-06,227.329755215606,227.333535534595,295.297339473415,295.28858791408
17.97,435.430544743283,-8.7076962813442,-0.000181592458327684,-9.36350926117875e-05,7.09443286891013e-05,-0.000146046754706356,-6.2174563710308e-06,8.10069698665246e-06,227.343221723451,227.346825454704,295.316934762036,295.30823509995
17.98,435.732690765548,-8.70772631495901,-0.000178269503059238,-9.29335423894621e-05,6.94890949055951e-05,-0.000149153548175331,-6.10144210785483e-06,7.81807893845358e-06,227.356721469842,227.360224836783,295.336615156779,295.327999474292
17.99,436.034937306556,-8.7077561145954,-0.000175028260763897,-9.22466586244629e-05,6.80454705895016e-05,-0.000139882243748024,-5.9882639628053e-06,7.77797632643771e-06,227.370280277459,227.373613247327,295.356358688896,295.347790861956
18,436.337284363426,-8.70778568427868,-0.000171724048281228,-9.15736070451339e-05,6.67149178523684e-05,-0.000127975878282574,-5.87324219075965e-06,7.74477651662797e-06,227.383808461107,227.387018559199,295.376125209478,295.367555643619
18.01,436.639731838639,-8.70781053020747,0.00207490660311306,-8.56408690386385e-05,0.00220936673310636,0.506079029238355,6.62034319647045e-05,0.00818279488291745,227.837239756743,226.873655182599,296.757056720016,293.967231465085
18.02,436.94227913012,-8.7077709467438,0.00996351914957361,-2.94721173240287e-05,0.00921502714324625,0.892527768086223,0.000319038391844186,0.0133957056264079,226.463968726903,227.501372589224,298.49893269139,291.337021071738
18.03,437.244924891165,-8.70761076891774,0.019986891174924,0.000115837759804478,0.0195255297120373,1.18199775210659,0.00063750254060217,0.0180838778924426,224.482167423381,227.846490445141,299.433337065376,288.001716900141
18.04,437.547667213752,-8.70728908729574,0.0302474260637584,0.000378939214063412,0.0323669972763321,1.39967982145511,0.00095928108887329,0.0221627021874065,222.291437903513,227.472096400104,299.415911969683,284.584753675139
18.05,437.850503841916,-8.70677322692998,0.039385181515474,0.000781388838489884,0.0470843508463865,1.55847818183587,0.00123997669279335,0.0257731790037169,220.002800322206,226.343874394755,298.715300019013,281.406519122028
18.06,438.153432369569,-8.70603596658047,0.0464327497524433,0.00133878595815056,0.0631013132945406,1.65953590790202,0.00144827475998607,0.0288297039696086,217.719389049952,224.704109834864,297.483194920502,278.493034333949
18.07,438.456450378297,-8.70505430471073,0.0507461490187432,0.00206122992503681,0.0799427668465732,1.72570506932429,0.00156358331637238,0.0316561683278075,215.503142481391,222.721043703531,295.890038540123,275.752849376998
18.08,438.759555373867,-8.70380669844667,0.0520227588849773,0.00295509618373395,0.0972581016125897,1.75451839782692,0.00157652862428342,0.0341287314877435,213.332716925081,220.5837535513,294.04291760287,273.128371843534
18.09,439.062744844008,-8.70227255822128,0.0501329352871543,0.0040233606189162,0.114780911128862,1.76981557196075,0.00148339750809839,0.0366278727646303,211.247668081008,218.318563758123,292.02467359338,270.558357141694
18.1,439.366016056996,-8.70043007492364,0.0451586109869779,0.0052673364335287,0.132348361625149,1.76328674685417,0.00128733914884284,0.038931888287073,209.282442480758,216.0350167905,289.855613426431,268.068162692183
18.11,439.669366180515,-8.69825679343524,0.0371945670935364,0.00668645873403363,0.149818630181869,1.75202728778805,0.000991893357484962,0.0414362611101867,207.42392451638,213.843862373099,287.691561830482,265.499756848243
18.12,439.972792038216,-8.69572852260145,0.0264103679063355,0.00827937632026351,0.16708903800971,1.7233760857545,0.000602991429496019,0.043797428269659,205.591532584576,211.910212675278,285.686772458616,262.920073173026
18.13,440.276290386097,-8.69282068276689,0.0129363385612023,0.0100433060129086,0.184058680643235,1.69496317980052,0.000125229992437011,0.0464214256843973,203.760737977876,209.969871565337,284.014776370795,260.619422786013
18.14,440.579857680162,-8.6895071121631,-0.00300481615574627,0.0119752194949955,0.200681063352601,1.65136195041601,-0.000433856351161043,0.0488606769714819,202.112983133009,208.063030892852,282.499916433709,258.706341645288
18.15,440.883490358933,-8.68576172307179,-0.0213223730707309,0.014070832546786,0.216844054532672,1.60558207234026,-0.0010710409699161,0.0515505362712078,200.77969911912,206.103363786223,281.097863559258,257.181075622188
18.16,441.187184564299,-8.68155788906566,-0.0418481625863875,0.0163254026146572,0.232475961224648,1.54154884132819,-0.00178063485234681,0.0539728993849523,199.730391804632,204.343363262749,279.81332332379,255.906921853217
18.17,441.490936508975,-8.67687019377534,-0.0645486578247062,0.0187326046564408,0.247426756593223,1.47106800521438,-0.00256125174534626,0.0566188010488345,198.889957311136,202.699373137895,278.768274523313,254.870500755034
18.18,441.794742197672,-8.67167386619604,-0.0892882525852715,0.0212852682734623,0.261597986619364,1.38277232947078,-0.00340818724928791,0.0589213578022557,198.200141389692,201.186147782082,277.926095047712,254.167838858446
18.19,442.098597783212,-8.66594599393109,-0.116006440028539,0.0239746833072264,0.274859525690133,1.29026174198169,-0.00431917601719125,0.0614345539277097,197.700251907512,199.566054040516,277.234122314602,253.847314126845
18.2,442.402499181969,-8.65966471610655,-0.144526505342787,0.0267915515922561,0.287152414906176,1.18691718408062,-0.00528819789606317,0.0635503329912683,197.418534264415,197.939454699142,276.565605617138,253.887974237143
18.21,442.706442492346,-8.65280999740777,-0.174727060637011,0.0297256625736379,0.298409342036022,1.08296301858091,-0.00631107169485031,0.0658804774113645,197.243162703082,196.277777061708,276.032714583636,254.105050940192
18.22,443.010423614728,-8.6453629171165,-0.206418784134377,0.0327666242941075,0.308609232938781,0.973918771385996,-0.0073813291160372,0.0677753482041009,197.092561633523,194.744176701001,275.600213582922,254.453547783634
18.23,443.314438662978,-8.6373065663051,-0.239480811749524,0.0359036294808467,0.317729885372844,0.867563700838251,-0.00849472625929602,0.0698939778408914,196.981218464868,193.132012552858,275.272378784415,254.952392163384
18.24,443.618483583391,-8.6286251626367,-0.273687130302725,0.0391260535791648,0.325785921151789,0.758511404223458,-0.00964358632321353,0.0715444952246615,196.906334688883,191.676366246667,274.926434824279,255.444392016005
18.25,443.922554497584,-8.61930425832118,-0.308851364964018,0.042423124002232,0.332773597434153,0.653710399903287,-0.0108215631702923,0.0734258942399566,196.714366946315,190.122312998124,274.778318639142,256.046592061875
18.26,444.226647432868,-8.60933034747736,-0.344746874686143,0.0457843224372337,0.338707180037041,0.546811231514268,-0.0120210430042764,0.0748091009287995,196.236671198435,188.674792071431,274.850535403796,256.659291017885
18.27,444.530758700714,-8.59869118944444,-0.381187018419087,0.0491990674662283,0.343594703539047,0.444239328988582,-0.0132357334413792,0.0764302912426224,195.568393759086,187.087696408225,275.045812458467,257.314426624479
18.28,444.834884530349,-8.58737546976929,-0.417949276953612,0.0526571684697909,0.34747957749182,0.344839284783125,-0.0144582411808852,0.0775280843213153,194.808819847431,185.580657169055,275.127736410539,257.856429436473
18.29,445.139021415161,-8.5753730279391,-0.454850613392809,0.0561487539405501,0.350398631807318,0.251383646613074,-0.0156824873906924,0.0788691827804331,193.918318718256,183.906722615386,275.170125340635,258.352343793541
18.3,445.443165756624,-8.56267468449958,-0.491711632914866,0.0596645409023034,0.352416157837026,0.163010073125037,-0.0169025472598817,0.0800678043207341,192.922032298812,182.109520272424,275.084000676986,258.8212622566
18.31,445.747314068779,-8.54927246614067,-0.528394625306631,0.0631957251127746,0.3535657765035,0.0771398915159195,-0.0181139924723138,0.0807033130597865,191.90255307106,180.3347629957,274.7244191151,259.148481032235
18.32,446.051463188421,-8.53515993806461,-0.564788865866185,0.06673382936462,0.353892048983258,-0.00267620348902871,-0.01931333375198,0.0815879151003992,191.050943749987,178.383763427286,273.924032704823,259.309945434673
18.33,446.355609908201,-8.52033182841009,-0.600743720260436,0.0702709638410546,0.353460342204311,-0.0746435257093999,-0.0204957171683556,0.0818950935494536,190.336359571656,176.636275320352,272.616213316364,259.008409288089
18.34,446.659751170426,-8.50478378795092,-0.636132431045474,0.0738000285061614,0.352357886121827,-0.138363411422543,-0.021657207512052,0.0824543953591477,189.651690608629,174.812057312349,271.015992984026,258.455084687592
18.35,446.963883784912,-8.48851238169076,-0.670829401195194,0.0773147092276116,0.350656424054773,-0.194546643396954,-0.0227939301946107,0.0824182449721172,189.017065996187,173.134407409922,269.074348519204,257.614753658336
18.36,447.268004672602,-8.47151480825885,-0.704725017475692,0.080809497474798,0.348444056780559,-0.242199632118339,-0.0239025631368995,0.0826317481326581,188.429076098166,171.358033587137,266.9694737391,256.690766907307
18.37,447.572110679229,-8.453788994146,-0.737728204308889,0.0842796523197648,0.345782573596745,-0.284981186371289,-0.02498039117206,0.0826680801189526,187.925501831496,169.635049856507,264.695858475383,255.663400633116
18.38,447.876198711947,-8.43533329299048,-0.769733710205565,0.0877209994649864,0.342736841225731,-0.319146040223614,-0.0260242257903362,0.0820838483088295,187.549091280451,168.120328777613,262.228361724821,254.489886558036
18.39,448.180265871116,-8.41614632739727,-0.800660982485311,0.0911301523100346,0.339381964935028,-0.348251034081874,-0.0270317019118272,0.0817464327163222,187.26069524673,166.560151353177,259.698052152961,253.312325545331
18.4,448.484309253369,-8.39622707151992,-0.830438099306359,0.0945042462253639,0.335761241004683,-0.372390985948355,-0.0280006970728652,0.0807785075733828,187.114149241403,165.237777134147,257.035216464487,252.028463925134
18.41,448.788326123428,-8.37557452175567,-0.858990274524772,0.0978409280795766,0.331929537137437,-0.39096577235624,-0.0289289936720779,0.0800537784669636,187.191502565847,163.998480384616,254.513317409111,250.923591830785
18.42,449.092313760416,-8.35418796855345,-0.886288968676081,0.101138371341148,0.32793661395954,-0.405324297525865,-0.0298158724700376,0.0791333700422738,187.337119794173,162.846248210199,251.869793211762,249.71188219575
18.43,449.39626955288,-8.3320668280371,-0.912278740369491,0.104395179472963,0.323823243938206,-0.415253520637071,-0.030659718014256,0.0775692719062359,187.544648817623,161.940973052421,249.045536618661,248.260903856277
18.44,449.700191061269,-8.30921032136138,-0.936910781995819,0.107610374594456,0.319625733164011,-0.422705032893105,-0.0314590595434038,0.0762429351571576,187.753599420183,161.016795747383,246.167401870387,246.720068599968
18.45,450.004075802905,-8.28561772807537,-0.960171241992378,0.110783251427656,0.315371681350501,-0.426622276585913,-0.0322135596806913,0.0747115969477508,187.954827246412,160.171237699622,243.184387738666,245.035701076179
18.46,450.307921363011,-8.26128838018861,-0.982043288803286,0.113913449765112,0.311099134583225,-0.426705407062476,-0.0329227591241973,0.0725287307747166,188.14068399421,159.52790377148,240.059474313936,243.137518310111
18.47,450.611725498282,-8.23622143629359,-1.00250706166462,0.117000971366575,0.30683712373696,-0.425125646736577,-0.0335860763465248,0.0705744503614063,188.252281446255,158.817626503295,236.921112152943,241.178353824595
18.48,450.915485917088,-8.21041604040833,-1.02156904838094,0.120045985152644,0.30259727183373,-0.422348800011234,-0.0342037666655592,0.0684047372673204,188.276272320719,158.15984283507,233.722883396232,239.079983581044
18.49,451.219200399669,-8.183871301029,-1.03922817014772,0.123048783542376,0.298393533958001,-0.417910337416374,-0.0347758021238218,0.0655772994082413,188.203717568612,157.680629024977,230.42720374845,236.765111103779
18.5,451.522866921592,-8.15658616739224,-1.05548966447722,0.126009807528732,0.294235817838265,-0.413620591304674,-0.0353023493423053,0.0629652577356931,187.975785167056,157.110533536891,227.149040897271,234.377066015878
18.51,451.826483447861,-8.12855971483179,-1.07038855189861,0.128929473358645,0.29011436936312,-0.410714143740639,-0.0357845275943257,0.0601285123264604,187.579368626403,156.561097977797,223.831719686158,231.831493000767
18.52,452.130048099892,-8.09979126504811,-1.08396960197523,0.131808035789613,0.286004376710871,-0.411592358952938,-0.0362237205027669,0.0566342116937481,187.085610777543,156.210813973125,220.525831468069,229.151027480384
18.53,452.433559367399,-8.07028061776832,-1.09629916691274,0.13464540824945,0.281866950154398,-0.416947356989755,-0.0366219529156207,0.05334332611916,186.738934978464,156.009488663022,217.694926864416,226.879168305628
18.54,452.737015975026,-8.04002830409378,-1.10743966627797,0.137441030964114,0.277646913818937,-0.428532599323593,-0.0369811461908389,0.0498274697147708,186.144689290938,155.730087699932,214.804427514774,224.459176932552
18.55,453.040416976964,-8.00903559526197,-1.11744665320866,0.14019368997031,0.273265865350025,-0.449854797552332,-0.0373029430266994,0.0456720802473931,185.282251202987,155.481219833068,211.770068359611,221.75838587229
18.56,453.343761919525,-7.97730474972721,-1.1263603802362,0.142901306824331,0.268650053610255,-0.475646976871764,-0.037588494237501,0.0417239612863112,184.084749356347,154.99207202599,208.648327881811,218.862260472904
18.57,453.647050278015,-7.94483877222137,-1.13417457946163,0.145561273674988,0.263746530284546,-0.508306940813377,-0.0378374895845743,0.0375741905199918,182.552351048827,154.374915252523,205.389852679582,215.690777203919
18.58,453.950281565912,-7.91164163016835,-1.140923661243,0.148170211599362,0.258448113117454,-0.555634547778506,-0.0380508560521045,0.0328299583239635,180.737987905013,153.742678177198,201.97723562991,212.232727287115
18.59,454.253455669719,-7.87771897875726,-1.14664157682369,0.1507234040369,0.252628426544701,-0.612358637116707,-0.0382294453624829,0.0283142868434636,178.54927348495,152.859975795198,198.640713459854,208.671858655768
18.6,454.556572523884,-7.84307789659563,-1.15131247196772,0.153215026562034,0.246157851891144,-0.686440765772184,-0.0383725180809898,0.0236428002504522,175.959090944962,151.850705810941,195.419448919785,204.980473012769
18.61,454.859632463308,-7.80772750401181,-1.15495591339176,0.155637578063104,0.238850131640023,-0.780226586903196,-0.0384804131238967,0.0188357642332297,173.127920921056,150.707637869399,192.196127701758,201.194853311138
18.62,455.162636281323,-7.77167965077684,-1.15763484641667,0.157981459540436,0.230453642720812,-0.90594575922814,-0.0385547496007482,0.0135480881451394,170.594190487643,149.611035830961,188.769013054373,197.525656945448
18.63,455.465585446821,-7.73495049504513,-1.15941447982439,0.160234204505229,0.220712490557142,-1.04973582417815,-0.0385972374412088,0.00857163439707406,168.540906268546,148.55832479522,185.474893810841,194.294674759247
18.64,455.76848174445,-7.69755955920713,-1.16017227272991,0.162381314472605,0.209417705083751,-1.21861194007892,-0.0386034710449733,0.00357166684756339,166.449702873557,147.346638478853,182.148242452058,191.102631685373
18.65,456.071327596939,-7.65952977077292,-1.15979392886055,0.164405770481754,0.196277242840469,-1.42202763599502,-0.0385691905940329,-0.00175821342734711,164.271410310918,146.033409561779,178.854015334012,187.960885373516
18.66,456.374126131988,-7.6208882187294,-1.15801049437892,0.166287593190862,0.181090657764067,-1.62739586871881,-0.038485224891988,-0.00667166522534027,161.987453806156,144.458736243676,175.6980763121,184.985816483001
18.67,456.676880327472,-7.58166310653519,-1.15422757638075,0.168006252546513,0.163833176154329,-1.83900776507981,-0.0383319796596978,-0.0114828619409667,159.600103168545,142.753632084343,172.742283716589,182.15676488349
18.68,456.97959326455,-7.5418833930289,-1.14791149577009,0.169540619018834,0.144434434523267,-2.0554382396466,-0.0380918075015267,-0.0161747621159228,157.175582202203,140.913486983196,170.009851935389,179.565470722125
18.69,457.282268303473,-7.50157937601514,-1.13859734046935,0.170868975481754,0.122813190841944,-2.28650775884906,-0.0377494361706119,-0.0210300203805206,154.770700776614,139.01738613519,167.466252861321,177.188516074875
18.7,457.584909259911,-7.4607840279526,-1.12578911567555,0.171968545116544,0.0989452586119966,-2.49961058742242,-0.0372886516315503,-0.0254092648056206,152.432324131007,137.01211894065,165.130240806732,175.066933615047
18.71,457.887519867531,-7.41953058439245,-1.10886507686605,0.172818339431692,0.0731043969723799,-2.68449126273949,-0.036689339475694,-0.0295948541065344,150.275870744431,135.048350048293,162.895283210193,173.111144668547
18.72,458.190104113886,-7.37785422103821,-1.08756130757166,0.173399832697902,0.0454640175375047,-2.86379817168093,-0.0359431817769063,-0.0338445340431583,148.226633550263,133.201726052981,160.890929905665,171.319217035839
18.73,458.492666653227,-7.3357938447034,-1.06164370817233,0.173695606471155,0.016208992455582,-3.00362753565796,-0.0350428987473177,-0.0375899464494119,146.214772438231,131.411344940511,159.230362353049,169.749205312538
18.74,458.795212379696,-7.29338952798623,-1.03073984220296,0.173691803633102,-0.0142715829569628,-3.11265065878531,-0.0339769180789691,-0.0410752327803917,144.225136458816,129.756650857587,157.919584833097,168.348321041718
18.75,459.097746541926,-7.25068289331781,-0.994755467579193,0.173377641015334,-0.0457358511584198,-3.20351640803867,-0.0327426497217337,-0.0445168401121494,142.597775063749,128.542195855732,157.230295216997,167.484880992392
18.76,459.400275078141,-7.20771899875764,-0.953709047425991,0.172744504128667,-0.0778939774391912,-3.24845764926587,-0.0313412593951063,-0.0474044604257652,141.278157085411,127.635860121022,157.007557926236,167.052523276889
18.77,459.702804248501,-7.16454398219316,-0.907538732362991,0.171787986717855,-0.110329509105238,-3.26267246586725,-0.0297714622047986,-0.0501513854071382,140.086744422707,126.826807047689,156.849986846117,166.679876773263
18.78,460.005340642437,-7.12120627209538,-0.856404667752211,0.170507129498185,-0.142654829979253,-3.22382834620635,-0.0280391731794316,-0.0522991545512144,138.97845853135,126.033971220698,156.797964935706,166.40945523747
18.79,460.307890879667,-7.07775397355103,-0.800074440373947,0.168906734603854,-0.174051971923232,-3.06775435122041,-0.0261378636441637,-0.0528228323475411,137.892960885242,125.344466662082,156.932453705739,166.043134428731
18.8,460.610460935567,-7.03422773825617,-0.738278081980035,0.167002107386026,-0.203584306060561,-2.85838753973522,-0.024059885746901,-0.05290204846963,136.651222472069,124.96900163936,157.261201862999,165.346658285053
18.81,460.913056688394,-6.99066619923014,-0.671664855563982,0.164814332524132,-0.23081864500288,-2.60755732357739,-0.0218271671804007,-0.0524650540132835,135.289390443488,124.782540422936,157.605477996575,164.343716825811
18.82,461.215684102957,-6.94710835399132,-0.601078975034979,0.16236834675654,-0.255461454751346,-2.34339211207703,-0.0194677874958852,-0.05190992808941,133.849174740314,124.718888170513,157.854441623655,163.033874549431
18.83,461.51834930262,-6.90359548546176,-0.527570397331814,0.159690622488277,-0.277404083819506,-2.06681427887723,-0.0170162541154765,-0.0511210641383998,132.441752352915,124.658252653769,157.877249196764,161.531799127228
18.84,461.821058399509,-6.86017033349537,-0.452035958459774,0.156808830938642,-0.296518673722474,-1.77625338789594,-0.0145019685499064,-0.0500042667934823,131.097329772141,124.596871419316,157.657582146892,159.862536900294
18.85,462.123817237934,-6.81687537303579,-0.375333449073165,0.153751741868818,-0.312768132782538,-1.49541565407181,-0.0119528563036276,-0.0488841587349333,129.839736575835,124.591457615704,157.209456126105,158.003649156449
18.86,462.426631376209,-6.77375372204264,-0.298385975617967,0.150547346159423,-0.326263311859387,-1.22286184706971,-0.00939875549103756,-0.0476603909694657,128.729525181816,124.568047173311,156.505280922317,156.088472845409
18.87,462.729505925044,-6.73084795978364,-0.221887655652137,0.147222820950052,-0.337070906085998,-0.95699511035541,-0.00686202022489857,-0.0463598393634858,127.746889648748,124.490695571361,155.633583836178,154.208064433688
18.88,463.032445387156,-6.68819869762156,-0.146417462437164,0.143804578579312,-0.345278056157886,-0.701593957455051,-0.0043612161362766,-0.0449130353350067,126.941883288463,124.362727707333,154.577941199148,152.406536690905
18.89,463.335453659278,-6.64584425436786,-0.0725798636219035,0.140317748585446,-0.351084329114509,-0.476011894929669,-0.00191564807947816,-0.0435694076912881,126.279179483,124.249008981073,153.40717277671,150.64371674086
18.9,463.638534137713,-6.60382213930339,-0.000992689323505908,0.136784705268889,-0.354775525828814,-0.276184278014562,0.000454923889048331,-0.0422442902335099,125.809480820664,124.09345557068,152.116537221993,149.027057347275
18.91,463.941689690799,-6.56216854071399,0.0679096775276369,0.13322523937433,-0.356588185671606,-0.0966756073950059,0.00273661231954521,-0.0408639926457227,125.49051088878,123.858115066906,150.781467281269,147.643820840121
18.92,464.244922633837,-6.5209174179272,0.13381923325345,0.12965700670043,-0.356748118775445,0.0544800921725406,0.00491944374018843,-0.039620411316499,125.328643899881,123.498029722567,149.448091044169,146.543075527613
18.93,464.54823470922,-6.48010091195429,0.196451390033868,0.126094941956935,-0.355539766824229,0.178461543204003,0.00699410894293393,-0.0384364071423366,125.182143530372,123.060939709406,148.282442765409,145.710046162742
18.94,464.851627067516,-6.43974916619143,0.255671563723621,0.122551228114642,-0.353227291290246,0.279596102966642,0.00895611615653632,-0.0373157946605243,125.16317540599,122.543766467027,147.19872854874,145.198049476571
18.95,465.155100476007,-6.39988999152645,0.311413521004954,0.119035927495622,-0.349969856801095,0.369851305963074,0.0108028099709262,-0.0361974150531681,125.179666521169,121.756028073915,146.33656904189,145.229119789986
18.96,465.458655434313,-6.36054889621966,0.363644069939092,0.115557957606899,-0.345874772084358,0.445964090969015,0.0125324119997824,-0.0352172560788574,125.024203886471,120.727023004037,145.908289694659,145.714816007269
18.97,465.762292341099,-6.32174968141162,0.412297339537526,0.112124860239785,-0.341088033948451,0.509580414721838,0.0141423058689254,-0.034317996387204,124.638798419852,119.555369215525,145.864164002276,146.492937323692
18.98,466.066011499809,-6.28351433291393,0.457405155110705,0.108742961061436,-0.335709107916208,0.565138950148437,0.0156330760797051,-0.0334552302075196,124.141753622693,118.342116340263,145.988275864542,147.401944657742
18.99,466.369813054243,-6.24586256159517,0.499032253096278,0.105417732852632,-0.32982778560018,0.610139288431417,0.0170063515713593,-0.0327358537393113,123.72556541214,117.073687791071,146.028784698153,148.372736409668
19,466.673696934544,-6.20881199646658,0.537276633833014,0.102153645896247,-0.323539310930617,0.646503878045648,0.0182649059495898,-0.0321111272285114,123.1840058594,115.754081161544,146.190967882446,149.371474629496
19.01,466.977662848299,-6.17237800180113,0.572248422131369,0.0989542756523713,-0.316933191027114,0.674036979736266,0.0194123177301153,-0.0315441648748663,122.356701021919,114.436064088662,146.579550031145,150.323693074676
19.02,467.281710346052,-6.13657367934241,0.604089297543666,0.0958222973738341,-0.310103916856275,0.691838239161165,0.0204534695670315,-0.031108491950969,121.34875127812,113.132241304608,147.046691813076,151.156996298376
19.03,467.585838787414,-6.1014099822154,0.632940830445026,0.0927594888496963,-0.303126862944503,0.703505458714621,0.0213931795254019,-0.0307611600704176,120.305808053562,111.892481802581,147.40188577373,151.804530066902
19.04,467.890047359958,-6.0668958871315,0.658956171186009,0.0897670079315638,-0.296057500776587,0.710226196507836,0.0222368322520147,-0.0304727242188404,119.260439328147,110.731952876429,147.617402011023,152.251698993502
19.05,468.194335013253,-6.03303829453099,0.682306315197849,0.0868454188077168,-0.288968984991354,0.707758908917111,0.0229905514769436,-0.0302911913845393,118.140174160989,109.658657849777,147.792621064192,152.487114614954
19.06,468.498700494418,-5.99984230776488,0.703146551327825,0.0839944600475536,-0.281936220603851,0.699790625153864,0.0236599982748022,-0.0301623333084275,116.935406979359,108.697138874858,147.931713667802,152.511481709847
19.07,468.803142409976,-5.9673114385639,0.72163553163805,0.0812133070474263,-0.275008374164898,0.686507044553335,0.0242509331898489,-0.0301166281507563,115.658228839415,107.854924284874,148.040183742109,152.305886248913
19.08,469.107659237918,-5.9354479160111,0.737906408082326,0.0785005866619925,-0.268243937297625,0.6676062300623,0.0247683308125227,-0.0301237362914851,114.35760480458,107.187083249198,148.090286069197,151.857294155302
19.09,469.412249330492,-5.90425293609796,0.752104083498928,0.0758544001057861,-0.261686395422551,0.645629078208362,0.0252175071507053,-0.0301632403890278,113.154468265951,106.704012474365,147.97011662522,151.186171150833
19.1,469.716910934951,-5.87372665800588,0.764379927059594,0.0732725241113108,-0.255364931825288,0.620245554262588,0.0256037758841147,-0.030248976785646,112.040363244416,106.386153576612,147.745938913073,150.329459528724
19.11,470.021642207071,-5.84386853125698,0.774854898043966,0.0707523899811188,-0.249317154298434,0.591222016379666,0.0259314592905474,-0.0303580578590213,110.994204586001,106.244546440608,147.456759065168,149.307450321037
19.12,470.326441256414,-5.81467757752803,0.783645561267876,0.0682910765316773,-0.243574964189469,0.559321373571099,0.0262046747145085,-0.0304752378393214,110.016911141988,106.285934483938,147.11510886974,148.139734841186
19.13,470.631306156513,-5.78615240821629,0.790891639407201,0.0658853448778426,-0.238173242965312,0.523564028251794,0.0264282492867041,-0.0305988887000332,109.126447800534,106.549984530191,146.728732033556,146.78643642528
19.14,470.936234951021,-5.75829119318594,0.79672356379057,0.0635316206651686,-0.233138196809558,0.486669419624389,0.0266066614106764,-0.0307105718865971,108.375193463536,107.01851568093,146.239021747838,145.296637500048
19.15,471.241225685931,-5.73109200600707,0.801253162122197,0.0612262286191404,-0.228468430638223,0.45061614156453,0.0267436221932231,-0.0308016009544579,107.771741774233,107.631760786843,145.672264981398,143.726270858243
19.16,471.546276415645,-5.70455295411173,0.80458156624175,0.058965575579762,-0.224152077128104,0.416017583043467,0.0268424584155492,-0.0308621486854688,107.271852466507,108.363858582344,145.073000085438,142.120685522019
19.17,471.851385226437,-5.67867224345273,0.806802606302334,0.0567462186219826,-0.220171409514849,0.3834984585427,0.0269062349435264,-0.0308805403940476,106.861780145113,109.182302780938,144.469662070498,140.502849534159
19.18,472.156550252071,-5.65344818546698,0.808004994842619,0.0545649255310234,-0.216502993872299,0.353481179051411,0.0269378174620289,-0.0308498766322373,106.521736467162,110.052200487196,143.857890323071,138.892117770037
19.19,472.461769675836,-5.62887917925366,0.808274256322225,0.0524187040388743,-0.21312370984482,0.325649097748218,0.0269399456589782,-0.0307698844238958,106.242593440996,110.945342123583,143.237504816154,137.315116050847
19.2,472.767041730719,-5.60496367431777,0.807692245097524,0.0503047975989758,-0.210007375967898,0.300912992346139,0.0269152200557291,-0.0306236241134789,106.032590449657,111.836818328692,142.62411080057,135.798559610181
19.21,473.072364708489,-5.58170015848816,0.806330923840328,0.0482207563635697,-0.207121104232526,0.279504734958726,0.0268659002261387,-0.0304184315199284,105.878339949184,112.703029278386,142.013867965505,134.365544586972
19.22,473.377736960167,-5.55908718402246,0.804251626884722,0.0461644668793023,-0.204429810096076,0.261857749183162,0.0267938890895321,-0.0301359367981336,105.777604972502,113.51553589438,141.409236083139,133.023715455177
19.23,473.683156899478,-5.53712332390892,0.801509745827562,0.0441341838919855,-0.201896748629457,0.247811937148492,0.026700885622901,-0.0297887202523861,105.715527772582,114.255897891752,140.806264556905,131.788362774287
19.24,473.988623004065,-5.51580713451007,0.798157575126047,0.0421285310067075,-0.199483318189241,0.237805568083728,0.0265884415850364,-0.0293572423216493,105.655765446044,114.906125150598,140.246337720137,130.657966141073
19.25,474.294133817357,-5.49513705490119,0.794241277793195,0.0401465276192049,-0.197150663108395,0.23159200534744,0.026457977057754,-0.0288479998981612,105.583628147657,115.461053452972,139.719545131737,129.627526853012
19.26,474.599687941792,-5.47511137094659,0.789796340274095,0.0381875631997401,-0.194863962814797,0.228616546743276,0.0263105682950371,-0.0282712327877385,105.521250208502,115.908439920431,139.184191874792,128.697597476983
19.27,474.905284027125,-5.45572822265398,0.784850454428323,0.0362513615521829,-0.192589091055654,0.22923280827237,0.0261470234102157,-0.0276073394270124,105.48451695567,116.23539067641,138.622710372212,127.862896215204
19.28,475.210920767347,-5.43698552113872,0.779431740773727,0.03433801086843,-0.190288093652185,0.233793188932373,0.0259681433750705,-0.0268772819660939,105.464124522468,116.428125786599,138.031368970503,127.14026930064
19.29,475.516596897609,-5.41888082210709,0.773577442576435,0.032448024364685,-0.187909588606084,0.245010255727361,0.0257749657365488,-0.0260626437711222,105.455933456774,116.332826726718,137.421737120996,126.676795057562
19.3,475.822311181584,-5.4014110109915,0.767326731475886,0.0305825236883154,-0.185395466533502,0.260568592283245,0.0255686589915002,-0.0251885721316521,105.44731288917,115.995028361316,136.787982595534,126.405887522509
19.31,476.128062431014,-5.38457240274241,0.760685879310093,0.0287430977854085,-0.182702299704357,0.280765625050544,0.0253493203900391,-0.0242412635967268,105.435569258038,115.516032916239,136.126438803738,126.217261945516
19.32,476.433849515712,-5.36836073872844,0.753655274016108,0.0269317551038698,-0.179794053157146,0.303428158171216,0.0251168551991302,-0.0232480905702398,105.407265902566,114.95397889037,135.43350400911,126.054257513106
19.33,476.739671338606,-5.35277126507468,0.746207838853585,0.0251507424463824,-0.176654880185702,0.327342754944554,0.0248702918135345,-0.0221962587371908,105.361270253584,114.329980358812,134.707989411487,125.885596708779
19.34,477.045526817607,-5.33779880876257,0.738330671699858,0.0234024656583803,-0.173266689748476,0.353005145456081,0.0246090652001771,-0.0211123307916894,105.280142168119,113.819750484298,133.954268272992,125.525712845454
19.35,477.35141486695,-5.32343746910571,0.730022332796416,0.0216894335712648,-0.169628316804469,0.378390301361465,0.0243330436805761,-0.0199841625993774,105.165752890359,113.378987954892,133.179826671005,125.048802709646
19.36,477.657334424203,-5.30968069747079,0.721270682064269,0.0200142167351952,-0.165723558023069,0.406525946865492,0.0240417421072566,-0.0188378214977438,105.018169577781,112.882233606764,132.389756532536,124.583188722248
19.37,477.963284461767,-5.2965212992626,0.712054715621374,0.0183796090878773,-0.161529695324133,0.436459541227847,0.0237343856578557,-0.0176631322643603,104.83756315064,112.288895174181,131.589565204026,124.162342935418
19.38,478.269263991573,-5.28395149111612,0.702341380008807,0.0167886004500675,-0.157029671021329,0.468140432111007,0.0234098267022852,-0.0164801266028043,104.618276788653,111.599861944477,130.78169102168,123.786205113126
19.39,478.575272058212,-5.2719629135681,0.692094786045798,0.0152443470027291,-0.152209306147726,0.500091152410905,0.0230668455813695,-0.0153086535034793,104.355730085265,110.830118909608,129.96814351635,123.442035985215
19.4,478.88130773278,-5.26054663640001,0.681272893581287,0.013750006535528,-0.147078570846082,0.53097460637237,0.022704062183428,-0.0141426243792175,104.053375514213,109.992452563817,129.148805352019,123.117559943305
19.41,479.187370117587,-5.2496931732364,0.669837241419885,0.0123086622567894,-0.141641562862489,0.561203937836592,0.0223202244962465,-0.013008853187248,103.707955244305,109.099097563453,128.325951257901,122.806434534684
19.42,479.493458341025,-5.23939254482907,0.657738323232573,0.0109232916910203,-0.1359164190397,0.588998476749372,0.021913752100781,-0.011901093058676,103.322466229848,108.15982170815,127.501089364239,122.500806255001
19.43,479.799571563289,-5.22963431087523,0.644941246705591,0.00959667049254661,-0.129922404581295,0.614902613732641,0.0214835417364519,-0.0108447248158755,102.885873564529,107.184050220291,126.688430755871,122.198074350095
19.44,480.105708974566,-5.22040751787632,0.631417861714621,0.00833129967718779,-0.123700527174179,0.634630868185942,0.0210287649739938,-0.00983261340611541,102.391276927498,106.183768018525,125.897261867314,121.888426474782
19.45,480.411869795987,-5.21170062372252,0.617166075302621,0.00712913914192802,-0.117306161937275,0.649932310976151,0.0205494798006391,-0.00888667962521212,101.857533821723,105.166841817654,125.10714218306,121.567059353734
19.46,480.718053280055,-5.20350158431942,0.602176919544757,0.00599167875134625,-0.110782272779603,0.660696722410548,0.0200455266172237,-0.00799566880578006,101.295190710988,104.170579776176,124.310879671851,121.194037761866
19.47,481.024258709387,-5.19579801160526,0.58644221438904,0.00491996306191622,-0.104176181820396,0.666363600460793,0.0195167636136703,-0.00717822716076572,100.707931939569,103.203004802193,123.507532508071,120.771500570295
19.48,481.330485386278,-5.18857724409151,0.569976729714206,0.00391452672679632,-0.0975394019343054,0.667089166900213,0.018963806158631,-0.0064227050922543,100.103640454682,102.248144097657,122.69629510295,120.319057076385
19.49,481.636732632811,-5.18182618749816,0.552815502034826,0.0029753946260094,-0.0909261880628537,0.661593560755483,0.0183879368437648,-0.00574426435642628,99.4868071906083,101.299210602386,121.877918906621,119.849568182604
19.5,481.94299979746,-5.17553143916468,0.53500090413676,0.00210201119714478,-0.0843911679835758,0.6516228609663,0.0177906731611099,-0.00512922624243099,98.8635396733042,100.354601443023,121.05278942019,119.367964980163
19.51,482.249286261346,-5.16967927189734,0.516591439240594,0.00129333879112195,-0.0779827393778629,0.636436253087526,0.0171740495093828,-0.00458896352799087,98.2361878564908,99.422981668286,120.221227824132,118.867723354243
19.52,482.555591433434,-5.1642557170705,0.497651137041165,0.000547846824312606,-0.0717471394888375,0.6170383835527,0.0165402761760786,-0.00410803388057408,97.6082822466787,98.5245382071452,119.382813523783,118.330253269473
19.53,482.861914749664,-5.15924661081323,0.478253025639416,-0.000136409604358796,-0.065723474943809,0.593775391903097,0.0158918325376016,-0.00369527668205603,96.9804644027182,97.6526712276601,118.54077085512,117.767426175979
19.54,483.168255673404,-5.15463765809677,0.458480417867776,-0.000761782266005595,-0.0599540227230244,0.566333102997498,0.0152315287471913,-0.00333433683210267,96.3567357844647,96.8000248173721,117.694279858981,117.187804217504
19.55,483.474613695203,-5.15041438522788,0.438430980240384,-0.00133101653406423,-0.0544737443151506,0.536089671654032,0.014562628631017,-0.00303124761632259,95.7393997576903,95.9636963827578,116.843402069404,116.595583752944
19.56,483.780988330881,-5.14656224867163,0.418199453227918,-0.00184712172653068,-0.0493017567705319,0.504312277003367,0.0138882771389318,-0.00276821657576355,95.1293938327542,95.1447321695037,115.989633298965,115.990264707803
19.57,484.087379110164,-5.14306659186311,0.397894101924871,-0.00231328134197885,-0.0444570979907379,0.47051970636163,0.0132120599901283,-0.00255044764627745,94.1442696109259,93.9790611635199,114.620360082778,114.833984631852
19.58,484.393785437466,-5.13991275418329,0.377609490882892,-0.002732858665274,-0.0399531489323242,0.436219153514497,0.0125371009769331,-0.00236076076272236,93.0938028357289,92.7828756236165,113.207182850884,113.599394561001
19.59,484.70020662021,-5.13708613159047,0.357447109685936,-0.00310928585402619,-0.035795548039651,0.401007275280648,0.0118667262848731,-0.00220280791093636,92.1267015825463,91.6898692818554,111.888286904053,112.439647675992
19.6,485.006642023744,-5.13457212780825,0.337514374519042,-0.00344604793582733,-0.0319842420752927,0.366845743024502,0.0112044414864913,-0.00206056712242907,91.2517211777902,90.6980419881691,110.671664178486,111.372360698256
19.61,485.31309108109,-5.13235615286771,0.31790950367,-0.00374654325443062,-0.0285076576922714,0.33386382886627,0.0105534354482449,-0.00193758450938327,90.4533746382249,89.7890845423922,109.544172045302,110.385601083308
19.62,485.619553286551,-5.13042376966298,0.298715631829432,-0.00401404749331116,-0.0253514339487198,0.302583570172329,0.0099164013562386,-0.00182011807227259,89.7109981616797,88.9462302512014,108.481540928258,109.450213797994
19.63,485.926028181118,-5.12876066628725,0.280016979344947,-0.00425166369919302,-0.0224969932024693,0.273215779430739,0.00929606640364378,-0.00170830452337975,89.0038149533139,88.173061880468,107.460848978903,108.518323410366
19.64,486.232515335223,-5.12735267858984,0.261886434094875,-0.00446230674598695,-0.0199254121590928,0.245869641741934,0.00869477541218575,-0.00160237747652254,88.3200911438712,87.4489486239403,106.471529164791,107.5900723221
19.65,486.539014340711,-5.12618585361214,0.244384502029554,-0.00464868241450626,-0.0176133830362076,0.220986625353245,0.00811446512371672,-0.00149172108787595,87.6530703835743,86.754030745343,105.507210227111,106.672466958624
19.66,486.845524805805,-5.12524644678681,0.227568199353798,-0.00481324934714808,-0.0155354939565989,0.19891122116304,0.00755695985823459,-0.00138169162796007,87.0048487547715,86.0766682987846,104.556306770606,105.767408031663
19.67,487.152046352805,-5.12452092685894,0.211482340165748,-0.00495818537291864,-0.0136612573836564,0.180005716256111,0.00702367375700234,-0.00126446080695446,86.3791625118921,85.4129177752949,103.613735170466,104.876883175954
19.68,487.458578616119,-5.12399602549427,0.196154896716624,-0.00508536037565152,-0.0119615376642605,0.163714443524849,0.00651547267551255,-0.00114653190879587,85.7686376760857,84.7644980655588,102.690624594912,104.00194333421
19.69,487.765121240618,-5.1236588250523,0.181600177660403,-0.00519639053731437,-0.0104139866881695,0.149205649811074,0.00603279468782504,-0.00102232832420995,85.1671409361687,84.1494868026149,101.788965869995,103.120229249579
19.7,488.071673880145,-5.12349676769462,0.167824040335646,-0.005292715131025,-0.00900427384830543,0.136107262225167,0.00557580608268117,-0.000897948984507686,84.5740480367201,83.5713616277534,100.912981882082,102.234553762366
19.71,488.378236194369,-5.12349773185807,0.154822591839314,-0.00537562378435563,-0.00771509269882358,0.125055866416278,0.00514435425024264,-0.00076831257470498,83.9908665915868,83.0158002161592,100.066734902298,101.365939011007
19.72,488.684807852928,-5.1236499890025,0.142592226554354,-0.00544620182229722,-0.00652515495268745,0.115946539312369,0.00473829594244337,-0.000639307238137165,83.4173042092876,82.4733511746038,99.2520587904672,100.523873149019
19.73,488.991388541919,-5.1239422204723,0.131117586638806,-0.00550534501198232,-0.0054171073191877,0.108498008212089,0.00435711178064047,-0.000508023581179449,82.8511513965736,81.9392873881317,98.4664582901153,99.7094283240427
19.74,489.297977933031,-5.12436354606378,0.120376158326659,-0.0055537924724473,-0.00437811636855566,0.101868175747843,0.00400005751889689,-0.000380478033327393,82.0562167599767,81.1798653395488,97.4259605687201,98.6346710328062
19.75,489.604575554274,-5.12490356010331,0.110340307005348,-0.00559219749912227,-0.00340134952834702,0.0959452654503798,0.00366623211735224,-0.000254086342656964,80.8279029083673,79.9940593046852,95.8838228583496,97.0505962388428
19.76,489.911180751348,-5.12555232018177,0.100980874226625,-0.00562114557224914,-0.00248062676531296,0.0905473892912544,0.00335468653818083,-0.000133512705125982,79.7164160234962,78.9253154431141,94.4986857351291,95.6230024750606
19.77,490.217792925411,-5.12630036847316,0.0922659629610585,-0.00564116189934678,-0.00160895794728657,0.0859862914938702,0.00306438489374158,-1.60945196807632e-05,78.7460721420959,78.0056964308236,93.2968557851978,94.3701554573546
19.78,490.524411559645,-5.12713870336057,0.0841632654691095,-0.00565270122063429,-0.000780938591313884,0.0816801026573594,0.00279428176570855,9.41783488361912e-05,77.8996013916434,77.229346312474,92.2595767534494,93.2622260257267
19.79,490.831036210311,-5.12805880225444,0.0766373562174538,-0.00565618696198557,6.04532800317841e-06,0.0777003640574391,0.00254323131039411,0.000199381459323624,77.14919736724,76.5562341675924,91.3533238843863,92.2796555589877
19.8,491.137666495595,-5.12905260777542,0.0696537876282056,-0.00565201198066113,0.0007547018037401,0.073866830904171,0.00231012021121861,0.00029617222533382,76.4646516137738,75.9470477014712,90.5408147263054,91.3925641900153
19.81,491.444302079162,-5.13011252795374,0.0631778121658467,-0.00564055418361609,0.00146602416454033,0.0701214040027947,0.00209382690804216,0.00038646042736017,75.8195786943302,75.3727919275025,89.7893085624648,90.5715739806799
19.82,491.750942654525,-5.13123141328845,0.0571765114504608,-0.00562218402032871,0.00214020873790953,0.0663235289075336,0.0018932890472773,0.000467686442394625,75.196037058315,74.8151205177416,89.076250134437,89.7932167730503
19.83,492.057587934292,-5.13240256173431,0.0516163646457882,-0.00559727531696932,0.00277704301440788,0.0625563706013373,0.00170742335775393,0.000541816374608336,74.5829058734773,74.2643812687695,88.3870417010927,89.0425176106645
19.84,492.364237640822,-5.13361970426836,0.0464658538162789,-0.00556620197321504,0.00337608692758768,0.0586529237340004,0.00153520988069072,0.000607056999753228,73.9757915739147,73.7165225413475,87.714864385359,88.3112517053775
19.85,492.670891502273,-5.1348769961496,0.0416949443041401,-0.00552934776353706,0.00393663664728607,0.0547718681808103,0.00137567473128508,0.000665281977670787,73.3740577039031,73.1715788778973,87.0570050820329,87.5971071003928
19.86,492.977549252533,-5.13616899507173,0.0372755456914515,-0.00548709701903275,0.0044585961164896,0.0508274303845766,0.00122790396700514,0.000715264581199687,72.7791433235098,72.6305327047437,86.4133837147242,86.8994123134938
19.87,493.284210630041,-5.13749065588343,0.0331804798018388,-0.00543983858113954,0.00494164653483018,0.0468998651626707,0.00109101081406306,0.000758652587753391,72.1928134816755,72.0953034756757,85.7841265675135,86.2191593145707
19.88,493.590875378293,-5.13883731112392,0.0293845656858351,-0.00538796147216314,0.00538559133530471,0.0428882743508724,0.000964170680802607,0.000794591595760556,71.6175039694039,71.5673394388394,85.1695245225762,85.55670640886
19.89,493.897543244523,-5.14020466618089,0.0258633006687038,-0.00533186129233834,0.00578992996980887,0.0389353015772254,0.000846577771127847,0.000824483661219797,71.0604898651153,71.0474389033896,84.5617226144301,84.9120296555326
19.9,494.204213979694,-5.1415887752195,0.0225954740397816,-0.00527192861968374,0.00615564193597741,0.0350531414065784,0.000737528696200628,0.000848198428773578,70.5227086183622,70.5374953262305,83.9647251235331,84.2866964636974
19.91,494.510887338711,-5.14298602276151,0.01956051328521,-0.00520854785349836,0.00648298311404368,0.031175767530219,0.000636340063772077,0.000865807431668607,70.0022609388546,70.039444020802,83.3837034644952,83.6817899020982
19.92,494.817563082285,-5.14439311381517,0.0167394011337211,-0.0051421019284043,0.00677226859069418,0.0273717169067329,0.000542377522862779,0.000878487426766731,69.4978838992833,69.5541858418415,82.8198633266596,83.0973772541684
19.93,495.124240978058,-5.14580705140388,0.0141153365003009,-0.005072967544594,0.0070241574113204,0.0236197154079707,0.00045507728726879,0.000886142548773255,69.0091260533665,69.081564649736,82.2731879576664,82.5323424567456
19.94,495.430920800243,-5.14722511769206,0.0116731285039147,-0.00500151513806369,0.00723943884522459,0.0199700177397784,0.000373927040874458,0.000889754195949605,68.5353034539957,68.6214543591921,81.7424434061322,81.9857575383813
19.95,495.737602329918,-5.14864485861443,0.00939835620885947,-0.00492810638967808,0.00741890396320522,0.0164283059436484,0.000298438165367106,0.000889325308200275,68.0768020169474,68.1693528593549,81.2272897592718,81.4617814478308
19.96,496.044285355938,-5.15006407005596,0.00727865479945719,-0.00485308922853174,0.00756469929543092,0.0131456929290997,0.000228185944899327,0.000885641422975308,67.6317665422635,67.7297588275586,80.7242707017456,80.9502573292135
19.97,496.35096967289,-5.15148077393959,0.00530254213676337,-0.00477678884652891,0.00767877669795836,0.0100245450942073,0.000162775558036471,0.000878835065608149,67.1988473430397,67.3020824376863,80.2319660986197,80.4491591473892
19.98,496.657655076574,-5.1528932064794,0.00345937538062943,-0.00469951356714769,0.00776281041783619,0.00708368309379533,0.000101841054321244,0.000869539586906074,66.7788096838859,66.8863720066327,79.7510358643718,79.9604875293068
19.99,496.964341365843,-5.15429979860851,0.00174010254046589,-0.0046215539707666,0.00781861740528116,0.0043285834386354,4.50693862450823e-05,0.000858038339805477,66.372768801525,66.483331471948,79.2826203763634,79.4850726881797
20,497.27102834286,-5.15569915550965,0.000137054599711986,-0.00454318210940043,0.00784810648691161,0.0017747082224049,-7.80604629870395e-06,0.000844818763251373,65.9814612566071,66.0940742053945,78.8275049744188,79.0240048906514
20.01,497.577715813341,-5.15709003676842,-0.00135617754886939,-0.00446465011871646,0.00785331827018214,-0.000569288898723408,-5.70092586991668e-05,0.00083020622901049,65.6057474236375,65.719287494892,78.386734827852,78.5778721064769
20.02,497.884403587029,-5.15847133870186,-0.00274502767472241,-0.00438618937830549,0.00783634172846213,-0.00270354561161484,-0.000102730813208162,0.000814516788980398,65.2460038849851,65.3597677090498,77.9608571378706,78.1474406293111
20.03,498.191091477016,-5.15984207922773,-0.00403422856899653,-0.00430801049814874,0.0077992534421705,-0.00462484658766,-0.000145136734395087,0.000798103849200313,64.9027400453827,65.0158997119107,77.5506714113364,77.7330583332617
20.04,498.49777929763,-5.16120138496347,-0.00522800161332294,-0.00423030309076085,0.00774413731154932,-0.00634360789947329,-0.000184374792532258,0.000781132869416521,64.5766884777614,64.6888263483034,77.1573437298954,77.3360737928401
20.05,498.80446686795,-5.16254847990965,-0.0063300900757128,-0.00415323669864654,0.00767296362469798,-0.00786276559928384,-0.000220575588563603,0.000763980468364742,64.2685303996665,64.3791115009825,76.7819356407402,76.9571399037937
20.06,499.111154013227,-5.16388267397492,-0.00734383931073389,-0.00407696126115451,0.00758764394260801,-0.00919844140561302,-0.000253855391117048,0.000746674948176516,63.9778425801205,64.0866941175359,76.4242352840579,76.5962314620937
20.07,499.417840565036,-5.16520335466658,-0.00827240227599472,-0.00400160836256736,0.00749000272531746,-0.0103463452918882,-0.000284322954403073,0.000729611372331184,63.7039757871917,63.8108009133116,76.0838030210084,76.2525535539256
20.08,499.724526361162,-5.16650997825428,-0.00911871549719637,-0.00392729124264401,0.00738181548315602,-0.0113280432918076,-0.000312078939568812,0.000712690340484325,63.4458565383719,63.5506755427087,75.7597327494678,75.92538681161
20.09,500.031211245372,-5.16780206404644,-0.0098857089694445,-0.00385410642953298,0.00726473647217947,-0.0121383198959734,-0.000337222819856555,0.000696306705456653,63.2026349462268,63.3053303665437,75.4513894236691,75.6137967772993
20.1,500.337895067198,-5.16907918736618,-0.0105762080310815,-0.00378213378805075,0.0071403587263947,-0.0128039637159207,-0.000359849895617158,0.000680241154190373,62.9732877329412,63.0740095577375,75.1579506937598,75.3171524808194
20.11,500.644577681735,-5.17034097590396,-0.0111931586766336,-0.00371143855798071,0.0070101212064128,-0.0133194449284392,-0.000380058657833204,0.000664881663267761,62.7570949764599,62.8558416681581,74.8789410072953,75.0347308620303
20.12,500.951258949764,-5.17158710504799,-0.0117397025325799,-0.00364207218978515,0.00687521009431461,-0.0137453016108417,-0.000397953375750654,0.000649897167939266,62.5533119634524,62.6492465164076,74.6138421823188,74.7674564031259
20.13,501.257938738266,-5.17281729865861,-0.0122190983560584,-0.00357407521199693,0.00673689646509086,-0.0140092825383372,-0.000413642527800418,0.000635651191330583,62.3616022548022,62.4512827891003,74.3622002445747,74.5169379282233
20.14,501.564616920644,-5.17403132100123,-0.0126343915981406,-0.00350747368463457,0.00659649658700182,-0.0141775172789311,-0.000427227388100508,0.000621742745713993,62.1803322309188,62.2623722308143,74.1222450412571,74.2795418226715
20.15,501.871293375709,-5.17522897696445,-0.0129890693784479,-0.00344228381051561,0.00645487150932387,-0.014256537760759,-0.000438822717329461,0.000608557344071886,62.0084216790168,62.0829226479579,73.8930383872562,74.052585148577
20.16,502.177967986621,-5.17641010892504,-0.0132865086209018,-0.00337851329151861,0.00631278499522543,-0.0142698958182531,-0.000448539322360795,0.000595666218486926,61.8451447459411,61.9130984197547,73.6740170604878,73.8350146029905
20.17,502.484640640832,-5.17757459396867,-0.013529864263874,-0.00331616269440638,0.00617098981735721,-0.0142148054968219,-0.000456480150056744,0.000583274848737701,61.6883392399739,61.753358811662,73.4675225814801,73.6260489008562
20.18,502.791311230763,-5.17872234000727,-0.0137224652400379,-0.00325522656192072,0.00602992976053872,-0.0141141775128073,-0.000462753134961696,0.000571613436053767,61.5362263478899,61.6043345677571,73.2737410500284,73.4238547863004
20.19,503.097979653406,-5.17985328473172,-0.0138674695757826,-0.00319569448961882,0.00589013424231901,-0.0139658101510365,-0.000467460950317422,0.000560175026067634,61.3900303418241,61.4636579421909,73.0894710682658,73.2292373654494
20.2,503.40464580936,-5.1809673936702,-0.0139679837079185,-0.00313755095726497,0.0057521831637812,-0.0137463629730464,-0.000470704637375645,0.000549360110940961,61.2508234731737,61.3299351742991,72.913261237203,73.0427995129089
20.21,503.711309602854,-5.18206465576762,-0.0140269817677249,-0.00308077405041942,0.00561661154564258,-0.0134986026023951,-0.000472580925319726,0.000538612074363946,61.1188043225443,61.2027332463823,72.7446048273965,72.864817867069
20.22,504.017970941716,-5.18314508449533,-0.0140476600411355,-0.00302533856747035,0.00548372652115147,-0.0132076484913855,-0.000473193577927765,0.000528332417256413,60.9940273932534,61.0817214988153,72.5831400988588,72.6951283520097
20.23,504.324629737516,-5.18420871467424,-0.0140329888991648,-0.00297121582137011,0.00535374468835713,-0.0129239884965813,-0.000472638640159272,0.000517989173461479,60.8778018529179,60.9663378803879,72.4262249420231,72.5331934712027
20.24,504.631285905205,-5.18525560323639,-0.0139860405623813,-0.00291837717272801,0.0052266526357998,-0.0126282690529441,-0.000471015344396624,0.000508020618441548,60.7685900312717,60.8563191065108,72.2755625646805,72.3789928312467
20.25,504.937939362599,-5.18628582642193,-0.0139096385264763,-0.00286679342100753,0.00510242758657936,-0.012353742763068,-0.000468415092860563,0.000497925316973804,60.6649292020371,60.7516980269899,72.1326093089153,72.2327746314625
20.26,505.244590031455,-5.18729948125284,-0.0138066952808686,-0.00281643692556743,0.00498094848338267,-0.0120744982542891,-0.000464932317604753,0.000488166847393067,60.5660702348536,60.6520522498731,71.9975916102806,72.0943128877925
20.27,505.551237837712,-5.18829668306292,-0.013679871976282,-0.0027672800519697,0.0048621834714126,-0.0118142874121817,-0.000460653610677885,0.000478263964773198,60.4713726694625,60.5568367090728,71.869989228128,71.9631831290366
20.28,505.857882711343,-5.18927756676241,-0.0135318870912974,-0.00271929655934935,0.00474603491206932,-0.0115472756108954,-0.000455667624504008,0.000468682788570088,60.3803066855066,60.4653306604084,71.749107529297,71.8387230966811
20.29,506.164524586072,-5.19024228410568,-0.013365190948188,-0.00267246002621855,0.00463248505570586,-0.0112981976999894,-0.000450054630305012,0.000458951964436494,60.2922485027696,60.376907372274,71.6341421784945,71.7202790159497
20.3,506.471163399048,-5.1911910047302,-0.0131822758014572,-0.00262674533515683,0.00452143937057631,-0.0110427218855367,-0.000443896437052092,0.000449531855032465,60.206726119016,60.2909660454913,71.5244673506979,71.6072096312097
20.31,506.7777990906,-5.1921239133145,-0.0129853547314899,-0.00258212721658101,0.00441287665244989,-0.0108050883309397,-0.000437266074598638,0.000439966500171737,60.1232428857728,60.2070606980826,71.4194675358127,71.4989780896741
20.32,507.084431603998,-5.19304121042989,-0.0127766664735405,-0.00253858170648997,0.00430670252303781,-0.0105611510089109,-0.000430237537842151,0.000430708670405549,60.0414597799353,60.1247699037408,71.3186778049542,71.3950774249811
20.33,507.391060885254,-5.19394310961746,-0.0125581641615719,-0.00249608468985887,0.00420289801966753,-0.0103343668456978,-0.000422875779727542,0.000421316529807859,59.9610418518611,60.0438176039944,71.2216425487597,71.2951065587032
20.34,507.697686882939,-5.19482983808149,-0.0123318163319465,-0.00245461330242117,0.00410137312825647,-0.0101012965556219,-0.000415246325530853,0.000412228685045305,59.8817942704062,59.9639398215716,71.1280195067217,71.1986845796447
20.35,508.004309548033,-5.19570163374504,-0.0120993056991173,-0.00241414451659641,0.00400211150058495,-0.00988458162820388,-0.000407405584267139,0.000403018865287914,59.8034902957235,59.8849631194174,71.037427495396,71.1054749320833
20.36,508.310928833759,-5.19655874580635,-0.011862321948435,-0.00237465649366572,0.00390502784893338,-0.00966167124153432,-0.000399410198016027,0.000394109842787326,59.7260263896942,59.8067240265603,70.9495816133935,71.0151594123573
20.37,508.617544695444,-5.19740143180245,-0.0116222718025506,-0.00233612722409808,0.00381010790208013,-0.0094543210020287,-0.000391307715340054,0.000385093049836027,59.6492915333612,59.7291607856342,70.8641976976179,70.9274883017703
20.38,508.924157090496,-5.19822995861267,-0.0113807081511852,-0.00229853626709663,0.00371716269132158,-0.00925796342640411,-0.00038315035391554,0.000376366313609025,59.5733294310231,59.6516638010202,70.7811299415775,70.8429965098959
20.39,509.230765978611,-5.19904460111822,-0.0111388380368289,-0.00226186365533753,0.00362624328453273,-0.00905495477469414,-0.000374979691797718,0.000367529180881556,59.4982161003868,59.5731715524488,70.7001276863022,70.7625207714643
20.4,509.537371321795,-5.1998456404923,-0.0108978012936963,-0.00222608912445023,0.00353736541738382,-0.00884732499557016,-0.00036683497814735,0.000358968339769505,59.4235143303204,59.4942616633916,70.6203953080646,70.6841171916452
20.41,509.843973083711,-5.20063336243793,-0.0106586094052879,-0.00219119229355268,0.00345046483032237,-0.00866036863336032,-0.000358751035728902,0.000350316884003648,59.3490518948525,59.4154619983806,70.541529737189,70.6067855534856
20.42,510.150571229087,-5.201408057856,-0.0104222349132376,-0.00215715442490456,0.00336540419029832,-0.00847450238087037,-0.000350761206667793,0.000341960534976023,59.2749798558614,59.337222890757,70.4634433756671,70.5300839391383
20.43,510.457165723496,-5.20217001990126,-0.010189357497197,-0.00212395713675133,0.00328214948116788,-0.00829917413447647,-0.000342889317367953,0.00033356670855624,59.2014185589508,59.2605298084573,70.3860550922619,70.4531029455096
20.44,510.763756533155,-5.20291954394153,-0.00996064612007356,-0.00209158293353235,0.00320062318880529,-0.00812514808548596,-0.000335158644761347,0.000325330369896142,59.128743536703,59.1854407167337,70.3096238601649,70.3764833962411
20.45,511.070343624689,-5.20365692535526,-0.00973644371177924,-0.00206001435451485,0.00312088909906114,-0.00793735366819211,-0.000327581711219728,0.000317438217587772,59.0574496013718,59.112100828137,70.2345731124128,70.3009486321772
20.46,511.376926965553,-5.20438245642283,-0.00951694709525557,-0.00202923289420267,0.00304300475929029,-0.00775603074449564,-0.000320166041143589,0.000309565265822717,58.9878802315909,59.0407739357008,70.1611928081619,70.2268945079247
20.47,511.683506524177,-5.20509642672119,-0.00930236382234231,-0.00199922035885885,0.00296695817714759,-0.00756518849814394,-0.000312919186585827,0.000302036430308618,58.9203408570808,58.9717076683719,70.0897263167699,70.1545825729103
20.48,511.990082270103,-5.20579912032531,-0.00909261055163903,-0.00196995767697738,0.00289284364474336,-0.00737360905573718,-0.000305839006011593,0.000294554603567055,58.8546920819249,58.905152173931,70.0207955266368,70.0842134150841
20.49,512.296654174152,-5.20649081548551,-0.00888770263933228,-0.00194142603639666,0.00282058110554919,-0.00718607648383298,-0.000298926006855829,0.000287428832374568,58.7906816852285,58.8412896645905,69.9548130866481,70.0158191816399
20.5,512.603222208456,-5.20717178371099,-0.00868748770165842,-0.00191360688356956,0.0027501569591718,-0.0070048017494481,-0.00029217518122448,0.000280376757627356,58.7288141323243,58.7800222262066,69.890933645443,69.9491971846918
20.51,512.909786346127,-5.20784228964967,-0.00849179805380141,-0.00188648203146433,0.00268157723989979,-0.0068127003832686,-0.000285580893266138,0.000273683203879198,58.6694445346977,58.7213458520693,69.8288172558842,69.8843197502824
20.52,513.216346561033,-5.20850258934849,-0.00830035951343684,-0.00186003254184993,0.00261489186225962,-0.00662559108848085,-0.00027913395683178,0.000267072846778364,58.6128551517535,58.665421233634,69.7684941437787,69.8213433596916
20.53,513.522902827746,-5.20915293140191,-0.00811302419398005,-0.00183423967922142,0.00255009862593896,-0.00643008786873482,-0.000272829152720163,0.000260806389864914,58.559262259742,58.6124029510064,69.7101115749823,69.7604546378003
20.54,513.829455121576,-5.2097935561271,-0.0079295747590379,-0.00180908420033348,0.00248721552504925,-0.00624298042624704,-0.00026665896142965,0.000254625638230972,58.5088500601605,58.5624733967423,69.6538998201427,69.7018957291808
20.55,514.136003418646,-5.21042469667647,-0.00774988736390768,-0.00178454742753123,0.00242619808501336,-0.00605214024992825,-0.000260618809409264,0.000248775578295155,58.4617768324508,58.5157712348096,69.6000915489519,69.6459058918692
20.56,514.442547695981,-5.21104657820069,-0.00757376536181649,-0.00176061056577842,0.0023670379712397,-0.00587049186521716,-0.000254701776250405,0.000243016583707979,58.418135539062,58.4723953105974,69.5488875095203,69.5926868097877
20.57,514.749087931589,-5.21165941901419,-0.00740110366597834,-0.00173725547198574,0.00230969198791464,-0.00568402892097027,-0.000248903883392665,0.00023757784731294,58.3780104528712,58.4323885595654,69.5004111450076,69.5424049841929
20.58,515.055624104544,-5.21226342970977,-0.00723170882407605,-0.00171446382094535,0.00225415598237484,-0.00550788838503501,-0.000243218254647645,0.000232234337847277,58.3417796790186,58.395664893615,69.4542048440063,69.4950896729029
20.59,515.362156194987,-5.21285881415661,-0.0070654803375322,-0.00169221801210989,0.00220037040737375,-0.00532983488083194,-0.000237640994903562,0.000227196665159132,58.3091653092264,58.3621947394648,69.410739323512,69.450890626581
20.6,515.668684183999,-5.21344576895561,-0.00690226215554056,-0.00167050051559543,0.00214831017135373,-0.00516152406024324,-0.000232166499827174,0.000222253721167403,58.2798797756423,58.331994291362,69.3704423919983,69.4099561128341
20.61,515.975208053898,-5.21402448466668,-0.00674199874604486,-0.0016492945428259,0.00209791900558738,-0.00499167380068018,-0.000226792459492608,0.000217601028418929,58.2537683101024,58.3049932247786,69.3334528439752,69.372349089582
20.62,516.281727788316,-5.21459514544629,-0.00658459646123482,-0.00162858335069954,0.00204918034628444,-0.00482993648360865,-0.000221515424825465,0.000213041765586344,58.2306699183318,58.2810569955784,69.2997657412911,69.3380389067039
20.63,516.5882433722,-5.2151579302368,-0.00643005583107664,-0.00160835080045514,0.00200204959484003,-0.00466617696400776,-0.000216335050929924,0.000208755723830238,58.2104192287075,58.2600170022115,69.2693017618312,69.306951490977
20.64,516.894754791778,-5.21571301239103,-0.00627833836471045,-0.00158858074036636,0.00195651508127613,-0.00450976174062138,-0.000211249823031008,0.000204558681936214,58.1928460586919,58.2417017368455,69.2419621704803,69.2789848219269
20.65,517.201262034546,-5.21626056060764,-0.00612945433386876,-0.00156925747014111,0.00191256193826951,-0.00434643870883753,-0.000206259848036726,0.000200616137419658,58.1776778648944,58.2259549939382,69.2178015867105,69.2540537344755
20.66,517.507765089349,-5.21680073795029,-0.00598336126096343,-0.00155036500790287,0.00187017640259924,-0.00419609843339834,-0.000201363446598686,0.000196761148010902,58.1643291651659,58.2126825645168,69.1972102751099,69.2320628112317
20.67,517.814263946416,-5.21733370334748,-0.00584013933139867,-0.00153188833454213,0.00182926961697944,-0.00404626935381208,-0.000196562919493721,0.000193144324278181,58.152767711259,58.2016018635456,69.1795882132654,69.2127106503297
20.68,518.120758597196,-5.2178596110593,-0.00569977304517534,-0.00151381262728794,0.00178983162267047,-0.00390152583129418,-0.000191857611258413,0.000189607373766458,58.1430442265198,58.1924660130108,69.1644245542512,69.1957648699998
20.69,518.427249034128,-5.21837861123215,-0.00556230537872986,-0.00149612342825402,0.00175183961384642,-0.00375438163396269,-0.00018724881740034,0.000186282799943806,58.1351732322514,58.1851378821459,69.151465388726,69.1811182900688
20.7,518.733735250542,-5.21889084958756,-0.0054277587033437,-0.00147880620689326,0.00171528428619672,-0.00361376983580901,-0.000182737230234849,0.000183018301131621,58.129118353444,58.1795369985211,69.1406250725596,69.1687132630763
20.71,519.04021724062,-5.21939646839738,-0.00529624868616401,-0.00146184699108229,0.00168010018771135,-0.00347807039279887,-0.00017832657417822,0.000179871954493225,58.124830810744,58.1756138178516,69.1318863669279,69.1585342497491
20.72,519.346694999407,-5.21989560658977,-0.00516783047456561,-0.00144523223088973,0.00164626819353541,-0.00334180924496205,-0.000174018668915874,0.000176897819009448,58.1223794356039,58.1732960390813,69.1250317131842,69.1505335375818
20.73,519.653168522862,-5.22038839922961,-0.00504254747881829,-0.00142894852805452,0.00161374450712076,-0.00321510547415106,-0.000169814914609305,0.000173962969542027,58.1218656362331,58.1724636991264,69.1198078775994,69.1446371493084
20.74,519.959637807701,-5.22087497831019,-0.00492048573650453,-0.00141298327869035,0.00158245661489429,-0.00309207322912859,-0.000165718111525597,0.000171175432673534,58.1230118785827,58.173075180638,69.1164693853464,69.1408628757754
20.75,520.266102851454,-5.22135547242836,-0.00480168341010219,-0.00139732435059337,0.00155234861749821,-0.00297823290890228,-0.000161729551387353,0.000168418952735679,58.1256483554123,58.1750838276241,69.1151269915831,69.1391965248063
20.76,520.572563652578,-5.22183000737154,-0.0046862113224562,-0.00138196040839318,0.00152335124934364,-0.00286750942554764,-0.000157851600032922,0.000165793406218982,58.1296518026616,58.1784025357823,69.1157444250024,69.1395802351974
20.77,520.879020210472,-5.22229870582727,-0.00457409703252339,-0.00136688053062402,0.00149541760301292,-0.00276476018417271,-0.000154085257403039,0.000163194400323359,58.1349048796181,58.1829127051915,69.1182182218102,69.1419010938417
20.78,521.185472525435,-5.2227616878823,-0.0044653942118515,-0.00135207448517568,0.00146848747046111,-0.00266462620259504,-0.000150432376701443,0.000160712898868988,58.1412657663583,58.188470146784,69.1223890288407,69.1460121122283
20.79,521.491920598606,-5.22321907070944,-0.00436011313214505,-0.0013375323966672,0.00144251955262114,-0.00257166037997512,-0.000146893428790709,0.000158254978639276,58.148621058031,58.1949586926698,69.1281344322624,69.1517809589924
20.8,521.798364431919,-5.22367096897287,-0.00425828388288653,-0.00132324500929756,0.00141745933788311,-0.00248108637846547,-0.00014346952292579,0.000155903371643292,58.156852121188,58.2022666352542,69.1353204827604,69.1590767603723
20.81,522.104804028049,-5.22411749450743,-0.00415989402634038,-0.00130920339236612,0.00139326922900902,-0.00239699869973081,-0.000140160401625863,0.000153574006264892,58.1658520826656,58.2102919256805,69.1438325353386,69.1677675208683
20.82,522.411239390377,-5.22455875667766,-0.00406495248651913,-0.00129539919531734,0.00136989553373771,-0.00231569572581079,-0.0001369664870412,0.000151341674382202,58.1755430281337,58.2189422084948,69.1535791497971,69.1777910094526
20.83,522.71767052296,-5.22499486210788,-0.00397342162127737,-0.00128182437258707,0.00134730955980473,-0.00223907926351164,-0.000133886714003682,0.00014913098756001,58.1858335417497,58.2281000602068,69.1644482203256,69.1890420150109
20.84,523.02409743049,-5.22542591484888,-0.00388527297736916,-0.00126847130714755,0.00132547204297901,-0.00216438615055453,-0.000130920281592316,0.000147009934345162,58.196636495062,58.2377609566534,69.1763279171991,69.2013341247179
20.85,523.330520118231,-5.22585201611505,-0.0038004459753915,-0.00125533264171028,0.00130435064313686,-0.0020951882061636,-0.000128065322042212,0.000144911778499349,58.2078939254726,58.2479162700311,69.189147456861,69.2145381527369
20.86,523.636938591961,-5.226273264528,-0.00371888755036111,-0.00124240149335152,0.00128390402002035,-0.00202776111142858,-0.00012532017653429,0.000142898339646133,58.2195594157632,58.2585420983782,69.2028354036332,69.2285727121579
20.87,523.943352857949,-5.22668975581125,-0.00364050913925639,-0.00122967122167548,0.00126410408999187,-0.00196535730192597,-0.00012268201734549,0.000140910397401393,58.231603460205,58.2696004835504,69.217344456347,69.2433899804736
20.88,524.249762922945,-5.22710158304648,-0.00356523595729541,-0.00121713561011472,0.00124491569798449,-0.00190361601258387,-0.000120148446588216,0.000139002004065003,58.2440063492923,58.2809992325175,69.2326251197485,69.2590257205184
20.89,524.556168794183,-5.22750883637303,-0.00349295473152091,-0.00120478857332672,0.00122632573920506,-0.00184525966924991,-0.00011771581526757,0.000137119513315154,58.2567341852412,58.2927076785679,69.2486147287147,69.2753946104868
20.9,524.862570479356,-5.22791160318235,-0.00342357175300747,-0.00119262431306066,0.00120830653841733,-0.00178810656778502,-0.000115381068842231,0.000135310461005759,58.2697382440646,58.304709438699,69.2652267907703,69.2923888742075
20.91,525.168967986571,-5.22830996797928,-0.00335697313259144,-0.00118063719978875,0.00119083742550004,-0.0017346169777585,-0.000113140478544229,0.000133526873937311,58.2830035664889,58.3170031094731,69.2824187973877,69.3099419499439
20.92,525.475361324312,-5.22870401259125,-0.00329305597316844,-0.00116882191877683,0.0011738908467531,-0.00168228265683895,-0.000110990643497295,0.000131811846082596,58.2964980846281,58.3295698312737,69.3001217677552,69.3279818817201
20.93,525.781750501408,-5.22909381600396,-0.00323169675114999,-0.00115717331377699,0.00115744873734495,-0.00163311167571986,-0.000108927477937786,0.000130123179422245,58.3102185148949,58.3424091499398,69.3182988313049,69.3464582377252
20.94,526.088135527007,-5.22947945454121,-0.00317278253982637,-0.00114568649970483,0.00114148765926306,-0.00158486654736079,-0.000106947214016983,0.000128499127146656,58.3241660160186,58.3555300771293,69.3369191140299,69.365341878319
20.95,526.394516410553,-5.22986100173623,-0.00311618512155687,-0.00113435672702355,0.00112599141374549,-0.0015394904747204,-0.000105045574079858,0.000126902245223125,58.3383324934283,58.3689382199362,69.3559411084702,69.3845646105619
20.96,526.700893161763,-5.23023852853164,-0.00306178945808167,-0.00112317948284973,0.00111094081759091,-0.00149469185119565,-0.000103218693882981,0.000125366402989947,58.3527227039987,58.3826664568194,69.3753395578188,69.4040863499748
20.97,527.007265790601,-5.23061210317933,-0.00300946730845004,-0.00111215035025559,0.00109632415004812,-0.00145215493166843,-0.000101462266016979,0.00012385837039276,58.3673621052189,58.3966886694682,69.395117201051,69.4239530988282
20.98,527.313634307261,-5.23098179141127,-0.00295910555202125,-0.00110126511422618,0.00108212081672039,-0.00141115775119401,-9.97724473396973e-05,0.000122393697186628,58.3822687495439,58.4110011310029,69.4152628114837,69.4441773210261
20.99,527.619998722185,-5.23134765643319,-0.00291057637005141,-0.00109051970957964,0.0010683204641486,-0.00137074749394428,-9.81449095503378e-05,0.000120985113332958,58.397455779272,58.4256174985712,69.4357638496365,69.4647485886522
21,527.926359046046,-5.23170975886128,-0.00286375580651398,-0.00107991015445078,0.00105491042587348,-0.00133245146327404,-9.6575441047051e-05,0.000119604525959713,58.4129432163514,58.4405953375269,69.4566176817287,69.4856124127729
21.01,528.232715289735,-5.23206815697113,-0.002818536268606,-0.00106943264777582,0.00104187561612384,-0.00129482116029868,-9.50603602602876e-05,0.000118275689555384,58.4287219017235,58.4559548202574,69.4777880442489,69.5067180094506
21.02,528.539067464312,-5.23242290669897,-0.00277480762392529,-0.00105908347609894,0.00102920593718609,-0.00125894246715844,-9.35959028407923e-05,0.000116974237583209,58.4448183844876,58.471698368495,69.4992823641251,69.5280878860036
21.03,528.84541558102,-5.23277406180019,-0.00273246448120994,-0.00104885904923071,0.00101689578264665,-0.00122225052114668,-9.21784550168326e-05,0.00011572086282064,58.4612308957068,58.487854779002,69.5211672610215,69.5497575687721
21.04,529.151759651312,-5.2331216737222,-0.0026914023293919,-0.0010387557916514,0.00100493250239719,-0.00118909223394295,-9.08043947656645e-05,0.000114494914388017,58.4778797599895,58.5044485540124,69.5435525910504,69.5717314451423
21.05,529.45809968686,-5.23346579197852,-0.00265154179595032,-0.00102877039714318,0.000993292690014344,-0.00115659755363469,-8.94709224048185e-05,0.000113313476227132,58.4948281908952,58.5214443631396,69.5662704060768,69.5939558031411
21.06,529.7644356995,-5.23380646410835,-0.00261278990844967,-0.0010188996489521,0.000981971400455159,-0.00112504002726833,-8.81748293297678e-05,0.000112157382024766,58.5121493040155,58.5388419262876,69.5892594865148,69.6164302298997
21.07,530.070767701188,-5.23414373581042,-0.00257507038247941,-0.00100914041088794,0.000970961412453418,-0.00109379464971123,-8.69134611694736e-05,0.00011103993549201,58.5299031666604,58.5566744986585,69.6125265262955,69.6391928081215
21.08,530.377095703999,-5.23447765103812,-0.00253831591376365,-0.000999489597001189,0.000960255031786917,-0.00106401045885161,-8.56844711632544e-05,0.000109943140013643,58.5481076136113,58.5749459871397,69.6360743211386,69.6622517558438
21.09,530.683419720113,-5.23480825223173,-0.00250247750712489,-0.000989944251894862,0.000949839051069385,-0.00103516865851913,-8.44861211332088e-05,0.000108878539178032,58.5667967372003,58.5936890497994,69.6599398150436,69.6856516859368
21.1,530.989739761836,-5.23513558041824,-0.00246751123776915,-0.00098050152762659,0.00093970123096244,-0.00100804617373275,-8.33168575045126e-05,0.000107831201183834,58.5859854606191,58.6129139647737,69.6841506407127,69.7094177199174
21.11,531.296055841605,-5.2354596753952,-0.00243338539200191,-0.000971158733310996,0.000929826593347576,-0.000982023631554404,-8.2175539889078e-05,0.000106811263469976,58.6056979441417,58.6326460158078,69.7087488907876,69.7335969912436
21.12,531.602367972007,-5.23578057579753,-0.00240006987001465,-0.000961913298569738,0.000920202398221384,-0.000957649818595055,-8.10610998598657e-05,0.000105806223668382,58.6259338388481,58.6528810101618,69.7337491080982,69.7582012758448
21.13,531.908676165782,-5.23609831923882,-0.00236754306456431,-0.000952762805057544,0.000910814355754021,-0.00093434767399996,-7.99727598695218e-05,0.000104824629053836,58.6466902404686,58.6736173437655,69.759164514758,69.7832482961346
21.14,532.214980435832,-5.23641294235779,-0.00233578338672677,-0.000943704950310278,0.000901650457728773,-0.000912548842468708,-7.89097594611624e-05,0.000103855990153457,58.6679578702934,58.6948424449019,69.7850063546231,69.8087464134222
21.15,532.521280795226,-5.23672448092907,-0.0023047753254179,-0.000934737571426579,0.000892697578634051,-0.000891759460727841,-7.7871547653017e-05,0.000102907371116946,58.6897287169948,58.716550051319,69.8112833798988,69.8347080518645
21.16,532.8275772572,-5.23703296989141,-0.00227450136233719,-0.000925858607729183,0.000883945786342031,-0.000872215746826465,-7.68575200456425e-05,0.000101970063588264,58.7119947651895,58.7387107107341,69.8379635178585,69.8611198739984
21.17,533.133869835162,-5.23733844341559,-0.00224494736862589,-0.000917066124430405,0.000875381969757149,-0.000853752317960542,-7.58671838282374e-05,0.000101049599644568,58.7347471097137,58.7613043507135,69.8650369626913,69.8879830494762
21.18,533.44015854267,-5.23764093493262,-0.00221609820521174,-0.000908358298236768,0.000866994988135673,-0.000836622345651861,-7.49000267471913e-05,0.000100139013890885,58.7579251390263,58.7843049486801,69.892534319559,69.9152885740476
21.19,533.746443393444,-5.23794047720851,-0.0021879422199512,-0.000899733430021685,0.000858773170945854,-0.000820415522761867,-7.39556585083094e-05,9.92430774317456e-05,58.7815030783261,58.80770226968,69.9204700526759,69.9430415210561
21.2,534.052724401378,-5.23823710237272,-0.00216046689854946,-0.000891189916626618,0.000850707392370974,-0.000805071552995834,-7.30336705208139e-05,9.83564400528492e-05,58.8054561521984,58.8314731049434,69.9488403148464,69.9712320446071
21.21,534.359001580546,-5.23853084193126,-0.00213365279079272,-0.000882726220920467,0.000842794620728238,-0.000790002739304555,-7.21334311283542e-05,9.74833303072708e-05,58.8297115231662,58.8555950821543,69.9776879556105,69.999850422589
21.22,534.665274945213,-5.23882172674222,-0.00210748838444926,-0.000874340872968696,0.000835021450427918,-0.000776705315786076,-7.12545469201858e-05,9.66198341043699e-05,58.854188512515,58.880025452682,70.0069929008392,70.0288430537125
21.23,534.971544509823,-5.23910978714528,-0.00208196182062423,-0.000866032548064156,0.000827376924245811,-0.000763972511968528,-7.03966252488301e-05,9.5768896824301e-05,58.8789124804923,58.9047398019546,70.0366808645931,70.0581911790516
21.24,535.277810288973,-5.23939505291865,-0.00205705474215306,-0.000857799980595497,0.000819857530986877,-0.000751482608676151,-6.9559076098511e-05,9.492712161159e-05,58.903877464224,58.9296936942576,70.0666763579874,70.0878519843061
21.25,535.584072297375,-5.23967755328291,-0.00203274970361556,-0.000849641932568837,0.000812460583178773,-0.000739404581409537,-6.8741340284092e-05,9.40947732301e-05,58.9290988315762,58.9548553408701,70.0968972491035,70.1177939090097
21.26,535.890330549846,-5.2399573169184,-0.00200903075642414,-0.000841557205986378,0.000805181109011314,-0.00072786469672679,-6.7942904521299e-05,9.3271280571524e-05,58.954573963423,58.980218572882,70.1273468577809,70.1480197739494
21.27,536.196585061284,-5.24023437200044,-0.00198588410311291,-0.000833544660592614,0.0007980123668141,-0.000717110495478772,-6.71633278142347e-05,9.24546124986156e-05,58.9802719023084,59.005773378067,70.1580444853257,70.1785246263964
21.28,536.502835846686,-5.24050874624485,-0.00196329778723828,-0.000825603232233296,0.000790946649033029,-0.000707084639226603,-6.64022310553054e-05,9.16453568090744e-05,59.0061823485083,59.0315229038626,70.1890098391145,70.2093188251311
21.29,536.809082921159,-5.24078046693588,-0.00194125976716704,-0.000817731929307824,0.000783976960330257,-0.000697743231764174,-6.56592353126377e-05,9.08427640024875e-05,59.0322725556998,59.0574373943867,70.2202197698525,70.2403733181382
21.3,537.115326299914,-5.2410495609499,-0.00191975801233559,-0.00080992982720773,0.000777096992239131,-0.000688982291575865,-6.49339645309668e-05,9.00470784804615e-05,59.0585469342113,59.0835236875969,70.2516886052505,70.2717031947911
21.31,537.421565998275,-5.24131605477003,-0.0018987798022964,-0.000802196058888195,0.00077030137631249,-0.000680725166475338,-6.42260224154548e-05,8.92582215450349e-05,59.0849748407097,59.1097499358928,70.2833852406417,70.3032755134678
21.32,537.727802031664,-5.24157997449738,-0.00187831196712162,-0.000794529807259697,0.000763585373773646,-0.00067292220428831,-6.35349993992751e-05,8.84759109115087e-05,59.1115267892847,59.1360882355604,70.3152761638523,70.3350579314485
21.33,538.034034415593,-5.24184134586193,-0.00185834084456672,-0.000786930299900232,0.00075694481912287,-0.000665496827046194,-6.28604705617289e-05,8.77005690235979e-05,59.1382040443028,59.1625393426998,70.3473679437882,70.3670546910617
21.34,538.340263165667,-5.24210019422805,-0.00183885220263285,-0.000779396802397336,0.000750376041237978,-0.000658442322429917,-6.22019924709753e-05,8.69314763279161e-05,59.1649710572581,59.1890700292248,70.3796211691396,70.3992265772312
21.35,538.646488297568,-5.24235654460418,-0.00181983151675097,-0.000771928616311952,0.000743875711726877,-0.000651672238553742,-6.15591115015584e-05,8.61694920611016e-05,59.1918233267373,59.2156760011279,70.4120330233216,70.431568011397
21.36,538.952709827052,-5.24261042164387,-0.00180126355665919,-0.000764525072382643,0.000737440977363167,-0.000645207404433152,-6.09313500472583e-05,8.54135485055534e-05,59.2187270981115,59.2423260886557,70.4445651264233,70.464040337381
21.37,539.25892776994,-5.24286184965435,-0.0017831329466974,-0.000757185530432681,0.000731069193417248,-0.000638949576095788,-6.03182240642539e-05,8.46648649539869e-05,59.2456907982151,59.269029195608,70.4772291687823,70.4966524592522
21.38,539.565142142117,-5.24311085259406,-0.00176542351300405,-0.000749909372114075,0.000724758195034451,-0.000632941213169056,-5.97192217336983e-05,8.3922087857713e-05,59.2726742372414,59.2957476958338,70.509975884366,70.5293546542433
21.39,539.871352959517,-5.24335745408052,-0.00174811910499213,-0.0007426960023258,0.000718505914361415,-0.000627075455488098,-5.9133829527305e-05,8.31867176475406e-05,59.2996876460423,59.3224923771457,70.5428178458429,70.5621568519776
21.4,540.177560238125,-5.24360167738555,-0.00173120275911589,-0.000735544841800138,0.00071231072970055,-0.000621414477690366,-5.85615050978546e-05,8.24571675919067e-05,59.3267091571821,59.3492437977012,70.57572908494,70.5950325586547
21.41,540.483763993969,-5.24384354544335,-0.0017146577322977,-0.000728455329738978,0.000706171064887384,-0.000615841954210833,-5.80017103658935e-05,8.17351576610025e-05,59.3537348833716,59.3759986452428,70.6087012349011,70.627970964175
21.42,540.789964243115,-5.24408308084443,-0.00169846653909916,-0.000721426915955734,0.000700085791382292,-0.000610438105152441,-5.74538804661916e-05,8.10188853825091e-05,59.3807419865031,59.4027363154242,70.6417045051837,70.6609417715978
21.43,541.096161001656,-5.24432030584471,-0.00168261217539889,-0.000714459064992448,0.000694053648392621,-0.000605090034845549,-5.69174629806457e-05,8.03101667984246e-05,59.4077351084769,59.429461940752,70.6747417222908,70.6939456224041
21.44,541.402354285712,-5.24455524235978,-0.00166707701973814,-0.000707551248830227,0.000688073792647964,-0.000599886781047282,-5.63918827165146e-05,7.96070699608597e-05,59.43470343263,59.4561666969321,70.7077967226526,70.7269659139633
21.45,541.708544111421,-5.24478791197513,-0.00165184411249863,-0.000700702951720781,0.000682145222724015,-0.000594708890307313,-5.5876582863108e-05,7.89115930272956e-05,59.4616392068054,59.4828432142208,70.740857571431,70.7599888146962
21.46,542.014730494938,-5.24501833594036,-0.00163689594730072,-0.000693913662425041,0.000676267385562113,-0.000589650066637224,-5.53709863517004e-05,7.82217464204937e-05,59.4885431361599,59.5094939093911,70.7739190913484,70.7930088292419
21.47,542.320913452428,-5.24524653518039,-0.0016222158882171,-0.000687182879350402,0.000670439533187645,-0.000584590997911363,-5.48745415498697e-05,7.753957633547e-05,59.5154038425185,59.5361076358992,70.8069646632541,70.8260077535381
21.48,542.627093000058,-5.24547253029075,-0.00160778694713691,-0.000680510102947224,0.000664661332604423,-0.000579633900882685,-5.43866832496349e-05,7.68629918532432e-05,59.5422266223794,59.5626910934353,70.839994858023,70.8589860043616
21.49,542.933269154,-5.24569634155077,-0.00159359325613661,-0.000673894841557124,0.000658932189733323,-0.000574662352518211,-5.39068801937996e-05,7.61940400072414e-05,59.5690031531491,59.5892360016974,70.8729966585877,70.8919293143127
21.5,543.23944193042,-5.24591798892053,-0.00157961878722404,-0.00066733660419422,0.000653251884669571,-0.000569785179145804,-5.34345942620211e-05,7.55305516012814e-05,59.5957283159408,59.6157383232696,70.9059574827712,70.9248251395648
21.51,543.545611345477,-5.24613749205598,-0.0015658488403363,-0.000660834906983544,0.000647619879928883,-0.00056488978550029,-5.29693285321083e-05,7.48745420119392e-05,59.6224094142793,59.6422051972743,70.9388832355527,70.957678469141
21.52,543.85177741532,-5.2463548703071,-0.0015522684169888,-0.000654389265651732,0.000642036261750973,-0.000560021354744033,-5.25105755066339e-05,7.42248638024443e-05,59.6490562815226,59.6686470510336,70.97178015231,70.9904954740858
21.53,544.157940156091,-5.24657014272884,-0.00153886434736103,-0.000647999198940364,0.000636500351562702,-0.00055526891963653,-5.2057885450118e-05,7.35802253020689e-05,59.6756399488816,59.6950352089505,71.00460943668,71.0232375057726
21.54,544.464099583907,-5.2467833281,-0.00152562434721805,-0.000641664235070433,0.000631011481797809,-0.000550507816077325,-5.1610836517371e-05,7.29426647198528e-05,59.7021851197407,59.7213938923223,71.0373964027027,71.0559294445456
21.55,544.770255714871,-5.24699444492093,-0.00151253615943683,-0.000635383903586137,0.000625569351067008,-0.000545853091846795,-5.1169007516935e-05,7.23099151419431e-05,59.7286824430201,59.7477141239254,71.0701253069233,71.0885560021459
21.56,545.076408565061,-5.24720351143197,-0.00149958910900789,-0.00062915774230321,0.000620173285723771,-0.000541195568343163,-5.07320281413309e-05,7.16839465394041e-05,59.7551388277325,59.7740022130836,71.102801271394,71.1211221042203
21.57,545.382558150535,-5.24741054561503,-0.00148677269820693,-0.000622985290858013,0.000614822926646093,-0.00053664897810383,-5.02995341614633e-05,7.10625283035575e-05,59.7815475832123,59.8002515887205,71.1354126287476,71.1536166950457
21.58,545.688704487321,-5.24761556521278,-0.00147407802873742,-0.00061686609764193,0.000609517551140288,-0.000532105487267561,-4.98712133518554e-05,7.04475944531026e-05,59.8079172344638,59.8264700307106,71.1679668080241,71.1860472465881
21.59,545.994847591423,-5.2478185877309,-0.0014614963994719,-0.000610799713413946,0.000604256751571516,-0.000527676087497102,-4.94467607268845e-05,6.98369576542386e-05,59.8342505913682,59.8526602705035,71.2004639231715,71.2184145887036
21.6,546.300987478817,-5.24801963045738,-0.00144902069211476,-0.000604785698050456,0.000599039766967215,-0.000523254984864596,-4.90259232517398e-05,6.92325068692768e-05,59.8605428214729,59.8788166388749,71.2328954709369,71.250710443032
21.61,546.607124165447,-5.24821871046512,-0.00143664398129139,-0.000598823614265018,0.000593866149400676,-0.000518949936556481,-4.86084554232477e-05,6.86321089686746e-05,59.8867983089431,59.9049432753666,71.2652660804436,71.2829402375955
21.62,546.913257667225,-5.248415844631,-0.00142436087443322,-0.000592913034144893,0.000588735109704364,-0.000514657616434707,-4.81941624566297e-05,6.8037601381396e-05,59.9130219035419,59.9310441349218,71.2975778062759,71.3151063845068
21.63,547.219388000037,-5.24861104963846,-0.00141216614132933,-0.000587053533003115,0.000583646168296421,-0.000510482152257077,-4.77828564342428e-05,6.74469151226409e-05,59.939210329861,59.957115597302,71.3298276288892,71.3472066907203
21.64,547.52551517973,-5.24880434199596,-0.00140005600366301,-0.000581244695676301,0.000578598518287459,-0.000506322950113034,-4.73743978173008e-05,6.68618322451184e-05,59.9653646520992,59.9831578067428,71.3620132277907,71.3792392902798
21.65,547.831639222121,-5.24899573803932,-0.00138802678984341,-0.000575486110520734,0.000573591658808871,-0.000502280081480367,-4.69686523454654e-05,6.628035667504e-05,59.9914824373225,60.0091679142581,71.3941331575662,71.4112035672073
21.66,548.137760142988,-5.24918525394911,-0.00137607617237236,-0.000569777375443993,0.00056862477709433,-0.000498256001333574,-4.65655308151358e-05,6.57042115444367e-05,60.0175737095872,60.035155043363,71.4261985083498,71.4431111071058
21.67,548.44387795808,-5.24937290575248,-0.0013642018558774,-0.000564118092063579,0.000563697361743951,-0.000494346437290169,-4.61649469872908e-05,6.51314818239661e-05,60.0436299959923,60.0611102881113,71.4581988053757,71.4749522228525
21.68,548.749992683108,-5.24955870933931,-0.00135240276115941,-0.000558507871452677,0.00055880860631003,-0.000490457096847201,-4.57668555999448e-05,6.45638289899224e-05,60.0696464925432,60.0870279873141,71.4901294272073,71.5067228067959
21.69,549.056104333743,-5.24974268046324,-0.00134067775289333,-0.000552946328472688,0.000553958000278375,-0.000486679169653207,-4.53712114946381e-05,6.39994243660204e-05,60.0956389494249,60.1129234577915,71.5220085806342,71.5384417920847
21.7,549.362212925626,-5.24992483475633,-0.0013290267714822,-0.00054743308722439,0.000549144754679705,-0.000482922011545692,-4.49780059064286e-05,6.34398641187918e-05,60.121594138161,60.1387827093745,71.5538219085437,71.5700952935273
21.71,549.668318474359,-5.25010518772919,-0.00131744960481511,-0.000541967775573892,0.000544368372086901,-0.000479271425884765,-4.4587226961564e-05,6.2883421594486e-05,60.1475139134354,60.1646071994467,71.5855725457384,71.6016870921014
21.72,549.974420995508,-5.25028375478399,-0.00130594695861873,-0.000536550030233523,0.000539628103385819,-0.000475639352788916,-4.41988939553118e-05,6.23316430082414e-05,60.1733978006487,60.1903957769722,71.6172619272827,71.6332190518419
21.73,550.280520504603,-5.25046055121341,-0.00129451928546381,-0.000531179491394953,0.00053492348946201,-0.000472107006372429,-4.38130196540874e-05,6.1782892107128e-05,60.1992388489336,60.2161411622494,71.6488811282652,71.6646827846646
21.74,550.586617017132,-5.25063559221198,-0.00128316782505979,-0.000525855807528465,0.000530253826979465,-0.000468592069905523,-4.34296435743697e-05,6.12386211918744e-05,60.2250464437497,60.2418521766392,71.6804451506221,71.6960936485274
21.75,550.89271054855,-5.25080889287432,-0.00127189350077988,-0.0005205786304051,0.000525618674398975,-0.000465172893013393,-4.30487964203394e-05,6.06972652213433e-05,60.2508054071474,60.267513396621,71.7119359257567,71.7274339921808
21.76,551.198801114273,-5.25098046820503,-0.00126069789492843,-0.000515347619764313,0.000521017351619018,-0.000461771302103473,-4.26705312526514e-05,6.01602088886022e-05,60.2765240758508,60.2931327109809,71.743365644079,71.7587162841071
21.77,551.504888729677,-5.25115033311599,-0.00124958218045488,-0.000510162438575717,0.000516449436061454,-0.000458459800151449,-4.22948890426715e-05,5.96259983464669e-05,60.3021898540328,60.3186973582585,71.7747222539713,71.7899287753877
21.78,551.810973410099,-5.25131850243457,-0.00123854803945172,-0.000505022757304175,0.000511914295435136,-0.000455163019149827,-4.19219280139677e-05,5.9095965065719e-05,60.3278094758244,60.3442137485506,71.8060134331385,71.8210793303901
21.79,552.117055170836,-5.2514849908999,-0.00122759666252185,-0.000499928249280289,0.000507411556453842,-0.000451947758550707,-4.15516913692036e-05,5.85687644854551e-05,60.353370040078,60.3696689122606,71.8372256448524,71.8521545888683
21.8,552.423134027146,-5.25164981316946,-0.00121672962809444,-0.000494878594571015,0.000502940660747174,-0.000448742121469541,-4.11842353774437e-05,5.80456673466329e-05,60.3788735964827,60.3950646959288,71.8683647477325,71.883160505354
21.81,552.729209994244,-5.25181298381422,-0.00120594780421912,-0.00048987347512199,0.00049850146561754,-0.000445569741575625,-4.08195940443331e-05,5.75260295723686e-05,60.4043200109382,60.4204009772454,71.8994309205517,71.9140972898321
21.82,553.035283087305,-5.25197451732066,-0.00119525254851737,-0.000484912576377967,0.00049409343277068,-0.000442473597399549,-4.04578173598723e-05,5.70092370794635e-05,60.4297065783285,60.4456750289505,71.93042348548,71.9449643163574
21.83,553.341353321463,-5.25213442809598,-0.00118464509085287,-0.000479995590293843,0.000489716092168712,-0.000439379619435973,-4.00989514004524e-05,5.6496481736403e-05,60.4550256253615,60.4708791351375,71.961333371086,71.9757524840816
21.84,553.647420711811,-5.25229273046119,-0.00117412602685207,-0.000475122210270902,0.000485369239806169,-0.000436342566686628,-3.97430219516657e-05,5.59866556805884e-05,60.4802752197951,60.4960114943372,71.992161421431,72.0064625540829
21.85,553.953485273396,-5.25244943865455,-0.0011636961498987,-0.000470292134230552,0.000481052523227235,-0.000433301483681841,-3.93900611141977e-05,5.54808514781365e-05,60.5054442458244,60.5210610436241,72.0228936202816,72.0370804122475
21.86,554.259547021219,-5.25260456682617,-0.00115335568961912,-0.000465505060814576,0.000476765807065785,-0.000430308038512332,-3.90400827467242e-05,5.49780454110822e-05,60.5305436300216,60.5460388978472,72.0535453407018,72.0676212708889
21.87,554.565605970237,-5.25275812904084,-0.00114310503741122,-0.000460760692343736,0.000472508814623241,-0.000427305856034576,-3.86931056661302e-05,5.4479256258777e-05,60.5555621884854,60.570934008844,72.0841052443056,72.0980736285166
21.88,554.871662135361,-5.25291013927264,-0.00113294404026577,-0.00045605873131006,0.000468281469978556,-0.000424342819237982,-3.83491308865134e-05,5.39835423542756e-05,60.5805021144334,60.5957488016199,72.1145746704447,72.1284386088332
21.89,555.177715531458,-5.25306061140713,-0.00112287267896395,-0.000451398883119186,0.000464083565862851,-0.000421366833388939,-3.80081633213079e-05,5.34918515635754e-05,60.6053524674011,60.6204725156206,72.1449435043186,72.1587059053674
21.9,555.483766173342,-5.25320955923605,-0.00111289042011134,-0.00044678085285079,0.000459915080368917,-0.000418422196167387,-3.7670190913541e-05,5.30033194886381e-05,60.6301200118619,60.6451121691797,72.1752184669302,72.1888819872323
21.91,555.789814075783,-5.25335699645908,-0.00110299685023328,-0.000442204347798856,0.000455775868873066,-0.000415461028646612,-3.73352049455718e-05,5.25188244964557e-05,60.6547949494318,60.6696581860451,72.2053896033085,72.2189566781566
21.92,556.095859253499,-5.25350293667874,-0.0010931910839578,-0.000437669074499529,0.000451665956243428,-0.000412524319221006,-3.70031809959335e-05,5.20375735650868e-05,60.6793719426019,60.694105499485,72.2354498225857,72.2489226108599
21.93,556.401901721156,-5.25364739340196,-0.00108347235480711,-0.000433174741090147,0.000447585251741675,-0.000409568296755044,-3.66740978802834e-05,5.1560376304766e-05,60.7038690174445,60.7184723739205,72.2654220319072,72.2788024600176
21.94,556.707941493375,-5.25379038003526,-0.00107383947577922,-0.00042872105460102,0.000443533818159148,-0.000406630923871304,-3.63479203144405e-05,5.10865050385107e-05,60.7282540614958,60.742726979596,72.2952667333641,72.3085564365197
21.95,557.013978584717,-5.25393190988625,-0.00106429138734782,-0.000424307723151353,0.000439511608803592,-0.000403672314647925,-3.60246165010026e-05,5.06167027566722e-05,60.7525555340032,60.766898002877,72.3250195462066,72.338219946035
21.96,557.320013009696,-5.25407199615928,-0.00105482666594808,-0.000419934453495536,0.000435518714358955,-0.000400727772551205,-3.57041423496586e-05,5.01502990493593e-05,60.7767431232533,60.7909554010375,72.3546418174269,72.3677540490373
21.97,557.626044782768,-5.25421065195692,-0.00104544403385799,-0.000415600953087971,0.00043155511810217,-0.000397761691888322,-3.53864578578804e-05,4.96879647145482e-05,60.8008351840814,60.8149177472706,72.3841577144995,72.397182718626
21.98,557.932073918333,-5.25434789027624,-0.00103614191193194,-0.000411306927920992,0.000427620921208488,-0.000394806959621094,-3.50715127659165e-05,4.92290817386312e-05,60.8248237604671,60.8387773273085,72.4135546061775,72.4264930526348
21.99,558.238100430739,-5.25448372401035,-0.00102691888132604,-0.000407052084467297,0.000423716124202971,-0.000391830848704668,-3.47592614094762e-05,4.87742692111341e-05,60.8487136702737,60.8625391733331,72.4428397104191,72.4556920875216
22,558.544124334279,-5.25461816594522,-0.00101777327031238,-0.000402836127691858,0.000419840837495519,-0.000388863283203126,-3.44496494845241e-05,4.83229647871038e-05,60.8724942435901,60.8861928133071,72.4719987108413,72.4847652764867
22.01,558.850145634252,-5.25474675782526,0.00122136643033551,-0.00039334236262255,0.00256804665283938,0.505167268339986,3.65197562171259e-05,0.0080214066051943,60.7534946062795,61.0496149251362,72.5079121987183,72.51177075446
22.02,559.156163894145,-5.25481012646333,0.00905913245793446,-0.000333676575094049,0.00956442329890319,0.892153744070519,0.00028475821678585,0.0131917949651913,60.4505155245483,61.5390815392877,72.942479324698,72.3326666605753
22.03,559.462178142437,-5.25475211475982,0.0189953047343768,-0.000184991627802731,0.0198384056887528,1.17341948916012,0.000596783295021663,0.0176841649244498,60.3935249995939,62.2962141538143,73.6480870773876,72.4342265565772
22.04,559.768187277066,-5.25453260023907,0.0290659020175853,8.06517190196575e-05,0.0325666124777023,1.38562178770245,0.000908878533403957,0.0216423893240274,60.790183353985,63.3232308902944,74.7378282988258,73.0867772906407
22.05,560.074190310947,-5.25411967954633,0.0379192302187191,0.000484135738497169,0.0470784205223697,1.52953486936881,0.00117739490367647,0.0249441163617204,61.6435882537453,64.6026970987399,76.2551678076513,74.3292129740667
22.06,560.380186554329,-5.25348785839541,0.0445572127517953,0.00103975168689081,0.0627744027080233,1.62485104367612,0.00137033422273023,0.0278580335394903,62.8549297409531,66.062455993234,78.0790617587824,76.0167477792373
22.07,560.686175573124,-5.25261531982714,0.0483907599160015,0.00175680050438392,0.0791910646243388,1.67358998178182,0.001469037429701,0.0303057409336532,64.2737823081016,67.6009383398844,80.0543236291873,77.9464795056811
22.08,560.992157118611,-5.25148281002813,0.0490678929185752,0.00264016856247891,0.0959462173242449,1.69409747335216,0.00146258447028835,0.032505535475662,65.7586006780364,69.1166971074739,82.0314165187185,79.9419483011087
22.09,561.298130968194,-5.25007160066658,0.0465595786099516,0.00369191732698492,0.11283501215584,1.70286909930995,0.00135044994783963,0.0347365376647416,67.1807654612045,70.5659811813372,83.9330475322137,81.8510462335692
22.1,561.604096735192,-5.2483615127518,0.0409862562295987,0.00491275363220468,0.129718876392281,1.69112673215981,0.00113692129382236,0.0367828117818409,68.5091675128016,71.9477166773692,85.7414636675933,83.6282066757821
22.11,561.910053865396,-5.24633177695365,0.0324278153952405,0.00630154041660337,0.146443321707509,1.67560951146907,0.000824972972355482,0.0390371539641972,69.7800448629633,73.2571518845893,87.4800413538194,85.3438100407971
22.12,562.216001537455,-5.2439598169056,0.0211349716877797,0.00785660754662026,0.16296758099426,1.64919094000668,0.000423021978879351,0.0411672770506744,71.0674279787463,74.5545961764907,89.1759819326111,87.0205025551119
22.13,562.521938718443,-5.241221908942,0.00729567314829305,0.00957542074249452,0.179235453159699,1.627479747712,-6.25762270624516e-05,0.0435705279457882,72.4072124193775,75.8648340792151,90.9362693614329,88.7735751300929
22.14,562.827864060543,-5.23809226128502,-0.00884566996545641,0.0114555985388927,0.195231750082428,1.59217419211019,-0.000623713455576085,0.0458052498588949,73.8348036482316,77.2406963212616,92.8754519699682,90.6914040942903
22.15,563.133776063813,-5.23454485429258,-0.0271817588603179,0.0134937354018618,0.21087116738624,1.5582748207161,-0.00125672493098544,0.0482977703090914,75.0468798336457,78.3642556756875,94.4721961121238,92.3112405936709
22.16,563.43967286115,-5.230552704659,-0.047547822584405,0.0156862424203533,0.226100066011909,1.50665507565039,-0.00195608272831749,0.050536464923459,76.2343283868212,79.4427337834372,96.0653760521812,93.924041851394
22.17,563.745552353628,-5.22608985634618,-0.0699207237135726,0.0180280620052853,0.24078459434905,1.45175244082775,-0.00272081406184776,0.052999850154307,77.6095009431478,80.5894633254615,97.80277029131,95.7568974627819
22.18,564.051412259149,-5.22113066591897,-0.0941799857259144,0.0205135627610391,0.254850051509667,1.37936940296461,-0.00354682217825825,0.05512784181456,79.1783310880491,81.8235705723059,99.7222579529005,97.8266395604207
22.19,564.357250302429,-5.21565124249783,-0.120298736568643,0.0231356201332719,0.2681642217444,1.3030758377186,-0.00443299971370671,0.0574610819085241,80.9165396114331,83.1112182122377,101.849988873886,100.166268586988
22.2,564.663064070528,-5.20962857903542,-0.148134941617589,0.0258865001727324,0.280655787784608,1.21199192891906,-0.00537457591452511,0.0594015080419785,82.8039095243497,84.5111785564048,104.173428057545,102.681435380058
22.21,564.968851219894,-5.20304162315418,-0.177620200764671,0.028757203847355,0.29221795100378,1.11862707829984,-0.00636907386298812,0.0615491364884407,84.8418797988801,85.9825748081785,106.650446130415,105.375840670678
22.22,565.274609316449,-5.19587038274684,-0.208575733763428,0.0317383705120521,0.302817682355633,1.01701720098971,-0.00741044312921817,0.0632667894447349,87.0196367672426,87.5139228552743,109.246267893803,108.222464124289
22.23,565.580336021746,-5.1880967273082,-0.240886003028367,0.0348199443947991,0.312403406690148,0.916765469406125,-0.00849464166057886,0.0652015605135041,89.2761558160407,89.0587906920109,111.971648257096,111.208615847413
22.24,565.886028891642,-5.17970357062682,-0.274351388517927,0.0379918902489214,0.320978081306864,0.813248100981816,-0.00961497393920821,0.0666755628997879,91.1383190788344,90.2559877737478,114.273966102361,113.772961762676
22.25,566.19168535897,-5.17067564839418,-0.308853363840346,0.0412439913530959,0.328544435838373,0.715097280752158,-0.0107674177560832,0.0683759847895182,92.0846636274267,90.6154202820815,115.565287898285,115.386543118618
22.26,566.497302444016,-5.16099886374144,-0.344188031806662,0.0445664086001004,0.33512727891156,0.614619889283899,-0.01194518492268,0.0695854651678003,93.0222910134804,91.0122938906957,116.927022028789,117.015148252769
22.27,566.802877209649,-5.15066047946898,-0.380192560525224,0.0479492205129251,0.340731030676614,0.519244079074961,-0.0131428160597056,0.0710251930913622,93.9419985642094,91.3938712848993,118.411572870327,118.739940217637
22.28,567.108406682073,-5.13964866909258,-0.416653139198758,0.0513829077309218,0.345398124589812,0.426807065963085,-0.0143532672460385,0.0723325002206688,94.8576713251377,91.792761034339,119.996964446526,120.529136845799
22.29,567.413887938166,-5.12795264716171,-0.453416649074958,0.0548582574358806,0.349149153819075,0.334226048781077,-0.0155714826734671,0.0731032498157507,95.7989874354405,92.2494740966948,121.632107266958,122.333953131532
22.3,567.719318290936,-5.11556304329416,-0.490335805916124,0.0583661652092153,0.352013338615371,0.249594949411713,-0.016792579579685,0.0741092849658855,96.7679052959743,92.6480072352725,123.291111493196,124.231107609551
22.31,568.024695087533,-5.1024714063352,-0.52723019544133,0.061898172676815,0.354052411832256,0.168034570569881,-0.0180107333649618,0.0745588554167235,97.7718409582565,93.051676870416,124.917319352835,126.127474098183
22.32,568.330015854397,-5.08867031734864,-0.563962354381724,0.0654462711085839,0.35532383127221,0.0952221838452997,-0.0192215675182284,0.0752446654942109,98.7800337459082,93.3928774325015,126.515949670223,128.045993181871
22.33,568.635278145604,-5.07415326265409,-0.600385010292167,0.0690031669386436,0.355885176721703,0.0257066559668347,-0.0204203968613995,0.0753515925363606,99.852891693101,93.7865460673601,127.988683979392,129.851922967542
22.34,568.94047969446,-5.05891475140514,-0.636399038770804,0.0725620817683745,0.355809266258142,-0.0338253580114165,-0.0216041070341395,0.0756919322157373,100.984722123107,94.1865914441873,129.335444199892,131.558555033643
22.35,569.245618222351,-5.04295013996979,-0.671882523367796,0.0761170510819061,0.35515950838568,-0.0888687301721938,-0.0227689122069786,0.0758536378507156,102.199313702087,94.6092737612783,130.524858371336,133.159383151559
22.36,569.550691516818,-5.02625558163551,-0.706755752046731,0.0796626988555871,0.354006733812743,-0.13644998617557,-0.0239123992897648,0.0754020355766779,103.478499504563,95.0884016443046,131.565926265287,134.630296308405
22.37,569.855697558293,-5.00882806874003,-0.740939041897189,0.0831942705165447,0.352395989104591,-0.180571914534094,-0.0250321447053173,0.0751763293111222,104.769748133538,95.5036831228049,132.494119384026,136.057897373417
22.38,570.160634362243,-4.99066519561215,-0.774351573833168,0.0867074576768603,0.350382310187914,-0.217613141946766,-0.0261257029367215,0.0743239449366415,106.10198922515,95.9725379902415,133.285572989962,137.356525602179
22.39,570.46550009312,-4.9717650594653,-0.806915552803739,0.0901985811360176,0.348024546494553,-0.25026772005241,-0.0271907262708792,0.0736947838532834,107.442821742517,96.3897272210758,133.984347040206,138.618904809901
22.4,570.770292908937,-4.95212605177593,-0.838549738599816,0.0936644086377037,0.345361439497528,-0.278487768986693,-0.0282247378795359,0.0728604723128238,108.806492654328,96.8134686837658,134.569032141821,139.795178198521
22.41,571.075011034248,-4.9317468427203,-0.869196436587757,0.0971021699074091,0.342445467688186,-0.301591913571704,-0.0292260210721857,0.0713806134452371,110.204384437997,97.3124399976045,135.022654777821,140.828827294502
22.42,571.379652865036,-4.91062631520265,-0.898793942674342,0.100509584937405,0.339318060197321,-0.321487847925714,-0.0301927050015923,0.0701186544147547,111.60274813133,97.7705458587317,135.386823149567,141.816754874936
22.43,571.684216798254,-4.88876347491832,-0.927291128225452,0.103884695071457,0.336007917026775,-0.338271757384003,-0.0311232479615142,0.0686410443903019,113.008815862987,98.2472371312397,135.639298376004,142.702408426529
22.44,571.988701298081,-4.86615746631269,-0.954649881538565,0.10722586530642,0.332551036566234,-0.351285135957296,-0.0320165101646423,0.0665062725407819,114.427199911237,98.8115683219154,135.763328627371,143.425745209175
22.45,572.293105004885,-4.84280753392038,-0.980837899333999,0.110531815146105,0.328977641104703,-0.362183540409234,-0.0328715205494644,0.0645832708119909,115.816910070521,99.3389394312223,135.805204602843,144.085906822842
22.46,572.597426589002,-4.81871306114262,-1.00583853149545,0.113801423339749,0.325290752131061,-0.374081274105364,-0.0336877938318132,0.0620010428338901,117.188675549928,99.9671414274958,135.719868828611,144.549471668981
22.47,572.901664913002,-4.79387365696813,-1.02964027793227,0.117033563736386,0.321495251298975,-0.384664671530099,-0.0344649533436831,0.0596261701855911,118.493218860973,100.561580558516,135.563836359819,144.9270213808
22.48,573.205818872327,-4.76828914593563,-1.05223869766694,0.120227164709911,0.317589366739957,-0.396476246573162,-0.0352028435613178,0.0570265834625317,119.725279309981,101.172272218159,135.321125409234,145.17039691919
22.49,573.509887507454,-4.74195975785693,-1.07365057555746,0.123381017066468,0.313547887851915,-0.412363805438129,-0.0359019422765684,0.053770322980836,120.882044811811,101.858047290302,134.975428710857,145.226596169817
22.5,573.813870168523,-4.71488623448081,-1.09387635188931,0.126493585929958,0.309344733423622,-0.429221948576474,-0.0365621783571453,0.0507216639548497,121.910040387635,102.470447272181,134.575143391335,145.19990659185
22.51,574.117766253741,-4.68706959947525,-1.11289449774587,0.129563162183895,0.304957864190436,-0.449594945405581,-0.0371827705538041,0.0474567446464545,122.799278750364,103.067474132765,134.100706959884,145.025681471878
22.52,574.421575316528,-4.65851132791602,-1.1307151744555,0.132587652536187,0.30033118779336,-0.477905140079447,-0.037763903741649,0.0435563386162755,123.548842035638,103.707869558724,133.53361409037,144.65022899512
22.53,574.725297254834,-4.62921378618278,-1.14734420186465,0.135564285470657,0.295409161976179,-0.508771354909653,-0.0383056163232196,0.0398758268549908,124.113518232879,104.238780395568,132.918984926252,144.180886616188
22.54,575.028931967494,-4.5991798911898,-1.16274301986998,0.138489929939048,0.29015152211502,-0.545590821093527,-0.0388065098086025,0.0360049546091342,124.499251603374,104.706310263046,132.239185029704,143.581652294443
22.55,575.33247948582,-4.56841332501936,-1.17689735779186,0.141360863506666,0.28448742950231,-0.590521661493898,-0.0392659639205001,0.0319538056000618,124.716672967089,105.108129987328,131.500173730627,142.86320738899
22.56,575.635940126049,-4.53691888365418,-1.18982253553744,0.144172445263771,0.278291822640578,-0.652865522854643,-0.0396842417318676,0.0273317258441812,124.776748302682,105.504090135724,130.675487482879,141.968619109985
22.57,575.939314746612,-4.50470328976997,-1.20152858593959,0.146918509418747,0.271431041846783,-0.723229735184155,-0.0400614157154739,0.0229798189245048,124.63155893375,105.729184007503,129.780118343473,140.978302981792
22.58,576.242604316383,-4.47177458874286,-1.2119321369698,0.149591914193654,0.26380010170022,-0.808074327190841,-0.0403945514902213,0.018520365216237,124.292374380575,105.853351139951,128.830898195697,139.859950809544
22.59,576.545810072614,-4.4381427536391,-1.22105840953817,0.152183907423618,0.2551721943707,-0.924590001494266,-0.0406840698049447,0.0135931515730366,123.661530436133,105.923979423892,127.950766091954,138.604210326965
22.6,576.848933865366,-4.40382141623743,-1.22891963635521,0.154682980281996,0.245308122094707,-1.05445916801806,-0.0409299962980839,0.00902538073720929,122.797533993536,105.807605399596,127.104219729767,137.328500680822
22.61,577.151977661309,-4.36882652803332,-1.23532960739175,0.157076085073605,0.234072383268176,-1.20029782418612,-0.041125905503952,0.00447939580435457,122.021998466512,105.569371931523,126.013309353613,136.013679311606
22.62,577.454943748765,-4.33317662501855,-1.24017052677417,0.159348534052239,0.221264484500435,-1.37228581552089,-0.0412675480202548,-0.000365189831376682,121.280680894294,105.275908192209,124.826616976713,134.66473051055
22.63,577.757835010548,-4.29689370042738,-1.24319698093882,0.161483474618971,0.206749821249988,-1.54042981343348,-0.0413465754035964,-0.00471597958847508,120.455869881661,104.83021717244,123.710286193841,133.395139065366
22.64,578.060654203756,-4.26000014814711,-1.24385748980484,0.163464108465812,0.190564826659147,-1.70871826860581,-0.0413448449438406,-0.00889091329863926,119.528467788331,104.312611845607,122.730333775235,132.180880694626
22.65,578.36340404274,-4.22251835803536,-1.24166235839764,0.165273665640232,0.172703123770081,-1.87630762995343,-0.0412462096986128,-0.0128622949484233,118.534587003356,103.718564182854,121.90070379755,131.078647546635
22.66,578.666087287373,-4.18447096267461,-1.23617340294675,0.166895264021271,0.153114914988813,-2.05574685330223,-0.0410362592725613,-0.0169336627082769,117.529613003939,103.095851461513,121.195492850789,130.073271369648
22.67,578.968707030893,-4.14588219346433,-1.22695879121389,0.168311332126868,0.131823705593178,-2.21327937838302,-0.0407009045962013,-0.0204227100422631,116.527653557757,102.392157813835,120.619619191138,129.213962240567
22.68,579.271266189055,-4.10677530364671,-1.21338901502658,0.169506130854844,0.109046382383841,-2.35232672986623,-0.040219843298091,-0.0236553254784003,115.527304454708,101.689335109824,120.177636795864,128.434969441719
22.69,579.57376773142,-4.06717373885186,-1.19520313736299,0.170465781768258,0.0849259725058175,-2.48715678024457,-0.0395847500596902,-0.026943445254724,114.505457795715,101.035522104246,119.905144963907,127.70400104804
22.7,579.876215113346,-4.02710362315499,-1.1722055256396,0.171177143672855,0.0595811195754835,-2.59274767179036,-0.0387893773344422,-0.0297052178940983,113.524579868141,100.391744520849,119.711333636324,127.062401363368
22.71,580.178611876452,-3.98659135776071,-1.14407730594072,0.171629794241793,0.0333258391463478,-2.67123499639173,-0.0378237488365472,-0.0322502501739806,112.652613115775,99.8029473252736,119.541253260277,126.463488002331
22.72,580.480961911047,-3.94566491862104,-1.11085254037675,0.171815867742101,0.00634308739046202,-2.7423109541076,-0.0366893344527118,-0.0348626527077876,111.808523364819,99.2776376921554,119.467797959199,125.894627734153
22.73,580.783269781133,-3.90435606157978,-1.07265147911888,0.171728684856047,-0.0211908433052822,-2.77833359336341,-0.0353904050643897,-0.0370272785742333,110.963020433941,98.77367640085,119.500828688456,125.394585693601
22.74,581.085540368488,-3.86269800953042,-1.02946414532534,0.171364725823723,-0.0489424851957102,-2.78861017370101,-0.0339271210879876,-0.0390095231515511,110.105680181314,98.3281371448256,119.639155722114,124.914860064068
22.75,581.387778966571,-3.82072622794873,-0.981586274020768,0.170722991215565,-0.0767305870351232,-2.78848465688989,-0.0323095370938074,-0.0410481934417704,109.309399743048,97.9382668778199,119.789945521311,124.444714386236
22.76,581.689991523554,-3.77848049982784,-0.929408513466935,0.169803891914008,-0.104354331741615,-2.75352863226484,-0.0305507732911875,-0.0426814462222005,108.588837592545,97.5838824412807,119.936437227289,124.016691841756
22.77,581.992184285584,-3.73600261516617,-0.873220036772312,0.168610912234972,-0.131529898436711,-2.70300128898686,-0.0286606935854423,-0.0443296153702898,107.901647930235,97.295541167695,120.141525870582,123.59568283667
22.78,582.294363944794,-3.69333771512493,-0.813492355230377,0.167149440708638,-0.158040094708985,-2.61755833200206,-0.0266550539901595,-0.0455741404694251,107.246827048336,97.0652003400369,120.392600426776,123.212127350764
22.79,582.596537305222,-3.65053159089537,-0.750231324498059,0.165428847895073,-0.183247551045287,-2.43412623433367,-0.0245347509942508,-0.0454218069343793,106.560285033691,96.931691957022,120.767517708376,122.798624737175
22.8,582.898710475627,-3.60762326633046,-0.683314433184154,0.163467085708144,-0.206416524360044,-2.21725202045675,-0.0222966263612782,-0.0450330527074473,105.777840468559,96.9805813053654,121.240991769884,122.215063996581
22.81,583.200889433609,-3.56465025729796,-0.613464602988632,0.161285868907041,-0.227317920155538,-1.9802253888027,-0.0199647273688949,-0.0443494883350841,104.903525713245,97.1004174533893,121.710082992296,121.508802344899
22.82,583.503080209903,-3.52165093168237,-0.541536708380044,0.158908661334174,-0.245867573092922,-1.74970926063691,-0.0175672680732972,-0.0437456515878622,104.014156303982,97.1860853363881,122.068947859246,120.726818052648
22.83,583.805289009858,-3.47866632466035,-0.468513414765263,0.156358506162172,-0.262139970033397,-1.52387793901769,-0.0151363911387501,-0.0430920555215868,103.159283945586,97.2069905246829,122.268019428167,119.910526678301
22.84,584.107522041272,-3.43573930453725,-0.395181776993501,0.153657937172666,-0.276167397295186,-1.2988470494891,-0.0126978073170073,-0.0422711914921401,102.387072566536,97.1808228302005,122.273185012169,119.08669638922
22.85,584.409785281301,-3.39291290364682,-0.322236653471065,0.150829202061733,-0.288025992541029,-1.09117486303422,-0.0102740922753025,-0.0415645611491915,101.721369949206,97.1063029629481,122.127593466901,118.272563489335
22.86,584.712084464364,-3.35023094328132,-0.250383297876988,0.147892986539976,-0.297884043605258,-0.896441124116477,-0.00788801473857263,-0.040844322307318,101.191261276147,97.0562250799852,121.822676291406,117.446587982709
22.87,585.01442494736,-3.30773688349985,-0.180089701747938,0.144868723405742,-0.305828043610771,-0.706068669830384,-0.00555462294587921,-0.0399993356596688,100.753759857684,97.0382422889129,121.454236686227,116.666056650301
22.88,585.316811504141,-3.26547198270717,-0.111696163658388,0.141775266373896,-0.311936403515259,-0.530390452203138,-0.00328479967997288,-0.0392598334393106,100.455896008254,97.0391759198048,121.014702012048,115.948655905323
22.89,585.619248394629,-3.22347582369307,-0.0456010301029139,0.138630023841001,-0.316381087839111,-0.372065269284879,-0.00109127829295135,-0.038527023781198,100.25134201872,97.0517992425123,120.576524340101,115.339839799997
22.9,585.921739385708,-3.18178649422352,0.0178752443526077,0.135448667705055,-0.319335021061551,-0.229875493196947,0.0010157514200395,-0.0378066520235003,100.21167107834,97.0652005595019,120.072031652852,114.861832423479
22.91,586.224287747817,-3.14044018367631,0.0785250537093535,0.132245312710115,-0.320934104983828,-0.0998664890861475,0.00302963527267881,-0.0370229391296228,100.267564125171,97.1326912407324,119.599258957504,114.491698417984
22.92,586.526896214923,-3.0994706805192,0.136166790565343,0.12903269907338,-0.321347367132335,0.00845725178905444,0.00494456824179968,-0.0363556431501062,100.448301549951,97.2096544749783,119.140853914939,114.266039053357
22.93,586.829567000197,-3.05891023999689,0.190636529389617,0.125821629569897,-0.320751007912648,0.102450223165215,0.00675512896631632,-0.0357264512837167,100.734810870414,97.2538341990607,118.746748682673,114.253697464912
22.94,587.132301786866,-3.01878907195036,0.241894621342625,0.12262134756462,-0.319295835641386,0.183272611880954,0.00845981308656904,-0.0350733234504218,101.03130374361,97.2676764505997,118.542156776434,114.498227787443
22.95,587.435101886356,-2.97913491704686,0.289945192979447,0.119439726178393,-0.317127603539802,0.245114129434492,0.0100585836835438,-0.0345367749560119,101.402202603082,97.2376499126833,118.453813418183,114.978994757107
22.96,587.737968292564,-2.93997341824254,0.334813719581665,0.116282939113027,-0.31440228502171,0.296738865230648,0.0115518316002561,-0.0340503762397759,101.804896870079,97.0906048015501,118.529104259023,115.76896922425
22.97,588.040901765823,-2.90132824462423,0.376559132341465,0.113156116491016,-0.311192022016377,0.342886205536081,0.0129408989184578,-0.0335593816720145,102.075065617351,96.8559505135021,118.905149254554,116.820403268026
22.98,588.343902916718,-2.86322105087598,0.415249276721889,0.11006377804125,-0.30756536489523,0.380441156584579,0.0142275833045008,-0.0331722332682329,102.210821577254,96.5327673679338,119.531217053513,118.05580218297
22.99,588.64697222753,-2.82567173380982,0.450957106897428,0.107009697698758,-0.303584727442658,0.413590391813567,0.0154137968042545,-0.0328376274775622,102.30565491696,96.1275453002182,120.223368224248,119.410733164866
23,588.950110038403,-2.78869831424879,0.483794876977377,0.10399715019536,-0.299296448281963,0.442805951977443,0.0165028290533449,-0.0325194235693124,102.420531912768,95.6854232469523,120.863085141955,120.787669246412
23.01,589.25331647667,-2.75231661350432,0.513907369290573,0.101029013671387,-0.29474263705288,0.465964588598938,0.0174990684544943,-0.0322963061220563,102.402082233398,95.2082808138168,121.614118332991,122.142799336944
23.02,589.556591478191,-2.71654055323991,0.541398382687773,0.0981075588794369,-0.289992277646346,0.482566675147651,0.0184059188413599,-0.0321265073686026,102.182340509676,94.7160513372136,122.493069560249,123.437995294704
23.03,589.859934836422,-2.68138216132677,0.566419266574602,0.0952344249875804,-0.285100291458729,0.494886670917161,0.0192284744970444,-0.0319796365010919,101.812310383507,94.2192718997544,123.404610457175,124.637909648461
23.04,590.163346173487,-2.64685139159262,0.589124910050084,0.0924108289837298,-0.280104122489128,0.503212009146167,0.0199719582470896,-0.0319066895075806,101.387247882771,93.7375927960228,124.236633716186,125.681061379452
23.05,590.466824948475,-2.61295642138546,0.609653321904062,0.0896375816007905,-0.275043991773871,0.507699309175542,0.0206411898389362,-0.0318745598718789,100.957777165423,93.3128310935841,124.929537936707,126.524996977647
23.06,590.770370412363,-2.57970374358978,0.62814427006665,0.0869150799938005,-0.269965545632165,0.507181633258145,0.021241177153805,-0.0318616282942146,100.461909139457,92.9559556489669,125.553465418888,127.181219236022
23.07,591.0739816393,-2.5470982209857,0.64474539224264,0.0842432294186838,-0.2649195881044,0.501734468817432,0.0217772234365435,-0.031896975042131,99.8977270411095,92.6692129311189,126.140523571193,127.647503403993
23.08,591.377657560767,-2.51514327161805,0.659592001790468,0.0816214499895422,-0.259951682606804,0.491676074726169,0.0222542533031833,-0.0319528002452732,99.2763399435236,92.4637293319371,126.685996320326,127.93676555361
23.09,591.681396982698,-2.48384118861733,0.67279848613128,0.0790487078830133,-0.2551050336409,0.478383675084887,0.0226765783890732,-0.0320123179698764,98.6801938608896,92.3647465526121,127.103399570221,128.042342790232
23.1,591.985198604149,-2.45319325418887,0.684496474570511,0.0765236662037682,-0.250400268376721,0.463413601389743,0.0230488815607783,-0.0320859416921345,98.1364382446584,92.3883500278182,127.413679191202,127.958968292661
23.11,592.289061019065,-2.42319983874095,0.694801194795708,0.0740447958093706,-0.245858806981787,0.445719131747834,0.0233752888469956,-0.032150332425236,97.6203105089693,92.5556800636242,127.651675672407,127.705031964011
23.12,592.592982746928,-2.39386064874021,0.703820675152258,0.0716102415807347,-0.241526098688571,0.422161512289559,0.023659676580462,-0.0322083502149656,97.1403901031417,92.8541135489884,127.840949562171,127.299704237738
23.13,592.896962248071,-2.36517478346535,0.711672302316857,0.0692176547338047,-0.237442402970444,0.396805022144307,0.0239061669810472,-0.0322417871210511,96.7078834614627,93.2783313825794,127.980720625088,126.771172610535
23.14,593.200997963306,-2.33714096695364,0.718452259216489,0.0668645030254781,-0.233613129761949,0.371349735703233,0.0241181262565454,-0.032239806405351,96.3306436221923,93.8459839649807,128.066887241125,126.115328043311
23.15,593.505088319513,-2.30975776607621,0.724241958361688,0.0645482418589942,-0.230036749136806,0.346605086126251,0.0242984054857291,-0.0321939486835274,96.0634186928172,94.5614485258849,128.059531665294,125.326626726981
23.16,593.809231743673,-2.28302364348129,0.729125789033992,0.0622664019028308,-0.226701586633617,0.323207522415926,0.0244498126031689,-0.032100053530491,95.8891471498393,95.3853804790245,127.984514584784,124.467619673435
23.17,594.113426662589,-2.2569370045043,0.73317570369791,0.0600166559967792,-0.22359110138256,0.301754884777255,0.0245747381898588,-0.0319457861171534,95.7885654638834,96.2854607551471,127.881336070734,123.564922188133
23.18,594.417671525934,-2.23149624129797,0.736456316005401,0.0577968713413546,-0.220684124632405,0.282550126431078,0.0246753064618744,-0.0317341668933562,95.7441711321142,97.2426725966255,127.759200249173,122.649811339849
23.19,594.721964817221,-2.20669975585698,0.739025055706025,0.055605145346545,-0.217955323650414,0.266195448478111,0.0247533758391836,-0.031450269251874,95.7558961721915,98.2294532847649,127.628225037999,121.736755867685
23.2,595.026305063203,-2.18254593894907,0.740934014112269,0.0534398585277939,-0.215374914386931,0.252891747087676,0.0248106032975024,-0.0310957359735315,95.8159195469731,99.2252927746967,127.487095155161,120.84614237814
23.21,595.330690835312,-2.15903316622958,0.742225560327502,0.0512996966184907,-0.212912337946941,0.242577506192087,0.0248483110903443,-0.0306776897451501,95.9161516712859,100.209761125878,127.333412087889,119.995393544891
23.22,595.635120748451,-2.13615981318916,0.742933510470787,0.049183649624627,-0.210536004708704,0.235659463906289,0.0248675289560229,-0.0301784457852584,96.0568675239949,101.158465525506,127.169890437572,119.191269035211
23.23,595.939593464974,-2.11392420409739,0.743087795067534,0.0470910459058261,-0.208211456640196,0.23211954818039,0.0248691472212355,-0.0296156511436106,96.2256530637526,102.056343360449,126.992675487311,118.449068023847
23.24,596.244107689452,-2.0923245813671,0.742712050938991,0.0450215540416706,-0.205903675983298,0.232368736657831,0.0248538392005377,-0.0289712321650014,96.4204720839077,102.883195400559,126.805239434398,117.771613849079
23.25,596.548662176455,-2.07135899750461,0.741833415263745,0.0429752234691782,-0.203572929305907,0.236559933188267,0.0248223485911597,-0.0282663677182917,96.5986145737764,103.632756531564,126.63981725461,117.165781280806
23.26,596.853255724744,-2.05102526206341,0.740462639604624,0.0409524726928384,-0.201185972500546,0.243791170043579,0.0247749513621645,-0.0274835674668133,96.7601754559948,104.296844442656,126.487321435931,116.621139742669
23.27,597.157887182374,-2.03132095681461,0.73860396224013,0.0389540281696411,-0.198714151489332,0.25363716011423,0.0247117088923129,-0.0266365137744709,96.9232528155629,104.865153773664,126.31341156099,116.140318241473
23.28,597.462555433205,-2.0122433896969,0.736262606749899,0.0369809147757878,-0.196122675836915,0.267624964933314,0.024632694820915,-0.0257402965532318,97.0928695721261,105.330738410378,126.102888334526,115.725469965225
23.29,597.76725938841,-1.99378946087758,0.733443313398404,0.0350345389945054,-0.193372492475604,0.285906463974598,0.0245379075434377,-0.0247782158834151,97.2707263192137,105.606864772849,125.860358836276,115.464059117736
23.3,598.071997984909,-1.97595555708115,0.730149564613224,0.0331167466445073,-0.190418492186737,0.308072901423527,0.0244273379484393,-0.0237791734367614,97.4475648436496,105.632998590051,125.585661294497,115.403290860049
23.31,598.376770184986,-1.9587375254973,0.72637287392185,0.0312298064206819,-0.187216049558159,0.335294822145082,0.0243006067542977,-0.0227300651654666,97.6210316259759,105.500531466738,125.277337200801,115.439287201681
23.32,598.681574995605,-1.94213059469016,0.722086595499093,0.0293764010833995,-0.18373540727094,0.36377185166367,0.0241567431067436,-0.0216625011283586,97.7777830114254,105.273638652624,124.934631959217,115.512574023027
23.33,598.986411451306,-1.92612965217922,0.717232969056779,0.0275593629352607,-0.179968331496762,0.392926060877978,0.0239937827599565,-0.0205649342070767,97.917929188768,104.97539577663,124.557767777684,115.595095913687
23.34,599.29127860194,-1.91072924668097,0.711771466010734,0.0257816134092768,-0.175905046982891,0.422609613530368,0.0238102826761331,-0.019466145248263,98.0296020948086,104.715735311798,124.150083447332,115.568584575679
23.35,599.596175490925,-1.89592337982219,0.705671409733668,0.0240460482159869,-0.171561401263346,0.449928723047144,0.0236051609639529,-0.0183544380167519,98.1117121396557,104.54896296356,123.717778510406,115.400637859087
23.36,599.901101175667,-1.88170552468176,0.698902594878859,0.0223553970410583,-0.16694919732743,0.476751571071605,0.0233773759479846,-0.0172559627313185,98.166012018113,104.349654670566,123.266333883584,115.228152452494
23.37,600.206054734336,-1.86806868025189,0.691431050722266,0.0207123471540599,-0.162065381441226,0.50442759279116,0.0231257517279675,-0.0161577030275258,98.1954051455508,104.068202689288,122.801774585658,115.09569279424
23.38,600.511035277781,-1.85500538872057,0.683214709588498,0.0191196127445999,-0.15691656773694,0.529826417151642,0.0228488689090737,-0.0150870788344502,98.194825703336,103.70225935975,122.326803789562,115.009443283696
23.39,600.816041945422,-1.84250782822181,0.674219554971152,0.0175797521838267,-0.151515326692937,0.555081008273314,0.022545592940182,-0.0140334746773285,98.1658765073908,103.259091936616,121.843964931634,114.960613404839
23.4,601.121073908784,-1.83056768776257,0.664411764634336,0.0160952427467214,-0.145874783032255,0.577851711043688,0.0222148137225701,-0.0130219070942267,98.1028927319354,102.752080015075,121.356181888103,114.94019254313
23.41,601.426130368253,-1.81917634606763,0.65375303690992,0.0146683467560319,-0.140018339302577,0.598399060332725,0.0218553021040278,-0.0120423070443131,98.00783258997,102.189842789826,120.864847026841,114.939204672378
23.42,601.731210554834,-1.80832476545218,0.642226795352536,0.0133010968408187,-0.133970764868599,0.615901117740635,0.0214665573744483,-0.011117352454717,97.8776809161363,101.581416264884,120.371421689725,114.952465223519
23.43,602.036313724556,-1.79800342759775,0.629829065643861,0.0119951853049607,-0.127774846367791,0.628374980898624,0.0210485143542229,-0.0102363489312594,97.7144199999109,100.936250175943,119.878040406331,114.970794983094
23.44,602.341439168047,-1.7882022858126,0.616573930248387,0.0107518434975412,-0.121474732351899,0.637093021933649,0.0206017094822675,-0.00941022099950151,97.5028913383497,100.265567085066,119.401440263962,114.985946747473
23.45,602.646586207572,-1.77891081197334,0.602472687220886,0.00957190274527927,-0.115110519662021,0.641187462193435,0.0201266359518397,-0.00864820746341806,97.2499470599141,99.6062669879011,118.929837528679,114.958322857399
23.46,602.951754199382,-1.77011816781664,0.587536458776142,0.0084557504693327,-0.108727119354602,0.641210066385808,0.0196237670452944,-0.00793694557024749,96.9671076560272,98.9572599712551,118.454721462346,114.892552428379
23.47,603.256942526077,-1.76181320028465,0.571801634328759,0.00740336165686913,-0.102365113750234,0.636887826075115,0.0190944034241378,-0.00729098590175969,96.6597000362232,98.3060542806029,117.97276020927,114.804064580215
23.48,603.562150592584,-1.7539843168561,0.555323770032426,0.00641428498424189,-0.096066648129769,0.628481873563124,0.0185404804480997,-0.00669603509125686,96.3340505065677,97.6481620581118,117.482023785661,114.698341197967
23.49,603.867377827762,-1.74661946562992,0.538168667672273,0.00548764117518882,-0.0898778018568919,0.61528536173303,0.0179642718169904,-0.00616438878353097,95.9927949320577,96.9842325513819,116.982561885161,114.578478782764
23.5,604.172623691893,-1.73970626890809,0.520404396839129,0.0046221053221852,-0.0838373435369046,0.59877214096858,0.017368114597825,-0.00568015685618484,95.6399618928939,96.3200358595114,116.473719393358,114.43885555141
23.51,604.477887675604,-1.7332319737342,0.502114632539573,0.00381600788564967,-0.0779797486647564,0.578746850564999,0.0167548528315099,-0.00525295522553565,95.2761192759176,95.6762377342134,115.955260467248,114.259574660127
23.52,604.783169295776,-1.72718357009606,0.48337987859777,0.00306734738681951,-0.072334107210992,0.55636009317072,0.0161272083157009,-0.00486674033131509,94.9034340993376,95.051075253361,115.428200575733,114.045632830207
23.53,605.088468094145,-1.72154781173832,0.464290058549139,0.002373865337212,-0.066927251734231,0.530917849473371,0.0154882011841707,-0.00452968345198027,94.523480173849,94.4376136371447,114.893466527872,113.80634793918
23.54,605.393783639724,-1.71631122988524,0.444944038560459,0.00173301394061009,-0.0617863621548606,0.503212476808322,0.0148411369089966,-0.00422564938295381,94.1397383740862,93.8323611196276,114.349905288082,113.545929053964
23.55,605.699115527553,-1.71146012810679,0.425442092582871,0.00114203659882082,-0.0569273441548443,0.474492125663127,0.0141893492337745,-0.00396046664349419,93.7528084596328,93.234750089544,113.798529098003,113.265691892152
23.56,606.004463375552,-1.70698070336916,0.40588172079878,0.000598065286520253,-0.0523583555621109,0.445043676910584,0.0135360703825507,-0.00371816777077391,93.3641540729891,92.6524950856574,113.239077968198,112.957256228441
23.57,606.309826822224,-1.70285898746709,0.386366742360306,9.81601789982666e-05,-0.0480865712670431,0.414970052791778,0.012884732885036,-0.00350440793069263,92.9736151679425,92.1039141196692,112.672909776339,112.603989557775
23.58,606.615205517153,-1.69908096632009,0.366985764891006,-0.000360660812387528,-0.0441110974671761,0.385638237278282,0.0122382494513229,-0.00330405480347643,92.293056460861,91.2908275438851,111.718486398244,111.830977572809
23.59,606.920599016452,-1.69563264245436,0.3478283313703,-0.000781336229691365,-0.0404295179701543,0.356034960461199,0.0115995631140698,-0.00312234384978391,91.5677740910922,90.450918584138,110.738676410048,111.01255010604
23.6,607.226006813921,-1.6924999966552,0.328987565990405,-0.00116679547990824,-0.037036397569357,0.327989009378212,0.0109717211572495,-0.00294569101248164,90.8967167587061,89.6756080693994,109.818443854379,110.241484036032
23.61,607.531428449318,-1.68966898620342,0.310546795635615,-0.0015198222555595,-0.0339135563210801,0.301654035671228,0.0103574312228943,-0.00277881056922104,90.283337301151,88.9667760913188,108.966217408984,109.526583120823
23.62,607.836863510924,-1.68712566110784,0.292574529020425,-0.00184303190763253,-0.0310445757541783,0.277075209924014,0.00975891721735491,-0.00261084516869996,89.7177085464495,88.3173693518343,108.170454883933,108.853054881615
23.63,608.142311630469,-1.68485617380002,0.275133260458536,-0.00213886734732176,-0.0284127198217484,0.254037203414616,0.00917820916923457,-0.00244726341480187,89.1845805798421,87.733230108146,107.413636624415,108.181309677414
23.64,608.447772468451,-1.68284686288259,0.258273806808805,-0.00240960370328579,-0.0259986459188242,0.23340288137893,0.00861694252238476,-0.00227857580892668,88.6731366338883,87.1956216942375,106.685152701097,107.511560204401
23.65,608.753245706552,-1.68108421520005,0.242044730896979,-0.00265728678377148,-0.0237792786211083,0.214772733894871,0.00807667509195912,-0.00211071362796993,88.1763132720919,86.6853097347482,105.978014394967,106.847658240124
23.66,609.058731046121,-1.67955491950228,0.226480588441029,-0.00288376472667285,-0.0217364979289554,0.19805083117416,0.00755851184404852,-0.00193694175023482,87.6891764874127,86.1906271187732,105.28583014568,106.19070693364
23.67,609.364228201528,-1.67824588624655,0.211609160561832,-0.00309068564207128,-0.019848400525153,0.183713079777996,0.00706333563203549,-0.00176342956798555,87.2141520718161,85.7056262537583,104.599047183541,105.539301939784
23.68,609.669736896119,-1.67714426997177,0.197449986074358,-0.0032794569205251,-0.0180891191956171,0.172001683976287,0.00659175017903126,-0.00158524027521383,86.7565726987348,85.228841996917,103.91128540403,104.893956639019
23.69,609.975256861344,-1.67623749357477,0.184008179192323,-0.00345123609047543,-0.0164365440728676,0.162022889818057,0.00614389218593351,-0.00140968034816144,86.3098988838977,84.7664089193112,103.233450988703,104.250997509255
23.7,610.280787833393,-1.6755133406462,0.171276321358339,-0.00360702351654153,-0.0148803973447705,0.152595339156427,0.00571950851260757,-0.00123349748598666,85.8692191941106,84.3384939514273,102.568848717854,103.590903525801
23.71,610.586329552588,-1.67495998347571,0.15924245595426,-0.00374774802180949,-0.0134136922683931,0.144055419441312,0.00531819589580398,-0.00106031705239199,85.4360680129992,83.9368948330952,101.923566087025,102.931242923191
23.72,610.891881765511,-1.67456602417272,0.147888696386675,-0.00387425377706987,-0.0120274635163152,0.136412002615288,0.00493935888584071,-0.000892951747462823,85.0114843886825,83.5497544608515,101.301161501761,102.28744187002
23.73,611.197444223259,-1.67432048432151,0.137198717517276,-0.00398728554542595,-0.0107099656315463,0.130098764457083,0.00458245367398743,-0.000728637490008364,84.5706055323564,83.1473507404833,100.673555603546,101.637100106949
23.74,611.503016624551,-1.67421276962205,0.127150844924037,-0.00408746964804159,-0.00945171998368025,0.124297833705477,0.0042467673034846,-0.000572746236365661,83.6580122572812,82.2795272802831,99.4937368689195,100.425391985154
23.75,611.808598472306,-1.67423273843805,0.117715504379564,-0.00417537910392172,-0.00824941764618364,0.118767015442231,0.00393133661885017,-0.000423499010183582,82.8207251344542,81.4867542382525,98.4190832869945,99.3198864035835
23.76,612.114189304678,-1.67437070484552,0.108863854557843,-0.0042515643568691,-0.00710213417395639,0.113164974119434,0.00363522445991789,-0.000284818575244521,82.0871446483033,80.7957426383112,97.480384457378,98.3517540191594
23.77,612.419788721706,-1.67461744732683,0.100565937034167,-0.00431657879389585,-0.0060100590363768,0.107661226899961,0.00335745991736637,-0.000154377399350468,81.4494035435264,80.1989813547746,96.6673088040302,97.511347845132
23.78,612.725396384792,-1.67496419987676,0.0927925881854365,-0.00437096628103612,-0.00497175525114004,0.102311977120785,0.00309709831491706,-3.48884250693927e-05,80.8855150866968,79.676233550896,95.9536281386504,96.7688101385053
23.79,613.03101200274,-1.67540264179691,0.0855163629115222,-0.00441525324167104,-0.00398510303079551,0.0971301283912305,0.00285325495114136,7.58460871824267e-05,80.3682672951967,79.2177106795661,95.3081455304563,96.0761764802061
23.8,613.336635313668,-1.67592487960938,0.0787087943437859,-0.00444995510209134,-0.00305047423959294,0.0917948921887148,0.00262501107297938,0.000175598829606906,79.8795341820202,78.8004715493243,94.7106575297628,95.4188527884209
23.81,613.642266074117,-1.67652346600702,0.0723414142236163,-0.00447559783800405,-0.00216852909217958,0.0864937316199502,0.00241144743287642,0.000266267978434948,79.4082071835111,78.4029861437804,94.1467099455986,94.7936556785795
23.82,613.947904055255,-1.67719137858559,0.0663880803011114,-0.00449270604611448,-0.00133905687768931,0.081150350130145,0.00221171894945858,0.000346475896077384,78.947194426147,78.0123141525638,93.6068543775678,94.1953602274986
23.83,614.253549038757,-1.67792201088915,0.06082373072932,-0.00450180878441612,-0.000562768290934204,0.0757595327588376,0.00202501506900532,0.000417911877509187,78.4921721507807,77.6232349302024,93.0847652536382,93.6194430672836
23.84,614.559200814943,-1.6787091542897,0.0556248799717736,-0.00450343931048307,0.000160074723684939,0.0703409425117636,0.00185057402706597,0.000479880569288128,78.0415151496775,77.2341576323313,92.577484878154,93.0616571605824
23.85,614.864859180822,-1.67954699768791,0.0507682901949961,-0.00449813276888091,0.000829576858808884,0.0649879889736204,0.00168763932420603,0.000534033691424861,77.5943445097408,76.8455557945423,92.0828438643977,92.5195871964155
23.86,615.170523938205,-1.68043011376468,0.0462323492115836,-0.00448641908233295,0.00144628715846763,0.0596607075101946,0.00153550452439696,0.000580132051522922,77.1512937252848,76.4581384807799,91.6002727560924,91.9915119106461
23.87,615.476194892769,-1.68135344583687,0.0419969971162936,-0.00446882447638828,0.00201074316970429,0.0544546838275754,0.00139351124235001,0.000619539956387767,76.7131182711124,76.0732058346771,91.1290913558329,91.4772810927273
23.88,615.781871855228,-1.68231228740653,0.0380436247315503,-0.00444586396461094,0.00252431292190872,0.0493766782948181,0.00126104495036291,0.00065233925477784,76.2808041586321,75.6912374634418,90.6690756981049,90.9761285846217
23.89,616.087554640381,-1.68330227435092,0.0343540280890716,-0.00441803896344396,0.00298848475781858,0.0444665775300309,0.00113750173865179,0.00067956561441545,75.8548179487357,75.312960361598,90.2193374241747,90.4879295514356
23.9,616.39324306642,-1.68431937366784,0.0309105401124092,-0.00438583566435049,0.00340466961525292,0.0397197182422996,0.00102229262092149,0.000701413521692529,75.4401953950363,74.9380205377616,89.773488670431,90.011297285262
23.91,616.698936953195,-1.68535987154408,0.0276971274521867,-0.00434972181136573,0.00377525775223798,0.035236080029225,0.00091487768889716,0.000718620200934185,75.0391191791,74.5672020010543,89.3307087283466,89.5468233040143
23.92,617.004636121934,-1.68642035221678,0.0246985209095277,-0.00431014097303134,0.00410243669638164,0.030953795407936,0.000814741067981771,0.00073153911541312,74.6494806190433,74.2023332653234,88.8969870581383,89.0957010290577
23.93,617.310340397315,-1.6874976867033,0.0219001235577137,-0.00426751638799887,0.00438822353707838,0.0268815296614938,0.000721387986535282,0.00074066860754293,74.2698180476767,73.8444302075868,88.4740170459447,88.6582185317778
23.94,617.616049608096,-1.68858901707278,0.019288482825949,-0.00422225040687122,0.00463478398277234,0.0230393162448642,0.000634360119313793,0.000746545552452814,73.8997823059887,73.4935401336478,88.0622714083338,88.2336656423999
23.95,617.92176358712,-1.68969173819418,0.0168512713877509,-0.00417472249769819,0.0048444764070112,0.0194372945019334,0.000553235328844138,0.000749451970118812,73.5389558477442,73.1498896305226,87.6610570581772,87.8215926932575
23.96,618.227482171476,-1.69080348115434,0.0145769731580058,-0.00412528887680155,0.00501949742656734,0.0160223544269314,0.000477618019560418,0.000749979620471193,73.1873540226022,72.8130005592996,87.2698268658785,87.4212074512488
23.97,618.533205202845,-1.69192210124188,0.0124546264889463,-0.00407428570761525,0.00516199632081389,0.0129032145145736,0.000407129308100939,0.000748147525307984,72.8446533872143,72.482925678309,86.8872680722892,87.0315151086478
23.98,618.838932526942,-1.69304565954179,0.0104746497884275,-0.0040220211817273,0.00527502866485301,0.0100608601945091,0.000341435173396357,0.000744429752035481,72.5100590953174,72.1586958098661,86.5118803212005,86.6509010524003
23.99,619.144663990684,-1.69417240699364,0.00862775492227391,-0.00396877596163935,0.00536113546231359,0.00746861756805842,0.000280213375537377,0.000739359727844934,72.1839023111084,71.8408377660344,86.1438552276023,86.2789724610369
24,619.450399443103,-1.69530076927214,0.00690551476766721,-0.00391480623676518,0.00542262738560851,0.00508884328369099,0.000223171435159977,0.000732732096098769,71.8666271200252,71.5307059324011,85.783477799571,85.9158426530863
24.01,619.756138694124,-1.69643466385633,0.00264319872121074,-0.00386668155947236,0.00289813159097293,-0.599327573241768,8.57731556021576e-05,-0.00880787192346655,71.7076846165584,71.0793260608958,85.3726836110644,85.6291892051183
24.02,620.061880726188,-1.69764288255667,-0.00784234652484986,-0.00387729781087987,-0.00509796510048655,-0.985771159666284,-0.000248643583744232,-0.0137836045198679,71.9517525751332,70.4087862812798,84.7409522002458,85.8703680259152
24.03,620.367624086354,-1.69898200810887,-0.0197799011542239,-0.00398609182025708,-0.0161855307552748,-1.24126791588296,-0.000625732283445668,-0.0179957172701002,72.469223710475,70.0671659067186,84.5276822701254,86.3931286435719
24.04,620.673367448904,-1.70048754377861,-0.0311399222904582,-0.00421842601647509,-0.0294210470469093,-1.4169973866664,-0.000979787914229062,-0.0215003044152982,73.3086981033396,70.2070449269774,84.8276989467259,87.2634929802649
24.05,620.979109751538,-1.70218591967744,-0.0406577551722946,-0.00459172133809562,-0.04410822374877,-1.53382683512394,-0.00127009628009788,-0.0244829003835028,74.3443215145529,70.7994511362111,85.7261165798067,88.4780103537009
24.06,621.284850249287,-1.70409830691525,-0.0475362853794659,-0.00511743115591451,-0.0596951865840679,-1.59647065737692,-0.00147122986445403,-0.0269056958953206,75.4681987544816,71.7111577253176,87.0572337790441,89.910878798431
24.07,621.590588507924,-1.70624214341458,-0.0512901052845281,-0.00580183094617168,-0.0757406576391085,-1.62868823927953,-0.00156795109024791,-0.0291148443523058,76.5856063718511,72.7710236640172,88.5816973414666,91.3938563640368
24.08,621.8963242055,-1.70863396026348,-0.0517940197342007,-0.00664798362072133,-0.0919629845095243,-1.63121526761635,-0.00155668836266169,-0.0310129150907196,77.6307425485091,73.8367602484304,90.1059672838682,92.8044807417051
24.09,622.202057022226,-1.71129004921765,-0.0490574304258109,-0.00765624229422822,-0.108157363418977,-1.62662219140598,-0.00143821074058845,-0.0329818154012334,78.5648155234577,74.8286173985367,91.5298389040511,94.0801292008745
24.1,622.507786449581,-1.71422855119124,-0.0433081833579821,-0.00882600877630806,-0.124243433564576,-1.6079154313173,-0.0012202833183977,-0.0348141155444803,79.4278182940555,75.720142613417,92.7981309339983,95.2341264996847
24.11,622.813511770428,-1.71746895390267,-0.0347303257927248,-0.01015548551995,-0.140134010447307,-1.59161864739491,-0.000909219207596473,-0.0368927760749765,80.2431434779265,76.5667589234748,93.984407948034,96.3084664617853
24.12,623.119231957384,-1.72103320437841,-0.0236199619552101,-0.0116429050684173,-0.15582967799024,-1.5670563738385,-0.000514861079945531,-0.0388826330453411,81.0675126168772,77.4457002982539,95.1849840035514,97.390922266553
24.13,623.424945766654,-1.72494464274841,-0.0101875908188603,-0.0132859558421048,-0.171306603277209,-1.5504922578534,-4.4249361889785e-05,-0.0411693494371882,81.9536480614218,78.4082334931999,96.4913454664503,98.5888823267631
24.14,623.730651659901,-1.72922899661165,0.00530990733531748,-0.0150827980512712,-0.186580379020641,-1.52385093462651,0.000494146748609554,-0.0433103332111845,82.7687142139457,79.2717220571683,97.6657324894893,99.687871173017
24.15,624.036347881808,-1.733912416291,0.0227771492563921,-0.0170308621276921,-0.201588621745139,-1.49967667595391,0.00109709650835855,-0.0457196879506783,83.4967903970429,80.0445478621396,98.8187881596227,100.783665855799
24.16,624.342032294982,-1.73902209108953,0.042070065732548,-0.0191275329347675,-0.216289308903915,-1.45934375237282,0.00175982513876473,-0.0478869030276647,84.3653234584388,80.9568229007658,100.106004255447,102.046743741587
24.17,624.647702682953,-1.74458428278203,0.0631791061655602,-0.0213689039324761,-0.230572429396736,-1.41805061282742,0.00248185704311383,-0.0502816397175926,85.3397728904892,82.0867560237449,101.616847713778,103.468067042663
24.18,624.953356643018,-1.75062525914484,0.0859998354157643,-0.0237506712921281,-0.244368208868554,-1.35864996335913,0.00325965192243752,-0.0523469824714757,86.4242964251976,83.4236160470264,103.370475693821,105.081055869398
24.19,625.258991791008,-1.75716951166908,0.110552705401014,-0.0262670171298399,-0.257545493747115,-1.29598536616274,0.00409367723052008,-0.0546153084872908,87.5743744828731,84.9415071340409,105.400299141574,106.909242488731
24.2,625.564605614563,-1.76424071475218,0.136728734692795,-0.0289115254017141,-0.270024495950049,-1.21636379132445,0.00498021625379355,-0.0564946479918774,88.8078930315182,86.6173775882978,107.662110949007,108.939155610376
24.21,625.870195692123,-1.77186055287412,0.164498334295618,-0.0316763850800084,-0.28169534272954,-1.13556394153379,0.00591814699805586,-0.0585784834673572,90.1133837395087,88.443121366234,110.105476713832,111.134452831373
24.22,626.175759472785,-1.78004971097823,0.193704880280389,-0.034553394320866,-0.292505133960271,-1.0424754661912,0.00690215446435888,-0.0602379827468368,91.1137102373356,89.9780348184159,112.138224084867,112.875750169548
24.23,626.481294281314,-1.78882703378082,0.22427167847176,-0.0375333996129691,-0.302391311202807,-0.95146593400353,0.0079294838601421,-0.0621150119451172,91.5639105202407,90.9708735765779,113.54777545617,113.929411257046
24.24,626.786797078085,-1.79821021399042,0.256023519330373,-0.0406072282694834,-0.311338946035239,-0.852661092614044,0.00899425279604287,-0.0635398244408078,92.051024380722,91.968913919682,115.017460392929,115.091846501879
24.25,627.092264855701,-1.80821528675899,0.288831213166383,-0.0437651651807019,-0.319319599420214,-0.759138826742179,0.010092055990217,-0.0651936158250978,92.5167734762201,92.9679251535699,116.614468496124,116.392714829212
24.26,627.397694516322,-1.81885721456296,0.322530315111412,-0.0469978572182849,-0.326370132653796,-0.663509600763519,0.0112174242333057,-0.0663690029996026,93.0384843921402,93.9728768548632,118.26453890963,117.810386646334
24.27,627.70308315723,-1.83014920114487,0.35699649501578,-0.0502958568800147,-0.332483680261057,-0.572313728945808,0.0123661342432771,-0.0677773947300426,93.5362980558432,94.9840945459703,120.015726010636,119.331451631752
24.28,628.008427852989,-1.84210354290231,0.392037459758494,-0.0536500345822217,-0.33768692728543,-0.479409737091701,0.0135318000430835,-0.0686772724395767,94.0702052854522,95.9926582150589,121.788773702687,120.918208165892
24.29,628.313725856715,-1.85473125056808,0.427500877496986,-0.0570512286339923,-0.341989420410373,-0.392845238504315,0.0147093361701933,-0.0698131464053055,94.5515352242313,96.9851654502374,123.629529161491,122.560878540989
24.3,628.618974382254,-1.86804252525919,0.463190730036057,-0.0604907870981112,-0.34544666107423,-0.309408312557336,0.0158923238173887,-0.0708119733405827,95.0157627518483,97.9831824305032,125.480267901049,124.203772735647
24.31,628.924170688202,-1.88204669080081,0.498963712442581,-0.0639604177709943,-0.348084536082651,-0.227781561839362,0.0170760080707004,-0.0712596335396252,95.4961117355127,99.0130379189339,127.307685004381,125.803880387803
24.32,629.229312268818,-1.89675178095898,0.534685448665635,-0.0674520615336031,-0.349940105419131,-0.153098013039887,0.0182560048411814,-0.0719446582219091,95.875665709384,100.043725616712,129.190504418091,127.374488566465
24.33,629.534396609001,-1.91216510783658,0.570200705394149,-0.0709583171102885,-0.351082868404986,-0.0833303254699246,0.019427368864808,-0.0720593443543497,96.2734650282298,101.110289224883,130.991697630476,128.842042570361
24.34,629.839421376118,-1.92829297045678,0.60538770752717,-0.0744722717437284,-0.351558307189982,-0.0200253176188959,0.0205862087654535,-0.0724067000390276,96.6113360046573,102.172636730008,132.76475372676,130.243592286769
24.35,630.144384243927,-1.94514091719351,0.640138914683047,-0.0779876828235385,-0.351440963937116,0.0371334648960664,0.0217291308494379,-0.0721601722315203,97.0354693804062,103.274911934102,134.338855225624,131.486112943556
24.36,630.449283061807,-1.96271351885823,0.674354561153965,-0.0814988920712395,-0.350782861665351,0.088078658397242,0.0228530291422989,-0.0721381521730328,97.4259231355571,104.416347690028,135.827116483677,132.585671107432
24.37,630.754115638788,-1.98101476656708,0.707940380545406,-0.0850009090512469,-0.349661551306471,0.131183393694508,0.0239550187179373,-0.0719253572543396,97.8184527837244,105.594210452961,137.223948494214,133.559133302206
24.38,631.058879860455,-2.00004791341902,0.740828127823371,-0.0884894134670377,-0.348123249174392,0.172319457988675,0.0250330306192414,-0.0710820915417372,98.2684229368599,106.812211577795,138.491979819257,134.398479459075
24.39,631.363573822545,-2.0198155929405,0.772948495309481,-0.0919603960605414,-0.346207684622696,0.206749033371192,0.0260849604181407,-0.0704517808333517,98.6607002573565,108.037487011746,139.726583983735,135.143805086987
24.4,631.668195643069,-2.04031987452962,0.804246920925789,-0.095410423775536,-0.343969422259244,0.237738318785813,0.0271092076242237,-0.0696105546446939,99.0545636720908,109.275488397509,140.871580574062,135.775033165055
24.41,631.972743527695,-2.06156240634706,0.834655856098432,-0.0988364209968983,-0.341433760029751,0.266526432850119,0.0281037000235549,-0.0681164471027625,99.5145204061526,110.540883466901,141.873081022502,136.266752002952
24.42,632.277215883848,-2.08354451660131,0.864121685089525,-0.102235598762032,-0.338641271759896,0.2896033617878,0.0290668290275059,-0.0668280405638109,99.9228838216128,111.798222697872,142.822922152899,136.65978580794
24.43,632.581611159024,-2.10626719157408,0.892604704060828,-0.105605622559484,-0.335624319607469,0.311988481363164,0.0299974202223927,-0.0648806558995291,100.402804374185,113.064057234254,143.605370526132,136.905041230564
24.44,632.885927992839,-2.12973108527902,0.920060647160647,-0.108944301548867,-0.332397267263595,0.331819973712953,0.0308941164602683,-0.0631319657390696,100.830661545597,114.304488101226,144.318603521744,137.04417290498
24.45,633.190165025098,-2.1539366902194,0.946443157846577,-0.112249680087174,-0.328985163574912,0.349465696900583,0.0317555005572015,-0.0611535187618959,101.269332867733,115.521302551579,144.904604247873,137.059876489621
24.46,633.494320999752,-2.17888422564623,0.971738887876583,-0.11551998518869,-0.325394959226265,0.368299741328128,0.032581177564173,-0.0585080371880054,101.78767595298,116.71917706538,145.305901599589,136.934249879473
24.47,633.79839493501,-2.20457343994214,0.995928628847652,-0.118753396467578,-0.32162588588581,0.385616621475363,0.0333705515477935,-0.0560579248748921,102.25760059528,117.85323870997,145.613262463591,136.712806052555
24.48,634.102385861805,-2.23100392169127,1.01897376486477,-0.121948157630336,-0.317677514032716,0.404483616979135,0.0341223783449308,-0.0533769657581441,102.749756022456,118.914853765562,145.756011641797,136.380688585191
24.49,634.40629294731,-2.25817492250907,1.04087129042758,-0.125102351490562,-0.313519630869119,0.428281404304997,0.034836492017366,-0.0500360932082052,103.314906605452,119.902452747889,145.69467282811,135.923324933847
24.5,634.710115685478,-2.2860850188489,1.06161779426367,-0.128213671184681,-0.309125159539381,0.451887388209344,0.035512713338924,-0.0468958266002734,103.802565581071,120.76767448908,145.535803731655,135.386442196998
24.51,635.013853581815,-2.31473239967929,1.08117576626594,-0.131279725916467,-0.304481270918377,0.478976308292577,0.0361497709037576,-0.0435388679837568,104.27157392502,121.504742539142,145.221717797047,134.755282059452
24.52,635.317506270427,-2.34411471701982,1.09954627250601,-0.134297732184506,-0.29952272768496,0.515659347842614,0.0367475611125421,-0.0395493983781357,104.780580384241,122.119005474615,144.711302335437,134.017973579635
24.53,635.621073752821,-2.37422854238268,1.11672832074799,-0.137264080202071,-0.294180262193433,0.555546675125362,0.0373058992136306,-0.0357805384853914,105.181725322343,122.571484878181,144.113556789829,133.223191180725
24.54,635.924556073213,-2.40506980194943,1.13266282656517,-0.140174710593409,-0.288402122731903,0.603476054031363,0.0378227307599784,-0.0318321996614157,105.533477159626,122.863618639244,143.377111643898,132.358894953496
24.55,636.227953512407,-2.43663343223497,1.14735490587324,-0.143024696444102,-0.282065034062005,0.668394447404282,0.0382979804460419,-0.0273120847587414,105.87802971512,123.002727547938,142.459471336983,131.396748658188
24.56,636.531266888562,-2.4689124326149,1.16080851823976,-0.145807613801685,-0.275038927426742,0.740899777664396,0.0387315169678266,-0.0230645441511077,106.041770133366,122.952953678704,141.475040774869,130.365678299879
24.57,636.834497108329,-2.5018984745554,1.17293288739264,-0.148516108201318,-0.267222514332959,0.82781718351664,0.0391202013386329,-0.0187181363988246,106.096200561764,122.735990603078,140.381358134904,129.264169782513
24.58,637.137645288789,-2.53558144633117,1.18368235391311,-0.151141429774292,-0.258456722236723,0.931749081106641,0.039462268952617,-0.0143060999499266,106.04963908644,122.359367783572,139.197981751643,128.126609153687
24.59,637.440712897688,-2.5699487887672,1.19305840654675,-0.153672928788739,-0.248495674386453,1.06922199499795,0.0397573329429676,-0.00948839319184702,105.952089745268,121.709532380206,137.920409818411,127.105269128393
24.6,637.743702067042,-2.6049840309883,1.20101307249878,-0.156097105401963,-0.23711778341469,1.21330420687956,0.040003431763339,-0.0050986088307189,105.676427009245,120.911544122217,136.659577823967,126.089953175746
24.61,638.046614951531,-2.64066894032819,1.20722352432663,-0.158399594082185,-0.224282075228179,1.36315706138213,0.0401897778890205,-0.000816733426385753,105.299184793668,120.206411240363,135.387899502981,124.911950068557
24.62,638.349453868514,-2.67698382269787,1.21143878180536,-0.160565305286724,-0.209867683621036,1.53237055433126,0.0403078758386704,0.0036747307738901,104.896444809994,119.471697326364,134.102978315925,123.765046437487
24.63,638.652221571664,-2.71390657883966,1.21331144081104,-0.162577696810933,-0.193814945581428,1.68867789549832,0.0403461388075771,0.00759606572522291,104.365105374594,118.662384314852,132.920781450082,122.740469634175
24.64,638.954920531466,-2.75141595618099,1.21219866626041,-0.164421123291274,-0.176240086208435,1.83813233407943,0.0402835662897221,0.0112656083892359,103.769803686684,117.780386903064,131.824164269548,121.876582665005
24.65,639.257553097128,-2.78949161636773,1.20759682867549,-0.166080722180796,-0.15721447179519,1.97876186245107,0.0401037313887516,0.0146705713258028,103.139282756403,116.85679151977,130.816101479776,121.172799608681
24.66,639.560121648303,-2.82811339800345,1.19911772271543,-0.167542298279237,-0.136758844192586,2.1262360226206,0.0397939844512558,0.018125897829847,102.515706478458,115.929383281656,129.870255619128,120.595601626256
24.67,639.862628853648,-2.86725968154759,1.18643381399721,-0.168791599322252,-0.114973429730206,2.23956002034798,0.0393437780512517,0.0209780794744132,101.845337700652,115.01275415678,129.031542245739,120.138629160065
24.68,640.165077298572,-2.90690940421856,1.16909440299522,-0.169817260368741,-0.0921713727946632,2.33263088532357,0.0387387664985184,0.023563792303416,101.207647698266,114.086433984177,128.233091826305,119.824085921827
24.69,640.467469667504,-2.94704146818569,1.14692303382494,-0.170609866633336,-0.068445846844955,2.42674562544307,0.0379733506363936,0.0262148027218522,100.624390768843,113.057845220541,127.459150766116,119.740213969756
24.7,640.769809114232,-2.98763216945451,1.11989170014011,-0.171160463272519,-0.0439286401195171,2.48615758569599,0.0370468430479007,0.0283698313333924,100.048808174266,112.105484135996,126.746192999593,119.662432423355
24.71,641.072099023771,-3.02865690903282,1.08787580380178,-0.171463162155321,-0.018956514094361,2.52108292383941,0.0359556324761005,0.0303428272528133,99.5244249006401,111.258594069349,126.045897043291,119.577179938091
24.72,641.374343192349,-3.07008927942077,1.05105625576755,-0.171514442107508,0.00632551571026535,2.55154346336245,0.034705933362444,0.032430672714061,99.049300747918,110.434991816283,125.351079592921,119.550086097439
24.73,641.676546127917,-3.11189880192085,1.00972029907655,-0.171311655711611,0.0317721474150861,2.55191453399791,0.033307409563092,0.0341389869812395,98.5863953456037,109.606594415403,124.697237902708,119.588183593737
24.74,641.978712701673,-3.15405316485253,0.963998273490558,-0.170854797279299,0.0571158205373082,2.53301537296487,0.031764724521332,0.0357361969885017,98.165029501016,108.791339818544,124.047857699554,119.660116534304
24.75,642.280848213818,-3.19651751489438,0.914306096716299,-0.170145749111474,0.082236414273804,2.51092373556405,0.0300917284550007,0.0374649866792396,97.7823206697388,108.046912119496,123.40107493138,119.709266509486
24.76,642.582958625501,-3.23925251585256,0.861116212355486,-0.169187061030911,0.107017746928828,2.46248606041284,0.0283040673464541,0.0388748494847546,97.4218162794232,107.341955269718,122.797546855163,119.769820532214
24.77,642.885050201331,-3.2822166128412,0.804783720619956,-0.167983498687416,0.131262873896641,2.40788670028099,0.0264136260580214,0.0403762389992136,97.1117249404841,106.668075763599,122.211479705924,119.873922927133
24.78,643.187129668016,-3.3253647336325,0.745845928748026,-0.16654071942504,0.154890693446524,2.33798638432967,0.0244381103934664,0.0417461820426688,96.8433098875854,106.029463339654,121.674537478131,120.025095166881
24.79,643.489203976031,-3.36865006716907,0.684286097305129,-0.16486681567969,0.177325664395338,2.15539098232917,0.0223775574762159,0.0413841773133474,96.6640337730362,105.362815400541,121.142438860946,120.281910493217
24.8,643.791279042587,-3.41203485444312,0.619742203656794,-0.162979351999172,0.197777868321376,1.95308790620607,0.0202209741855262,0.0410389608001783,96.6585874892525,104.608457901205,120.460487429594,120.652022285441
24.81,644.09336062698,-3.4554826675277,0.553007050767408,-0.160898591391938,0.216164843720371,1.74097012124401,0.017994541553599,0.0404888709012261,96.7133953745855,103.764537358977,119.692335672184,121.025090400412
24.82,644.395454600947,-3.49895559648454,0.484892197174698,-0.158645514027487,0.232478763309933,1.54116277302173,0.0157249656918624,0.0400860173654283,96.7551845414339,102.93449662005,118.860479008498,121.280617289559
24.83,644.697567025254,-3.54241289994857,0.416302733884827,-0.156240067434849,0.246850801649223,1.35196283507933,0.0134417970382459,0.0396889220587432,96.7310515181979,102.149946535941,118.043249851217,121.397879031589
24.84,644.999703985776,-3.58581181553053,0.347929181983554,-0.153701144379858,0.259357221678198,1.16513396024566,0.0111675450342707,0.0391646995776279,96.6212531930112,101.49579692959,117.302889296888,121.313761988028
24.85,645.30187132994,-3.62910954734281,0.280320824645388,-0.151047211209117,0.270067783928345,0.994484510083684,0.00892003700298251,0.0387765640818579,96.4666129270066,100.939304352372,116.611937712687,121.132413345197
24.86,645.604074678334,-3.6722627296097,0.214057802312587,-0.14829526923814,0.279141475636633,0.835603312772696,0.00671799049087213,0.0383891313235685,96.3486235454986,100.508348531215,115.931733825323,120.836364675573
24.87,645.90631930224,-3.71522835332925,0.149524769914938,-0.145461133364826,0.286674523830351,0.685209849854414,0.00457375384459302,0.0379897171803394,96.2781918353931,100.161544742344,115.298570578087,120.518201571338
24.88,646.208609972284,-3.75796500495841,0.086956836037129,-0.142559876031868,0.292707793572794,0.534225843704517,0.0024948427421058,0.0374783478905469,96.2436852787457,99.9509200303277,114.755880332846,120.133416737449
24.89,646.510950864988,-3.80043410358607,0.0265550188010736,-0.139606319422375,0.297313393680959,0.400924392358524,0.000487672962333536,0.0370691169020942,96.2410189067235,99.822163488936,114.302003426243,119.782962782244
24.9,646.813345709481,-3.84259837187755,-0.0313679933509378,-0.136613690643952,0.300669916395162,0.281640327504388,-0.00143777765751954,0.0366701473881532,96.2468511500748,99.8497185664495,113.97561779452,119.37321892994
24.91,647.115797790501,-3.88442205427826,-0.0866428970018431,-0.133593813561632,0.302897643466041,0.175163085943318,-0.00327606301951473,0.0362790356587531,96.2955198681379,99.9700951225492,113.754896637134,119.006084506909
24.92,647.418309905919,-3.92587131386115,-0.139143672408187,-0.130557236172575,0.304122686953697,0.0783521376749502,-0.00502314022298234,0.0358276580662266,96.3845413098529,100.196929469462,113.667687115927,118.649418267787
24.93,647.720884280339,-3.96691457724452,-0.188817490816341,-0.127513494733055,0.304447616446499,-0.00460301594146092,-0.00667714914924318,0.0354754258522207,96.4571121531873,100.527958679447,113.765344212604,118.363093219485
24.94,648.023522680634,-4.0075220459462,-0.235589521282303,-0.124470739734789,0.304025050852728,-0.0730889755413647,-0.00823543023048382,0.035150937583008,96.4999198636612,100.864364674723,114.099543792947,118.269367662296
24.95,648.326226548917,-4.0476658729364,-0.279473541082067,-0.121435785410018,0.302964435828215,-0.132797949441995,-0.00969823440670125,0.0347949342623723,96.4956685060834,101.238471454941,114.685971285041,118.30103908523
24.96,648.628997002897,-4.0873206798769,-0.32056152363591,-0.118414481811537,0.301369636564251,-0.181383586375578,-0.0110681458592157,0.0345310428727358,96.3897869562808,101.644886912042,115.532681470752,118.481170221788
24.97,648.931834909361,-4.12646308991518,-0.358884244285458,-0.115411614766194,0.299335585591188,-0.221758929322698,-0.0123456516642065,0.03429548568072,96.2054433966094,101.930582489904,116.603108632923,118.935320297518
24.98,649.234740976175,-4.16507138031652,-0.394515016455992,-0.112431256279786,0.296908438219365,-0.26063166982317,-0.0135327374977912,0.0340416001321179,95.9512775321994,102.089515525177,117.84510968973,119.600514696054
24.99,649.537715751386,-4.20312594506877,-0.427562229470377,-0.109477218875386,0.294119626337074,-0.293939750445991,-0.0146324692924747,0.0338643920483378,95.613199834856,102.21176917112,119.193449811777,120.329902149573
25,649.840759630022,-4.24060900915328,-0.458110313365715,-0.106552828286822,0.291017057998105,-0.323702353385405,-0.0156472687498049,0.0337193465379003,95.229436886139,102.349178490029,120.558022393101,121.016868008371
25.01,650.143872802247,-4.27750468958391,-0.486283643831733,-0.103661033513117,0.287633838442733,-0.350123764076638,-0.0165808815266826,0.033573339558265,94.8278950083879,102.352268040145,121.900230049954,121.796069216188
25.02,650.447055262194,-4.31379925187769,-0.51221116624002,-0.100804407114697,0.284018913991692,-0.370293782923777,-0.0174375089904211,0.0334929587552715,94.4127293363455,102.157794901029,123.171500724344,122.707532130361
25.03,650.750306851526,-4.34948078313045,-0.536000260264552,-0.0979849558419142,0.280223539955585,-0.386614737804464,-0.0182208056703253,0.0334405781645989,93.9865772166086,101.815854394054,124.344108813356,123.655825330155
25.04,651.05362725124,-4.38453916907191,-0.55778781706212,-0.0952043054323928,0.276277601077457,-0.400603049164859,-0.0189353963322129,0.0333907646834449,93.5773306682293,101.40783053497,125.376393568783,124.521309753525
25.05,651.357015967657,-4.41896629861829,-0.577718044207339,-0.0924637721366229,0.27222145380417,-0.409140052463466,-0.0195862774558866,0.0333868422079136,93.2178589623375,101.004566169875,126.206358557763,125.243826320701
25.06,651.660472295372,-4.45275569178682,-0.595902683496448,-0.0897641868885541,0.26810128044483,-0.41374117824185,-0.0201775232659879,0.0333998390153689,92.9206080201592,100.543799731201,126.843215186201,125.8932684961
25.07,651.963995352929,-4.48590234163812,-0.612463298649442,-0.0871059912250709,0.263951120930255,-0.41534139123297,-0.0207135421436019,0.0334105883016881,92.6973671808591,100.011154270281,127.29948979322,126.492034011817
25.08,652.267584123606,-4.51840264709446,-0.62750729235901,-0.084489281942186,0.259812047951147,-0.411847343942861,-0.0211983338574511,0.0334411699359516,92.5478086141317,99.4304722876128,127.574396117732,127.041269945953
25.09,652.571237461595,-4.55025403644757,-0.64112789880493,-0.0819137017567788,0.255723729669121,-0.405794933241137,-0.0216354692578185,0.033461868292263,92.4912436649505,98.884783908785,127.674748820298,127.450963036279
25.1,652.874954107598,-4.58145498315148,-0.653436589163756,-0.0793786065782412,0.251712337205139,-0.396718396305067,-0.0220289607057986,0.0334830107474451,92.5619995820952,98.3765640345539,127.577720315634,127.765505380231
25.11,653.178732696275,-4.61200483675732,-0.664529536618771,-0.076883047474501,0.24781231686009,-0.383317060866694,-0.0223823125613098,0.0334869567291328,92.7664757242498,97.8909696095798,127.30986334884,128.014632450636
25.12,653.482571773838,-4.64190370939911,-0.674515564189566,-0.074425620370495,0.244076099864493,-0.365418825956778,-0.0226994218235279,0.0334633021002589,93.0968785232694,97.4342068887858,126.903859202665,128.204431341377
25.13,653.786469838836,-4.67115233073849,-0.683486639314013,-0.0720045385934144,0.240525150556221,-0.346717131685275,-0.0229835511608596,0.0334053251967773,93.5401151226221,97.0224918307642,126.373598628807,128.347884451335
25.14,654.090425370806,-4.69975174861877,-0.691518333940916,-0.0696179310476457,0.237161369243677,-0.328124626812047,-0.0232373782231661,0.0333019486614622,94.1040383758795,96.6614967412112,125.73120402821,128.435289372912
25.15,654.394436832805,-4.72770319134752,-0.698674099996,-0.0672639371935659,0.233981737915714,-0.310247495233737,-0.0234631654255155,0.0331456971232968,94.8067781469535,96.4058911028628,124.953824010106,128.425585087642
25.16,654.698502688747,-4.75500800393232,-0.705019161417786,-0.064940772183709,0.23097511465288,-0.293626633558128,-0.0236630918127112,0.0329307393495758,95.6132760161094,96.2389118411192,124.096068663929,128.34951589464
25.17,655.002621399119,-4.7816676248054,-0.710608099572512,-0.0626467802174539,0.228127442763935,-0.278590018929002,-0.0238389831733324,0.0326583284995392,96.494538073925,96.1340445557571,123.197529836819,128.236606409827
25.18,655.306791441262,-4.80768351977235,-0.715487830085398,-0.0603804705829794,0.225419470816263,-0.265815962395356,-0.023992387828996,0.0323147093021525,97.421953562662,96.0867436810918,122.277562774209,128.10577397667
25.19,655.611011324617,-4.8330571902199,-0.719700328785358,-0.0581405769469635,0.222827463942072,-0.255423911402658,-0.0241246614190294,0.0319092164121013,98.3770670229713,96.0856949710127,121.36312648869,127.957721983328
25.2,655.915279594328,-4.85779015476323,-0.723279546803063,-0.0559260774882543,0.220325288313762,-0.247916137797107,-0.0242368730403713,0.0314265261393191,99.3340322150492,96.1325246530175,120.465744669488,127.79818341317
25.21,656.219594836956,-4.88188398100144,-0.726255655720681,-0.053736240130823,0.217882664301588,-0.243429985650337,-0.0243299471449813,0.0308816463160122,100.276002920935,96.2164318021074,119.605470883901,127.623664244018
25.22,656.523955678173,-4.90534029849164,-0.72865046075446,-0.0515706348071335,0.21546865487177,-0.242253401975285,-0.0244045218990408,0.0302584876311293,101.179857864924,96.3374327212467,118.789040396618,127.437416640978
25.23,656.828360786165,-4.92816083893523,-0.730481416598134,-0.0494291552338645,0.213050702795112,-0.244312916152334,-0.0244610822899078,0.0295668713309397,102.02990861502,96.4863198037798,118.028824692544,127.237158409327
25.24,657.132808868388,-4.95034747600554,-0.731760751857147,-0.0473120295215894,0.210594058137212,-0.24995480238073,-0.02449992982698,0.0288202611156611,102.813124771306,96.6532972720472,117.33366769792,127.02194429941
25.25,657.437298673715,-4.97190226758649,-0.732493728758069,-0.0452198259021443,0.208066274871584,-0.258595904786171,-0.0245211010300419,0.0280016567889176,103.51780200885,96.8081761555515,116.701754504858,126.828652996996
25.26,657.741828996514,-4.99282746541393,-0.732674265351854,-0.0431534122980026,0.205440778424472,-0.269483837732839,-0.0245243272942569,0.0271362097509658,104.140020341488,96.940898657141,116.135129201467,126.644607370939
25.27,658.046398669675,-5.01312553791028,-0.732300790764577,-0.0411139156302441,0.202686356988002,-0.284522008098601,-0.0245094778267618,0.0262069607486717,104.666862473645,97.0765890641064,115.62983222033,126.441653408788
25.28,658.351006556296,-5.0327993753021,-0.731372456894526,-0.0391028305952064,0.199768678665005,-0.302048806139767,-0.0244764290257104,0.025241250857518,105.096423253848,97.2173884424559,115.1882067647,126.204511179345
25.29,658.655651546322,-5.05185217943381,-0.729865131151842,-0.0371219080639264,0.19666618482155,-0.322112311041807,-0.0244242523849945,0.0242244694814688,105.34116936246,97.3669582573402,114.899969452365,125.93630039363
25.3,658.960332553387,-5.07028755796135,-0.727780313946539,-0.0351732262794162,0.193332716500226,-0.347702374290719,-0.0243528736228728,0.0231847869501588,105.343518777461,97.5158708219692,114.810487496054,125.639084598827
25.31,659.265048508795,-5.08810980882436,-0.725104740146234,-0.0332593253223943,0.189730399093115,-0.375870348390563,-0.0242617652937355,0.0221111625432061,105.193925792723,97.6605347821873,114.818377121564,125.312550169358
25.32,659.569798385825,-5.10532368955092,-0.721788182630175,-0.0313829899669272,0.185847071009955,-0.403972760875578,-0.0241492052586177,0.0210359918518663,104.953683243817,97.7910983605161,114.868005193162,124.953954291949
25.33,659.874581185458,-5.12193421857265,-0.717780041763843,-0.0295470648374432,0.181672229625695,-0.434098719224252,-0.0240134626278144,0.0199466287284319,104.646411536459,97.9070543839682,114.931722236705,124.565678689781
25.34,660.17939591962,-5.13794685916584,-0.713032788709973,-0.0277544851769029,0.177210185756118,-0.461595030529406,-0.0238528818969764,0.0188724978161163,104.386839131791,97.9963115019816,114.886690383924,124.150765642616
25.35,660.484241595306,-5.15336741308521,-0.70750464563378,-0.0260079683172559,0.172488898471716,-0.486620131236107,-0.0236660372951456,0.0178008717400219,104.21380089342,98.0604581605559,114.717131990136,123.714188145057
25.36,660.789117234057,-5.16820217429855,-0.701175919409079,-0.0243100282163338,0.167519058462321,-0.511507239563789,-0.0234522351661786,0.0167460232869735,104.009278815444,98.1016309142693,114.549215512461,123.262972105977
25.37,661.094021877622,-5.18245795013673,-0.694011225809085,-0.0226631102847639,0.162311349686976,-0.53448310399617,-0.0232102722961729,0.0157236846789829,103.729417105226,98.1181496144602,114.42732389507,122.801519973959
25.38,661.398954598922,-5.19614179873223,-0.685967933759179,-0.0210695081356657,0.156880421923073,-0.556146942324326,-0.0229387246423494,0.0147212301198315,103.367917264788,98.1116508489335,114.354928679754,122.333427689701
25.39,661.703914503025,-5.20926118159534,-0.67702689968523,-0.0195313660448979,0.151243520872228,-0.575834232656867,-0.0226369546268462,0.0137627754710016,102.935598676864,98.0771491065245,114.324909000229,121.861021828038
25.4,662.008900725667,-5.22182394412941,-0.66715958046838,-0.0180506235222968,0.145423126309392,-0.593123343706468,-0.0223040398360277,0.0128360087584415,102.443287761914,98.0155067890891,114.32467489141,121.385934881562
25.41,662.313912435702,-5.23383824866822,-0.656347705814868,-0.0166289953605092,0.139442437033281,-0.607756990717988,-0.0219394100888136,0.0119627749969876,101.901046424377,97.9228357987645,114.347547126384,120.90977463482
25.42,662.618948828912,-5.24531266326799,-0.644593705783981,-0.0152679121475655,0.133333043830867,-0.619072775673436,-0.0215431966753937,0.0111306781029332,101.315840820381,97.8009191886847,114.385061508988,120.432940244025
25.43,662.924009131571,-5.25625628919065,-0.631911973658861,-0.0139684590913874,0.127135704272757,-0.625250408212937,-0.0211159336751416,0.0103588950989473,100.69744442457,97.6466296704553,114.430652762954,119.95819872434
25.44,663.229092602527,-5.26667865325289,-0.618325845848318,-0.0127312481424278,0.120895359735909,-0.62807735027484,-0.0206584698709623,0.00963260732701437,100.061873672919,97.4481347164567,114.46570393041,119.500084131857
25.45,663.534198535245,-5.27658975013189,-0.603866217068544,-0.0115565225122597,0.11464806052798,-0.626700409226345,-0.0201719284026444,0.00896656741289078,99.442306960277,97.2109216408736,114.457545762873,119.047480827878
25.46,663.839326256062,-5.28599990936602,-0.588565245649616,-0.0104441289056667,0.108432615469936,-0.621933316175605,-0.019657461780435,0.00834591724549342,98.825845461884,96.9456681134573,114.420197267424,118.592416773997
25.47,664.144475118341,-5.29491982096085,-0.572477628206439,-0.00939356440770367,0.102284115446481,-0.613274404374598,-0.0191169621030826,0.00778400133989151,98.2036112534855,96.6573458012952,114.364283781863,118.131019402619
25.48,664.449644500582,-5.30336062972579,-0.555673431876077,-0.00840394588297119,0.0962402694126729,-0.601004580780122,-0.0185528300784853,0.00726535870044246,97.5728900617765,96.3513409216773,114.292727495712,117.66128678866
25.49,664.754833806481,-5.31133396396325,-0.538233778840377,-0.00747402301898368,0.0903387250977674,-0.585036696275244,-0.0179678270951568,0.00680129984618586,96.9352202131029,96.0294663734908,114.206484315159,117.183167152446
25.5,665.060042471354,-5.31885180491651,-0.520236175899641,-0.00660218651206871,0.0846116963012628,-0.566178339471129,-0.0173645885562505,0.00637512619334134,96.2987299546784,95.6954031656412,114.096635609905,116.695330179623
25.51,665.36526996106,-5.32592650723124,-0.501773600431699,-0.00578654474463112,0.0790855384178765,-0.544795276577723,-0.0167462479504094,0.00599591050966168,95.6826162859087,95.3494756995676,113.945055937752,116.197665362326
25.52,665.670515768026,-5.33257072413032,-0.482934821470102,-0.00502496572123948,0.0737805064741273,-0.521950250959449,-0.0161157827921569,0.00564725615708122,95.0820134432598,94.9932226055658,113.759278968606,115.691542296544
25.53,665.97577941044,-5.3387973762736,-0.463813952278808,-0.00431514201250629,0.0687163004805619,-0.496551466981937,-0.0154763389571962,0.00533761541253416,94.4907667765356,94.6281721594131,113.547047166968,115.177212144742
25.54,666.281060434237,-5.34461961273392,-0.44451080518365,-0.00365454401214103,0.0639119631245378,-0.470013123500722,-0.0148312406564303,0.00505078676610402,93.9061074014264,94.2577793402953,113.311518502516,114.653166602625
25.55,666.586358411462,-5.3500508572319,-0.425128186459804,-0.00304052385857813,0.0593758831216437,-0.442895410106903,-0.0141838926606671,0.00479312457434502,93.3276387525189,93.8820348921607,113.053853510967,114.120877822601
25.56,666.891672937549,-5.35510466556895,-0.405760065770158,-0.00247038241017444,0.0551096261709718,-0.415845467137734,-0.0135374010430974,0.0045491841671531,92.7616171315997,93.5024203917754,112.767355172618,113.579978123425
25.57,667.197003628801,-5.3597947782131,-0.38650484539459,-0.00194141298999521,0.0511157404242166,-0.388413320464589,-0.0128950146874942,0.0043256595018669,92.2269690994146,93.1192157388472,112.434100706016,113.030979289891
25.58,667.502350120638,-5.36413500082448,-0.367447352587682,-0.00145090194422094,0.0473888655451648,-0.362394606871597,-0.0122595156342509,0.00410802746298171,91.620700611101,92.6391043432864,111.924417979205,112.335245818679
25.59,667.807712028025,-5.36813916634298,-0.348668645340359,-0.000996245387187327,0.0439196553099924,-0.336500867005298,-0.0116335584079344,0.00390273782914475,90.7807641268295,91.9080088698406,111.105689284892,111.354209963628
25.6,668.113088846563,-5.37182112239866,-0.330251141207558,-0.000574880233121019,0.0407025884859303,-0.312094246176482,-0.0110198432720547,0.00369761069668435,89.9840644741804,91.208241113937,110.310749457773,110.41121873623
25.61,668.418480077938,-5.37519476548963,-0.312270586947424,-0.000184386035775291,0.0377186647935173,-0.289744525496686,-0.010420829674126,0.00349417730438638,89.2518309615176,90.5631110149313,109.566882451038,109.532050536485
25.62,668.723885271177,-5.37827394551376,-0.294786417449715,0.000177460552408078,0.0349494070569318,-0.268875435407335,-0.00983844091643197,0.0032951656872726,88.580193350224,89.9692126402958,108.872155523857,108.714938831461
25.63,669.029304020454,-5.38107239087476,-0.277848887090162,0.00051272867243625,0.0323799010067526,-0.249689382303119,-0.00927430986502827,0.00309147792219171,87.9743971777231,89.4140794665051,108.191569745662,107.943320334374
25.64,669.334735955207,-5.38360368173518,-0.261498839307487,0.000823319691647802,0.0299929105791029,-0.232213231176606,-0.00872975057976594,0.00288969326064629,87.4229925975261,88.8852471662544,107.514121247898,107.205367707127
25.65,669.640180728269,-5.38588120801259,-0.245772167839125,0.00111095984473059,0.0277693052583368,-0.216960105426625,-0.00820591224510749,0.00268237276074111,86.9049536643804,88.3748359066177,106.844493045838,106.491849169937
25.66,669.94563801471,-5.3879181977267,-0.230697116162576,0.00137716897719338,0.0256902903129398,-0.203004461286449,-0.00770369453743863,0.00247693567798256,86.4059912699482,87.8765178646866,106.183037572871,105.796410972161
25.67,670.251107504738,-5.38972764512488,-0.216292061522217,0.00162331663308912,0.0237402272089806,-0.191178326550651,-0.0072236796994604,0.00226810213872243,85.9187146046161,87.3878419444662,105.529167704987,105.112025574645
25.68,670.556588900093,-5.39132232949132,-0.202570685970102,0.00185057096941859,0.0218982320556718,-0.181094460928766,-0.00676629138812754,0.00206310870623128,85.4394157377079,86.9175990045746,104.881015269515,104.425176406748
25.69,670.862081911061,-5.39271473571649,-0.189530566698716,0.00205992261188464,0.0201477316918479,-0.172711440454474,-0.00633142452225761,0.0018586530505291,84.9699491519382,86.4620035818014,104.241214607514,103.743849981426
25.7,671.167586254327,-5.39391700956948,-0.177161584126487,0.00225220655719628,0.0184764933888552,-0.164811747343248,-0.00591873735456037,0.00166205137465987,84.5253553040972,86.0151563239796,103.592991208742,103.074413742828
25.71,671.473101652243,-5.39494089621855,-0.165445882047619,0.0024282130751945,0.0168843929301448,-0.157000142900609,-0.00552764541254656,0.00147016825426482,84.1135273752523,85.5756813696617,102.935603791824,102.420847798036
25.72,671.778627830912,-5.39579772139254,-0.154364070415897,0.00258871289225837,0.0153673573019808,-0.149682340605375,-0.00515751032529444,0.00128805871945557,83.7216731245039,85.1457177999056,102.288672187449,101.78885436839
25.73,672.084164525376,-5.39649838242528,-0.14389737602878,0.0027344240443249,0.013918874489827,-0.143149947594049,-0.0048077148977842,0.00111236443004406,83.3411755410096,84.7248772672665,101.662858284043,101.180153712552
25.74,672.389711437627,-5.39705339047151,-0.134025796560666,0.00286599128023394,0.0125324030283673,-0.137004712554517,-0.00447760508575839,0.000948304050898159,82.603194803819,83.9435511450692,100.609730410639,100.149968156684
25.75,672.695268110636,-5.3974728242973,-0.124722428901483,0.00298402170332993,0.011205724700963,-0.131063280134433,-0.00416630748362211,0.000793470099738099,81.7909606635097,83.0872255495251,99.4791671958922,99.0429735403988
25.76,673.000834056692,-5.39776631107178,-0.11595938369041,0.0030891070215965,0.00993862270807508,-0.124890952756182,-0.00387291834634988,0.000651896766800845,81.0736294773089,82.3274880270111,98.477993172023,98.0640983588839
25.77,673.306408845154,-5.397943018734,-0.107709884032265,0.0031818602165721,0.00873397355209183,-0.118523643078725,-0.00359657404909841,0.000520680363327405,80.4539270648234,81.6670759859307,97.6085485191947,97.2146282870231
25.78,673.61199210828,-5.39801167816536,-0.0999486808870975,0.00326291150355554,0.00759278500852585,-0.112080137484955,-0.0033364598626635,0.000402322835676432,79.9137496297572,81.0878396851225,96.8474276269022,96.4727299524107
25.79,673.917583530816,-5.39798057372431,-0.0926512801514605,0.00333289303117601,0.00651388319788647,-0.105918284206467,-0.00309178563040398,0.000293797883281116,79.4341287227314,80.5650672671288,96.1598387873862,95.8092038544666
25.8,674.223182835741,-5.39785757964341,-0.0857948424689775,0.00339241911566018,0.00549659120890565,-0.0995979835258844,-0.00286181790874087,0.000197139795719313,79.0060022898193,80.0752949147361,95.5045612804361,95.1977913486463
25.81,674.528789767145,-5.39765014056541,-0.0793549529513429,0.0034421142600723,0.00454197769526525,-0.0932916496670476,-0.00264576986616102,0.000109789737104655,78.607168350371,79.6052553026351,94.8773243594606,94.6229671931013
25.82,674.834404083065,-5.39736528756356,-0.0733097360903381,0.00348260277677244,0.00364968699289424,-0.0870002694236963,-0.00244293519241797,3.30964340938249e-05,78.2208796672645,79.1478284816893,94.2766958486694,94.0753015363149
25.83,675.140025554101,-5.39700964631383,-0.0676379274706936,0.00351450554704371,0.0028189569522923,-0.0808611827158992,-0.00225262550062494,-3.5306190494064e-05,77.8387329502345,78.698126014595,93.7000808682548,93.5479401297423
25.84,675.445653960613,-5.39658945704224,-0.0623200704493786,0.00353843164106464,0.00204888642675131,-0.0747309790827384,-0.00207420910296324,-9.44557576691732e-05,77.4574620284254,78.253863004091,93.1436099580487,93.0373669194847
25.85,675.751289090902,-5.39611058290387,-0.0573372356791964,0.00355498613372713,0.00133882720709794,-0.0687643930690024,-0.00190706912775722,-0.000146494323119391,77.0771697504957,77.813852583616,92.604621155166,92.5411903916011
25.86,676.056930740815,-5.39557852133702,-0.0526711124770657,0.00356475958994267,0.000687119530005607,-0.0629410434596373,-0.00175060512541176,-0.00019093810179972,76.6981477332678,77.3780182590009,92.0805884128988,92.0582907855415
25.87,676.362578711689,-5.39499840667544,-0.0483036115632929,0.0035683270764613,9.19937344202299e-05,-0.0573481379447762,-0.00160422112924678,-0.000229605144335526,76.3212036146969,76.9465057335528,91.5706084752339,91.5873471377692
25.88,676.66823280931,-5.39437503112418,-0.0442185626877167,0.00356624177465361,-0.000448825166485784,-0.0519730783561995,-0.00146738080959225,-0.000262568729768444,75.9469489191314,76.520262403593,91.0740950750384,91.1279541649576
25.89,676.973892844964,-5.39371285603604,-0.040399411999403,0.00355903519545374,-0.000937445073745752,-0.0468079906766577,-0.00133953302865338,-0.000290082535632319,75.5756962767297,76.1000648023597,90.5904406128238,90.6794942151992
25.9,677.279558634624,-5.39301601615144,-0.0368300365256899,0.00354721745065983,-0.00137615056787069,-0.041889566492135,-0.00122013852942786,-0.000313437516917685,75.2078836051503,75.6862850118651,90.1192393532486,90.2406061218489
25.91,677.58522999777,-5.39228833357567,-0.0334949303782909,0.0035312745093722,-0.00176741017770053,-0.0372584148549886,-0.00110867556658973,-0.000332503966061426,74.8429888009631,75.2844435906358,89.6589641350899,89.8041946870392
25.92,677.890906756111,-5.39153333357736,-0.0303799754264187,0.00351166327345766,-0.00211451542539507,-0.0329590577571656,-0.00100466437734585,-0.000348234938895971,74.4821646817079,74.8948315896797,89.2105477620859,89.3720211772346
25.93,678.196588732903,-5.39075426339363,-0.0274712945049717,0.00348880904596174,-0.00242030267385867,-0.0289113214711442,-0.000907632853786825,-0.00036056079391924,74.1269873040448,74.5156471419701,88.7748071419391,88.9489656308978
25.94,678.502275755235,-5.38995410136644,-0.0247554033431663,0.00346311155933955,-0.00268728773480943,-0.0251315492881381,-0.000817121387713299,-0.000370193477346392,73.7784006680707,74.1457764312504,88.3519722489766,88.5363181201926
25.95,678.807967654573,-5.38913557375953,-0.0222198520875194,0.0034349442451355,-0.00291811991669145,-0.0216134177662023,-0.000732703659804118,-0.000377239617200349,73.436447319211,73.7849807858148,87.9413210844675,88.1343681593719
25.96,679.11366426655,-5.38830117097746,-0.0198529969382636,0.00340465431624818,-0.00311545143420621,-0.0183691335986524,-0.000653979697962979,-0.000382213391186804,73.1013240545893,73.4328871092521,87.5423660058629,87.7423600562582
25.97,679.419365430744,-5.38745316409392,-0.0176437862309736,0.00337256302838395,-0.00328166549750391,-0.0153314635546509,-0.000580569197769142,-0.000385250144645067,72.772544609208,73.0896819149267,87.1547715065472,87.3599528902538
25.98,679.725070991707,-5.38659361426485,-0.0155816953770136,0.00333896840706842,-0.00341942607642754,-0.0126268010853425,-0.000512107764553831,-0.000386644400971491,72.4501918402599,72.7549813703267,86.7773323306155,86.9857671608837
25.99,680.030780797654,-5.3857243940554,-0.0136574362285372,0.00330413791631544,-0.00353168667640858,-0.0101718588016247,-0.000448272542648671,-0.000386604733609737,72.1335048125145,72.4281909990644,86.4084534824734,86.618656214312
26,680.336494698312,-5.38484720143854,-0.0118619979010787,0.00326831409766173,-0.00362067413914969,-0.00792974891321525,-0.000388752102810838,-0.000385274943481549,71.823451131552,72.1095223033995,86.0479985942612,86.2585654359757
26.01,680.642212545337,-5.38396357291166,-0.0101871454051297,0.00323171813421139,-0.00368851050700278,-0.00590327059721119,-0.000333261986094126,-0.000382961966817459,71.5210708713466,71.7998074843907,85.6958836636522,85.906235236154
26.02,680.947934192131,-5.38307489978449,-0.00862560573993069,0.00319454998812086,-0.0037372797388465,-0.00407831132754267,-0.000281550854090506,-0.000379744576913207,71.2275461883486,71.4996546478469,85.3527147269341,85.5621785995271
26.03,681.253659494093,-5.38218244358529,-0.00717093914330715,0.00315698952902091,-0.00376896770855223,-0.00245544296482449,-0.000233396414163543,-0.000375955952576747,70.9436199986827,71.2099248231822,85.0189037501184,85.227265919481
26.04,681.559388308796,-5.38128735117399,-0.00581745367638167,0.00311919688303556,-0.00378547972924653,-0.00101136563329231,-0.000188602570262558,-0.000371536165018436,70.6701153387708,70.9310591157152,84.6951282562917,84.9019526771011
26.05,681.865120496253,-5.38039066635705,-0.00455996601360949,0.00308131428872549,-0.00378856834216229,0.000254188048164013,-0.000146991582374178,-0.000366843836034114,70.4074608740132,70.6636388301199,84.3817076000777,84.5869396700123
26.06,682.170855919176,-5.37949334180756,-0.00339381698043441,0.00304346662886197,-0.00377988256723467,0.00136959078778962,-0.000108404366779879,-0.000361709991087293,70.1561525951542,70.4078100305626,84.0791119690331,84.2824934835792
26.07,682.476594443222,-5.37859624731501,-0.0023146318164211,0.00300576367387357,-0.00376089912458386,0.00233224375621238,-7.26925732514816e-05,-0.000356523287577126,69.9162833846073,70.1638106926581,83.7874206622217,83.98903812411
26.08,682.782335937212,-5.3777001792603,-0.00131842155946535,0.0029683004371489,-0.00373300577327366,0.00317270772651077,-3.97216267623156e-05,-0.000351026734885324,69.6880065228369,69.9314800685367,83.5068420804767,83.7065889372542
26.09,683.088080273299,-5.37680586626976,-0.000401327581973676,0.00293115951802095,-0.00369741830641083,0.00388444158177135,-9.36230326719499e-06,-0.000345634269363131,69.4711092761983,69.7107567132836,83.2372371105267,83.435303612423
26.1,683.393827327075,-5.37591397680099,0.000440216376492063,0.00289441117745927,-0.00365528489071046,0.00449906222471876,1.85042578384927e-05,-0.000340012307644855,69.265472531928,69.5012517421153,82.9786175564709,83.175001291462
26.11,683.699576977705,-5.37502512269133,0.00120978547788557,0.00285811574490886,-0.00360755893406916,0.00501930310103737,4.39964148782817e-05,-0.000334592512434048,69.0706238015053,69.3026932017473,82.7307540331054,82.9256424579204
26.12,684.005329107929,-5.37413986317993,0.00191102005995165,0.00282232469585128,-0.00355500172251879,0.0054645547925312,6.72343852083496e-05,-0.000328959298908156,68.8842348725504,69.1148967585918,82.4964373042306,82.6872241477902
26.13,684.311083603121,-5.37325870690889,0.00254724886551028,0.00278708122943165,-0.00349861638920507,0.00579943967297825,8.83284621256211e-05,-0.000323562239827936,68.7055553139724,68.9377190677254,82.2752864144744,82.4595191184471
26.14,684.616840353075,-5.37238211882643,0.00312178732853002,0.00275241872211735,-0.00343916530870718,0.00609082680509839,0.00010738785892915,-0.000317941830875134,68.5360843409478,68.770189985764,82.0642483529964,82.2416462505985
26.15,684.922599251771,-5.37151051843586,0.00363830135988604,0.0027183656530002,-0.00337707453366226,0.00633275902310223,0.000124532859879402,-0.000312326040636086,68.3776299506436,68.6112820752191,81.8596061959393,82.0327868100928
26.16,685.228360196286,-5.3706442822871,0.00410010341828904,0.00268494553821967,-0.00331290553496786,0.00650845467007843,0.000139872184155642,-0.000307010650851576,68.2289137819426,68.4605038908809,81.6620738197882,81.8328031338418
26.17,685.53412308635,-5.36978374943125,0.00451031137863981,0.00265217572664038,-0.00324720680046871,0.0066487735378283,0.000153508002874507,-0.000301502502578745,68.0888282836612,68.317548395539,81.4727029399688,81.6416648910611
26.18,685.839887825053,-5.36892922210351,0.00487205362760893,0.00262006954988273,-0.00318039550817069,0.00673276908111027,0.000165542564063139,-0.000296292239599153,67.9565192225603,68.1821358816162,81.2917386995569,81.4593691023498
26.19,686.145654319067,-5.3680809706665,0.00518816062024592,0.00258863530697572,-0.00311290538331397,0.00679389038009967,0.00017606830978754,-0.00029086744291129,67.831409619818,68.0536606584787,81.1190746416942,81.2855641679765
26.2,686.451422478662,-5.36723923393102,0.00546151560693483,0.00255787850022144,-0.00304504079206809,0.00680284272464052,0.00018517919693688,-0.000285721714379453,67.7128658494489,67.9316178345649,80.9542994192296,81.1199807411896
26.21,686.757192217961,-5.36640422479018,0.005694476803568,0.00252779979348689,-0.00297727858152409,0.00679551870507301,0.000192951855609344,-0.000280357781630071,67.6005898307732,67.8137268948253,80.7972250906101,80.9643715136124
26.22,687.06296345519,-5.36557613026611,0.00588981329071471,0.00249839841236467,-0.00290959536918079,0.00677844217088217,0.000199475499640768,-0.000275278631076147,67.4938853912997,67.698729636464,80.646991949462,80.8183304992775
26.23,687.368736112625,-5.36475511284014,0.00604992831348114,0.00246967251797759,-0.00284214966235424,0.00675352510390657,0.000204827844811675,-0.000269992575817933,67.3916160197219,67.5872001790469,80.5023881473827,80.6786971064356
26.24,687.674510115508,-5.36394131135489,0.00617719717871569,0.00244161900990361,-0.00277514874433958,0.00668960221828773,0.000209085954110109,-0.000265002091243527,67.2930092772993,67.4795986516608,80.3627147502264,80.54381953467
26.25,687.980285391383,-5.3631348445248,0.0062738228574021,0.00241423154558827,-0.00270885635919276,0.00662020839748078,0.000212321529591414,-0.000259786545502129,67.1977610068032,67.3759006632667,80.2277446977658,80.4130326823554
26.26,688.286061869819,-5.36233580928594,0.00634218023145133,0.00238750254967795,-0.00264343021626854,0.00651895717163232,0.000214611916206812,-0.000254834118017851,67.1055768041574,67.2766774664845,80.097286752169,80.2853476153855
26.27,688.591839482626,-5.36154428391135,0.00638441545378919,0.00236142224893505,-0.00257897712872817,0.00642975919095049,0.000216026881647858,-0.000249643567683567,67.0160791343036,67.1828071117698,79.971126159947,80.1592819596404
26.28,688.897618163186,-5.36076032648983,0.00640280774240718,0.00233598143338239,-0.00251546745312812,0.00632823915901734,0.000216640706063861,-0.000244713911066511,66.9293043489649,67.0927405801062,79.8495819759823,80.036986972069
26.29,689.203397846776,-5.35998397744849,0.00639941018334738,0.00231117013957734,-0.00245293320470972,0.00623938724052322,0.00021652067675577,-0.000239575482095878,66.8453429568923,67.0055526724341,79.7329483978655,79.9195370741119
26.3,689.509178471335,-5.35921525796389,0.00637639176858146,0.00228697912063589,-0.00239135464755571,0.00613423587102537,0.000215738099372511,-0.00023472519715032,66.7638991258883,66.9208070262903,79.6210985448061,79.8070537123988
26.31,689.814959977579,-5.35845417240356,0.00633570780245303,0.00226339800634695,-0.00233081816886473,0.00603591614832681,0.000214357693917042,-0.000229706978095627,66.6845981883491,66.8380911645403,79.5137257318683,79.6991162493616
26.32,690.120742308862,-5.35770070699211,0.00627941580852175,0.00224041660751943,-0.0022713483445028,0.00591851428138072,0.000212447716875064,-0.000224993225839687,66.6069280744382,66.7570646818431,79.4103403878175,79.5951909610669
26.33,690.426525410948,-5.35695483243817,0.00620935279072249,0.00221802334022432,-0.00221304859533289,0.00580679925395104,0.000210069547419671,-0.00022013251493499,66.5304738701088,66.677308345983,79.3104706313938,79.4946900769534
26.34,690.732309231766,-5.35621650286081,0.00612743998839273,0.00219620671301416,-0.00215594260380835,0.00567735999958968,0.000207287435898542,-0.000215571424736183,66.4548494858382,66.5985425689843,79.2136737734167,79.3971778286822
26.35,691.038093721218,-5.35548565850673,0.00603536769173739,0.00217495395938714,-0.00210011883903284,0.00555482151192221,0.000204158327410679,-0.000210870595088741,66.3797914214858,66.5204544008077,79.1195791419402,79.3022273575084
26.36,691.343878831002,-5.35476222490533,0.00593488684564322,0.00215425254578427,-0.00204558343037267,0.00541709227286555,0.000200741186387552,-0.000206454288296079,66.305061025898,66.442873736485,79.0278568344318,79.2095372832709
26.37,691.649664514467,-5.35404611565688,0.00582750538039025,0.00213408889658392,-0.00199240237390761,0.00528790106918244,0.00019708719172285,-0.000201899853835752,66.2305256996936,66.3656119910271,78.9382395178986,79.1188043120726
26.38,691.955450726488,-5.35333723180213,0.00571476910429865,0.00211444985352137,-0.00194056130378961,0.00514630055032757,0.000193248719962839,-0.000197609299418521,66.1560791123732,66.2886187484468,78.8505050191054,79.0298338967725
26.39,692.261237423363,-5.35263546463634,0.0055979727956219,0.00209532147126663,-0.00189010253556833,0.00501485345108152,0.000189270019818352,-0.000193180525299262,66.0816806274754,66.2118006518822,78.7644537178878,78.9424004873172
26.4,692.567024562706,-5.35194069524514,0.00547843892173161,0.00207669042311169,-0.00184098037015504,0.00487989631846418,0.000185196126603646,-0.0001889978301784,66.0072781039574,66.135160727344,78.6799106571535,78.8563411342905
26.41,692.872812103562,-5.35125279624396,0.005357398479855,0.00205854350674807,-0.00179312291624742,0.00475575448428489,0.000181069192502635,-0.000184673254987932,65.9319020157684,66.058830682073,78.5981522752102,78.7716423014902
26.42,693.17860000651,-5.35057163139443,0.00523591852907791,0.00204086806309227,-0.00174657084620372,0.00462286219663743,0.000176926249263846,-0.000180397257799778,65.8553640670659,65.9827626251009,78.5186825031613,78.6879117268127
26.43,693.48438823359,-5.34989705842694,0.00511487088851026,0.00202365083094123,-0.00170136902564479,0.00448370695991177,0.000172797711905888,-0.000176351787689798,65.7783169907717,65.9066704753093,78.4400522378079,78.6046376077356
26.44,693.790176747672,-5.34922893084531,0.00499504104515903,0.00200687820163729,-0.00165748420783929,0.00436072674712648,0.000168710934349969,-0.000172189901248621,65.7012362838598,65.8305461855704,78.3616757330508,78.5216324302176
26.45,694.095965512119,-5.34856709727204,0.00487718207493977,0.00199053780007584,-0.00161481975420506,0.00423519086825722,0.000164691966902623,-0.000168266604826883,65.6245879041535,65.7545994712385,78.2832552549618,78.4389164445038
26.46,694.401754490706,-5.34791140422119,0.0047617824438268,0.0019746172452936,-0.00157337605329992,0.00411790551824783,0.000160758194344427,-0.000164272228547709,65.5492252299297,65.6789747004658,78.2041534982517,78.3565003408897
26.47,694.707543647436,-5.34726169624697,0.0046492908100811,0.00195910469100538,-0.00153313290042528,0.00399093870093618,0.000156925458607197,-0.000160536182515653,65.4750950871371,65.6040518358504,78.1251257498297,78.2746888434116
26.48,695.013332946555,-5.34661781891914,0.00453986100469134,0.00194398748898817,-0.00149417948823648,0.00386247212184454,0.000153199775928246,-0.000156761220391036,65.4023593720212,65.5299763338768,78.0468069391934,78.1941760892219
26.49,695.319122353052,-5.34597961966756,0.00443365727232852,0.0019292529844097,-0.00145647776507421,0.0037363129539882,0.000149586942755064,-0.000153254389169536,65.331294153128,65.4564149206696,77.9695092956523,78.1158724384053
26.5,695.624911832837,-5.34534694907327,0.00433069704565483,0.00191488871860527,-0.00141999722746248,0.00361766113421463,0.000146087790364914,-0.000149732653848537,65.2618902770246,65.3839521722053,77.8931358868905,78.0390139394415
26.51,695.93070135255,-5.34471966111826,0.00423093624870614,0.00190088271335073,-0.00138473869797821,0.00348840331315415,0.000142700995148291,-0.000146482101949742,65.1941701190595,65.3130423057115,77.8176769013035,77.9632118108229
26.52,696.236490879329,-5.34409761534824,0.00413418909985734,0.00188722227268053,-0.00135074813608193,0.00336492797245493,0.000139420479327578,-0.000143229594449052,65.1282824324271,65.2439869435302,77.74323761071,77.8884109801642
26.53,696.542280380735,-5.34348067608194,0.00404035464900375,0.00187389500985435,-0.00131800574485698,0.00323515429876558,0.000136242723295575,-0.000140233182286203,65.0643994771633,65.1770404963348,77.6699911304984,77.8147279788149
26.54,696.848069824758,-5.3428687135651,0.00394923964362149,0.00186088820094879,-0.00128651820043039,0.00311411852721397,0.000133161114312862,-0.000137239951733301,65.0026980097158,65.1123836105336,77.5981233788794,77.7423308314735
26.55,697.153859179866,-5.34226160295728,0.00386073294889639,0.00184818972293892,-0.00125624273728295,0.00298798830818652,0.000130171589511429,-0.000134495080114352,64.943334535314,65.0501958385882,77.5278487626208,77.6714262607063
26.56,697.459648415063,-5.3416592254448,0.00377461168562686,0.00183578719650183,-0.00122719144574739,0.00287076723246244,0.000127266385109123,-0.000131765424879381,64.8863870237774,64.9910201013638,77.4593054436655,77.6016158867366
26.57,697.765437500012,-5.34106146752832,0.00369072296004107,0.00182366889889727,-0.00119930150788274,0.00275132238454115,0.000124439838148014,-0.000129277807301738,64.8318468108251,64.9349726720332,77.3926333632986,77.5330269681773
26.58,698.071226404764,-5.34046822184212,0.00360883714482669,0.00181182314784764,-0.00117255311825877,0.00264189994945666,0.000121683847552534,-0.000126816431093129,64.779898003521,64.881717036776,77.3281497697479,77.4664746262425
26.59,698.377015100105,-5.33987938605664,0.00352881576789133,0.00180023899758929,-0.00114689208839862,0.00252998638184353,0.000118993268131682,-0.000124594119566579,64.7305962257715,64.8311434020925,77.2660410528256,77.4022991602609
26.6,698.68280355774,-5.33929486339631,0.00345047456922735,0.00178890547259607,-0.0011223096673674,0.00242570923357024,0.000116361537278035,-0.00012240858562452,64.6839278374676,64.7831788608246,77.2064035095776,77.3406459584824
26.61,698.988591750343,-5.33871456143192,0.00337372831171741,0.00177781213362982,-0.00109877104667721,0.00231777674893089,0.000113785342909394,-0.000120454998659765,64.639788315356,64.7377177871786,77.1492358390055,77.2815158893602
26.62,699.294379651549,-5.33813839251677,0.00329845375282927,0.00176694838375413,-0.00107627893486303,0.00221608968310775,0.000111260226741548,-0.000118543336316272,64.5980823121329,64.6946595121336,77.0945212815221,77.2248957070559
26.63,699.600167235943,-5.33756627267062,0.00322462050146088,0.00175630404286743,-0.00105480687878948,0.00211064990523753,0.000108784790529975,-0.00011685141176296,64.558682628959,64.6538887071025,77.042212020176,77.1707256963004
26.64,699.905954479028,-5.33699812199717,0.0031521621158239,0.0017458687493924,-0.00103435937997949,0.00201092884276473,0.000106356551914041,-0.000115201204271889,64.5214836289027,64.6152993358402,76.9922647892923,77.1189642239869
26.65,700.211741357215,-5.33643386367404,0.00308109577527858,0.00173563252264217,-0.00101491124025747,0.00190793517088151,0.000103975785708569,-0.000113754342129269,64.4863678637114,64.5787843269266,76.9446268212847,77.0695458520947
26.66,700.517527847802,-5.33587342436279,0.00301140200512952,0.00172558523372618,-0.000996463957509279,0.00181054461486084,0.00010164165337149,-0.000112345173888273,64.4532278222469,64.5442365887056,76.8992421411637,77.0224175883712
26.67,700.823313928958,-5.335316733311,0.0029431340631625,0.00171571713853786,-0.000978990351361336,0.00171059885401362,9.93557114568211e-05,-0.000111120754750138,64.4219594155199,64.5115602618442,76.856063779486,76.9775199695773
26.68,701.129099579714,-5.33476372276362,0.00287630681507747,0.00170601840277176,-0.000962486679188595,0.00161637530123169,9.71183336434331e-05,-0.000109927076761588,64.3924738539684,64.4806674737234,76.8150463226298,76.934811854364
26.69,701.434884779962,-5.33421432714375,0.00281100976259673,0.00169647963509487,-0.000946910047688092,0.00152218622921838,9.49323280361086e-05,-0.000108830097656014,64.3646592547992,64.4514440700292,76.7761253781493,76.8942334549255
26.7,701.740669510513,-5.33366848348936,0.00274722143734778,0.00168709144750489,-0.000932285215901607,0.00142680188120459,9.27968999504006e-05,-0.000107894300226001,64.3384671152296,64.4234276715589,76.7392682221812,76.856195989464
26.71,702.04645375315,-5.33312613181639,0.00268499271099346,0.00167784449523066,-0.00091855799073912,0.00134105939217128,9.07135263078331e-05,-0.000106979099238983,64.313756133639,64.3964659656046,76.7042903735407,76.8204692811265
26.72,702.352237490598,-5.33258721398586,0.00262439324496411,0.00166873017466951,-0.000905684013122823,0.00125387066541984,8.8684369814118e-05,-0.000106201545446463,64.2903198468918,64.3706675490988,76.6709910053423,76.7865341739335
26.73,702.658020706319,-5.33205167437913,0.00256543667313973,0.00165973988068206,-0.000893660164971405,0.00117115386077084,8.67098496156068e-05,-0.000105435192278918,64.2680309872234,64.346087697906,76.639249791954,76.7541077877751
26.74,702.963803384403,-5.33151945931283,0.00250819248747761,0.00165086534378463,-0.00088245762497873,0.0010880321143145,8.47922153572199e-05,-0.000104779302736387,64.2468180404162,64.3227198361497,76.6090142020349,76.7230715821461
26.75,703.269585509523,-5.33099051723643,0.00245270990508959,0.00164209838286513,-0.000872053356417482,0.0010115418479957,8.29330915371848e-05,-0.000104118014560214,64.2266488104795,64.3005330660392,76.5802656921053,76.6934180812643
26.76,703.575367066951,-5.33046479802104,0.002399096453322,0.00163343139685261,-0.000862386272785777,0.000939270879424509,8.11360010963382e-05,-0.000103544105192033,64.2074571427729,64.2794873585297,76.5530589646315,76.6651559462572
26.77,703.881148042633,-5.32994225291736,0.00234743584807291,0.00162485722203044,-0.00085341569564724,0.000870874890423766,7.94037921614646e-05,-0.000102954416446294,64.188974610275,64.2595774209558,76.5276624681518,76.6382973296234
26.78,704.186928423233,-5.32942283441449,0.00229778997835523,0.00161636905525714,-0.000845118597196986,0.000804201419343817,7.77386086989761e-05,-0.000102436268532805,64.1711867580487,64.2409088782862,76.5037457696875,76.6123879507362
26.79,704.492708196079,-5.32890649669202,0.00225019979515275,0.00160796035118583,-0.000837445616467475,0.000745960333245753,7.61418442452428e-05,-0.000101898161989439,64.1541317743797,64.2233100104411,76.4810128681357,76.5873893851942
26.8,704.798487348915,-5.3283931951174,0.00220472120321575,0.00159962531857989,-0.000830326573685562,0.000691653997292459,7.46153658789712e-05,-0.000101422633362272,64.1378912721645,64.2065720969235,76.459412951906,76.5635155519214
26.81,705.10426586998,-5.32788288661588,0.00216135697478887,0.00159135862681465,-0.000823714775454115,0.000644113011348373,7.31593294855507e-05,-0.000100933822610695,64.1224711833549,64.1906071672624,76.4389370633189,76.5408503180305
26.82,705.410043748068,-5.32737552942146,0.00212011610559975,0.00158315552644193,-0.000817563753179388,0.000598092630382101,7.17740884934501e-05,-0.000100506241850203,64.1078174770725,64.1753573365947,76.4195726039303,76.5193702719534
26.83,705.715820972525,-5.32687108343155,0.00208096699480864,0.00157501149592932,-0.000811848997102655,0.00055671740890159,7.04586860717167e-05,-0.000100069907947235,64.0938583943795,64.1607740184581,76.4012791926015,76.49902215139
26.84,706.021597533244,-5.3263695099509,0.00204389231063218,0.00156692240109472,-0.000806538681575395,0.00051607889252159,6.92126143640288e-05,-9.96894731360958e-05,64.0805367021675,64.146814351381,76.384026034328,76.4797510970236
26.85,706.327373420652,-5.32587077196728,0.0020088442761258,0.00155888425268444,-0.00080161407662631,0.000479487869872187,6.80343749771911e-05,-9.93012134854772e-05,64.0677783179821,64.1334119606982,76.367732970659,76.4614806856519
26.86,706.633148625681,-5.32537483389348,0.00197579055190351,0.00155089339741328,-0.000797046513832052,0.000443649481790738,6.6922951946948e-05,-9.89626654198995e-05,64.0555191545255,64.1204990300357,76.3523268945556,76.4441314388683
26.87,706.938923139745,-5.32488166180082,0.00194467209553993,0.00154294632004591,-0.000792818210652231,0.000411520459923585,6.58764570926389e-05,-9.86173517932005e-05,64.0437158458322,64.1080300851627,76.33774629628,76.4276546428099
26.88,707.244696954715,-5.32439122318228,0.00191544519768187,0.00153503982340405,-0.000788899907604226,0.000380725290217815,6.48934807578369e-05,-9.83167237653446e-05,64.0323279283862,64.0959327390246,76.3238710844079,76.4119585993028
26.89,707.550470062899,-5.32390348708453,0.00188805104086532,0.00152717087587531,-0.000785274751100153,0.000352715836868877,6.39721455194073e-05,-9.80106674697521e-05,64.021467217612,64.0841460762693,76.3104497813499,76.3969745374294
26.9,707.856242456983,-5.32341842384706,0.00186244419608653,0.00151933668454223,-0.000781923801854309,0.000324964675220214,6.31110018002211e-05,-9.77445699095708e-05,64.0109959585204,64.0726373907213,76.2975766723221,76.3826622069659
26.91,708.162014129974,-5.32293600529299,0.00183855858095786,0.001511534527219,-0.000778837165644299,0.000299811498755655,6.23079119878416e-05,-9.74729553822599e-05,64.0008014488404,64.0614024861219,76.2853328189246,76.3690114731001
26.92,708.467785075265,-5.32245620457268,0.0018163364953101,0.00150376189604014,-0.000775995677695062,0.000275215054934933,6.15609837599836e-05,-9.72352783553941e-05,63.9908376004125,64.0504247784829,76.2737176414373,76.3559864868956
26.93,708.773555286637,-5.32197899636093,0.00179569880669225,0.00149601638394334,-0.000773385526370965,0.000253430955163478,6.08676124211218e-05,-9.69915150905587e-05,63.9810791793014,64.0396819121265,76.26268503584,76.3435496582029
26.94,709.079324758234,-5.32150435671588,0.00177657421786226,0.00148829582177862,-0.000770985596005684,0.000232466327537189,6.02254231905405e-05,-9.67771261467169e-05,63.9714964010178,64.0291335889376,76.252162653509,76.3316296129251
26.95,709.385093484535,-5.32103226322816,0.00175887426960644,0.00148059816044405,-0.000768781474697446,0.000214121803060596,5.96314705831246e-05,-9.65574697731971e-05,63.9620740942956,64.0187607899098,76.2420904644055,76.3201795422135
26.96,709.690861460318,-5.32056269486176,0.0017425236160849,0.00147292158387333,-0.000766749818914605,0.000197461688961147,5.90832124628568e-05,-9.6349499979562e-05,63.9528002661657,64.0085473167032,76.2324177998716,76.3091478803875
26.97,709.996628680634,-5.32009563198286,0.00172742885880377,0.00146526444004482,-0.00076487996374672,0.000181244953868241,5.85775153246606e-05,-9.61677538044709e-05,63.9436721469429,63.9984853842088,76.2231058680891,76.2984964195691
26.98,710.302395140792,-5.31963105644532,0.0017135017427801,0.00145762516081423,-0.000763156556708201,0.000168237115822441,5.811140190404e-05,-9.59832552262902e-05,63.9346790712174,63.9885850977555,76.214149909627,76.2882033911067
26.99,710.608160836363,-5.31916895125246,0.00170067293678907,0.00145000242625157,-0.000761561920035227,0.000154508356715604,5.76825297451437e-05,-9.58206770500991e-05,63.9257205351058,63.978871694339,76.2056729669587,76.2782568082649
27,710.913925763187,-5.31870930073172,0.00168884968530821,0.00144239490540839,-0.000760098332957583,0.000142215322136065,5.72878085904244e-05,-9.56556821408292e-05,63.9168344353266,63.9693260938365,76.197528552585,76.2685887976039
27.01,711.219689917252,-5.31825209037253,0.00167795952891398,0.00143480138312583,-0.000758753214989409,0.000129580006248695,5.6924780168121e-05,-9.55099738180571e-05,63.8155875422373,63.8674248180592,76.0528214596683,76.1223532834103
27.02,711.525453226186,-5.31779730705748,0.00166791245063294,0.00142722065782935,-0.000757521333156542,0.000120169522200309,5.65904014706621e-05,-9.53646309061648e-05,62.7350508840014,62.7859740529901,74.6501957691686,74.7181863177707
27.03,711.831215116772,-5.31734493938752,0.00165865754492044,0.00141965177223154,-0.000756380001796347,0.000109665343486052,5.62829656387437e-05,-9.52395223929554e-05,59.8992660668382,59.949051340178,71.1118526177961,71.1780248147872
27.04,712.136974031503,-5.3168949783007,0.0016501315486207,0.00141209367744035,-0.000755356610006315,9.59984627911233e-05,5.6000485952187e-05,-9.51166277982787e-05,55.3089538415793,55.3575064991064,65.4753068615356,65.5392833291774
27.05,712.442727376466,-5.31644741705486,0.00164229244536251,0.00140454500192622,-0.000754487666072082,7.83664807618823e-05,5.57416855299348e-05,-9.50066752500733e-05,49.3545450227324,49.4018309443684,58.2322456094808,58.2937053808737
27.06,712.748471735518,-5.31600225088027,0.0016351110372764,0.00139700400876253,-0.00075380366947754,5.88245314567465e-05,5.55056750083201e-05,-9.48847763461287e-05,43.2186314195808,43.2647033978143,50.9458411449118,51.0047721536823
27.07,713.054203520658,-5.31555947592461,0.00162857011618105,0.00138946877327513,-0.000753311904905206,4.14364201133777e-05,5.52918016890764e-05,-9.47564515075641e-05,38.8124885216946,38.8574928230717,45.7444454169298,45.8012367558045
27.08,713.359920021262,-5.31511908801721,0.00162261470625861,0.0013819375398372,-0.00075297435950452,3.00306445196685e-05,5.5097995381841e-05,-9.4602140260796e-05,35.521914379137,35.5658418321656,41.8386558143014,41.8936646751055
27.09,713.665619211937,-5.31468108276791,0.00161723490201359,0.00137440930195405,-0.000752695674882564,2.59441213089362e-05,5.49236559110525e-05,-9.44332424256686e-05,32.1357572707404,32.1785783028621,37.839082649237,37.8923211459539
27.1,713.971299195759,-5.31424545614047,0.0016123735760209,0.00136688357252867,-0.000752465099889723,2.28926104593007e-05,5.47668461753841e-05,-9.42447317317867e-05,30.2417444995459,30.2836403795761,35.5772354773344,35.6289783369236
27.11,714.276958752399,-5.31381220377554,0.00160798730330301,0.00135936015585116,-0.000752228957785818,2.41983003911406e-05,5.46259380357153e-05,-9.40462606824712e-05,28.4728484324881,28.5137837237623,33.4549670003472,33.5053120847778
27.12,714.582596864011,-5.31338132145548,0.00160403448556876,0.00135183918599565,-0.000751972005387017,2.77226720551621e-05,5.44994998272074e-05,-9.3833968353379e-05,26.8068620784991,26.8468639295687,31.4596298397963,31.5086045111943
27.13,714.888212570846,-5.31295280517039,0.00160048045643091,0.001344320987916,-0.000751677120081298,3.19551137431605e-05,5.43863312369915e-05,-9.36187917441388e-05,25.2380553947461,25.2771579951075,29.5834976156944,29.631124863045
27.14,715.193804565858,-5.31252665163522,0.00159729020234193,0.0013368061188006,-0.000751304626567449,3.97498355378211e-05,5.42853549493633e-05,-9.33952649786141e-05,14.4355820877095,14.4736031684813,15.6737345061252,15.7169211667965
27.15,715.49936805501,-5.31210286220254,0.00159446420817081,0.00132929482153541,-0.000750988923201849,2.8050881568902e-05,5.41972634842205e-05,-9.31765788916177e-05,10.3199751366364,10.3579482002101,0.905104626808145,0.94606307022111
27.16,715.804897722546,-5.3116814387308,0.00159204477046736,0.00132178604060132,-0.000750790831197683,1.73400403696263e-05,5.41234204082784e-05,-9.29387923745557e-05,-0.593143608885307,-0.557617000514609,-2.62072942161442,-2.58257270232908
27.17,716.110389568591,-5.31126238122359,0.00159001838323648,0.00131427895015924,-0.000750631114490236,1.58844376430949e-05,5.40632256771049e-05,-9.26748106820564e-05,-7.35098526864876,-7.31839977652696,-8.94236100723229,-8.90446709160203
27.18,716.415840018207,-5.3108456895553,0.00158835662293706,0.00130677338631283,-0.000750476660934231,1.76587089349737e-05,5.40156328980515e-05,-9.2385041952699e-05,-13.2142178128534,-13.1831823249923,-15.6634722180086,-15.6273086185945
27.19,716.721245732433,-5.31043136335698,0.00158705139734744,0.00129926952349406,-0.000750286907346568,2.25514217505981e-05,5.39803303167909e-05,-9.20759460501687e-05,-18.9087189294655,-18.8792518114741,-22.1602594433761,-22.1257277762626
27.2,717.026603490093,-5.31001940197096,0.0015860969005424,0.00129176779827882,-0.000750053056788979,2.75495945004059e-05,5.39571488381188e-05,-9.17474076996058e-05,-24.4789315146311,-24.450977721684,-28.4770228037432,-28.444097560322
27.21,717.3319101527,-5.30960980453517,0.00158547748713971,0.00128426873430865,-0.000749758960932103,3.38343193046562e-05,5.394556095696e-05,-9.14037273222808e-05,-29.9389822076773,-29.9126073290006,-34.6292918245036,-34.5978358438686
27.22,717.63716265149,-5.3092025700405,0.00158516994306174,0.00127677296949348,-0.000749397058862176,4.130643455936e-05,5.39447985120138e-05,-9.10439586263865e-05,-35.2963959626598,-35.2716496899754,-40.6272313483196,-40.5971254031815
27.23,717.942357983912,-5.30879769741082,0.0015851312525242,0.0012692813122576,-0.00074893243721467,5.64103767276953e-05,5.39534178153022e-05,-9.06707581295294e-05,-40.5558768669304,-40.5327993745154,-46.4778521896884,-46.4489903225252
27.24,718.247493210904,-5.3083951860305,0.00158522477814874,0.0012617953275115,-0.000748274306161932,7.69661196084699e-05,5.39668569629121e-05,-9.02895584309436e-05,-45.7206146563279,-45.6992482697747,-52.1867746076895,-52.1590517286596
27.25,718.552565454624,-5.30799503581484,0.00158535775587531,0.00125431702124394,-0.000747424557928036,9.25285741256168e-05,5.39820895620663e-05,-8.99127182954922e-05,-50.7929064087586,-50.7732857331665,-57.7588365098919,-57.7321559797853
27.26,718.857571897146,-5.30759724632726,0.00158554971499272,0.00124684778645254,-0.000746485600313941,9.83887063415633e-05,5.3999859723949e-05,-8.95450487556453e-05,-55.7751684438527,-55.7573171555536,-63.1991203788812,-63.1734026646615
27.27,719.162509778626,-5.30720181628392,0.00158583030854803,0.00123938824535351,-0.000745492030635648,0.000103820634682854,5.40211562440372e-05,-8.91757990658811e-05,-60.669186847716,-60.6531232771389,-68.5119498353215,-68.4871170260765
27.28,719.46737639589,-5.30680874410936,0.00158618359512314,0.00123193894859698,-0.00074444177852963,0.000109485257408817,5.40454270229927e-05,-8.88012227861244e-05,-65.4768966747498,-65.4626438151184,-73.7019291576047,-73.6779019146756
27.29,719.772169101117,-5.30641802813205,0.00158658903440626,0.00122450047049227,-0.000743332900076534,0.000115663006676307,5.40719654422419e-05,-8.84214557717696e-05,-70.2000778523067,-70.1876518049422,-78.7733864026158,-78.7500893499814
27.3,720.076885300432,-5.30602966659125,0.00158702608889542,0.00121707342712404,-0.000742160224393976,0.00012229157777033,5.41000593789687e-05,-8.80364699456464e-05,-74.8404515970101,-74.8298643729989,-83.73057900196,-83.7079452547607
27.31,720.381522452745,-5.30564365762594,0.00158747406455818,0.00120965848129574,-0.000740919090224081,0.000129479652517574,5.41289905981472e-05,-8.7647556595025e-05,-78.9251174928317,-78.9162685467233,-87.8891708297452,-87.8670820975015
27.32,720.686078289457,-5.30525999882724,0.00158795878518228,0.00120225641593287,-0.000739580636539535,0.000143573458147622,5.41594623636342e-05,-8.7254798085603e-05,-80.9165830921553,-80.9090279232923,-89.8503759784092,-89.8287117703893
27.33,720.990551533262,-5.30487868573502,0.00158851466681054,0.00119486868185546,-0.000738067537794987,0.000160830392407096,5.41923221595063e-05,-8.68637043729855e-05,-83.0633213280485,-83.0570531850554,-92.0884176669427,-92.0672177925925
27.34,721.294941055444,-5.30449971351292,0.00158907281963833,0.00118749697360472,-0.000736395601101504,0.000175759113096497,5.42252805974981e-05,-8.648633049201e-05,-85.3522072178165,-85.3472233653974,-94.4859160380071,-94.4651967597295
27.35,721.599245633805,-5.30412307784362,0.00158952373514069,0.00118014267883114,-0.000734611368411631,0.000182759398794084,5.42547471159947e-05,-8.61259061204409e-05,-87.7170153631551,-87.7133073117557,-96.9651679924804,-96.944937929721
27.36,721.903464000352,-5.30374877525308,0.00158977741696354,0.00117280651168528,-0.000732778849109687,0.000186914556513851,5.42777966463007e-05,-8.57775821653554e-05,-90.1161694032243,-90.1137178233731,-99.4798423791931,-99.4601063770314
27.37,722.207594866154,-5.30337680251913,0.00158982142535721,0.00116548888496335,-0.000730908528444462,0.000190380780022397,5.4293999946356e-05,-8.54350667361641e-05,-92.5244187194754,-92.5232123227859,-102.003365318,-101.984112501163
27.38,722.511636936888,-5.30300715632906,0.0015896562117323,0.00115819014530447,-0.000729005349284126,0.000193532789953147,5.43033455243103e-05,-8.50947819091873e-05,-94.9265855995064,-94.9266127833922,-104.520577928631,-104.501795437477
27.39,722.815588922072,-5.30263983322314,0.00158928522817006,0.00115091060579517,-0.000727072117562827,0.000196409897669497,5.4305918678441e-05,-8.47573651137541e-05,-97.3137864885191,-97.3150310650657,-107.023012198981,-107.004688381487
27.4,723.119449540399,-5.3022748296098,0.00158870659564381,0.00114365052411625,-0.000725116702977988,0.00019921003942871,5.43016234572031e-05,-8.44199723648354e-05,-99.6811720183331,-99.6837930363235,-109.506045132032,-109.487957108146
27.41,723.423217522865,-5.30191214184588,0.0015879195101079,0.0011364101809983,-0.000723127895372347,0.000201815810832458,5.42903505135422e-05,-8.40830311871436e-05,-102.027532464642,-102.031688911058,-111.966141042343,-111.948156025464
27.42,723.726891613973,-5.30155176614613,0.00158692033851995,0.0011291899149937,-0.000721099369036108,0.000207358426616524,5.42719554781313e-05,-8.37449973497659e-05,-104.350914538083,-104.356335074021,-114.402343488174,-114.384691004405
27.43,724.030470571813,-5.30119369871182,0.00158569095564884,0.00112199025960382,-0.000719011727026273,0.000213181342948874,5.42458041906713e-05,-8.34082465421731e-05,-106.649573059218,-106.656145495678,-116.815160162549,-116.797925812245
27.44,724.33395316906,-5.30083793563156,0.00158422898778204,0.00111481179009183,-0.000716868730735189,0.000218459477499215,5.42118070981378e-05,-8.30730792983991e-05,-108.923539495065,-108.931210013457,-119.205032454216,-119.188231802915
27.45,724.637338193023,-5.30048447278076,0.00158253630608759,0.00110765502797845,-0.000714676445168189,0.000223086087057872,5.41700211914553e-05,-8.27415738156318e-05,-111.173248774766,-111.181998420933,-121.572283309858,-121.555906020158
27.46,724.940624445276,-5.30013330583364,0.00158061494672348,0.00110052043325136,-0.000712440352500916,0.000227285815811854,5.41205123432655e-05,-8.24108928243346e-05,-113.340582011642,-113.350382337671,-123.822975121441,-123.807001980414
27.47,725.243810788907,-5.29978443021103,0.00157846795272355,0.00109340840644137,-0.000710167889506245,0.000230804137020542,5.40633674515254e-05,-8.20826187567405e-05,-114.643144371681,-114.653766279,-125.123367479172,-125.107786111363
27.48,725.546896434813,-5.29943784081031,0.00157609427473032,0.0010863193404446,-0.000707850063540529,0.000235824269475178,5.39984795762353e-05,-8.17533888207789e-05,-115.909449040193,-115.920843821255,-126.463457974761,-126.448297999992
27.49,725.84988072511,-5.299093532258,0.00157349173056105,0.00107925372176139,-0.000705483824720453,0.000240555289782004,5.39257685008526e-05,-8.14264793720099e-05,-117.196978642043,-117.209123605001,-127.837138646029,-127.822407124848
27.5,726.152762985007,-5.2987514990309,0.00157067401243881,0.00107221204803404,-0.000703061336508993,0.000247051068819373,5.38456829398844e-05,-8.11009679518603e-05,-118.497172718487,-118.510122419484,-129.228031099038,-129.213631864696
27.51,726.455542532849,-5.29841173523576,0.00156763681610428,0.00106519483684621,-0.000700606335682732,0.000248016107972657,5.3758144578929e-05,-8.07746339617462e-05,-119.800360891273,-119.814417691189,-130.628945455839,-130.614590859449
27.52,726.75821868423,-5.29807423507017,0.0015643821069102,0.00105820229988957,-0.000698124683397811,0.000251666629363497,5.36632255831199e-05,-8.04498480092011e-05,-121.103221258672,-121.118156305115,-132.033502917037,-132.019409981954
27.53,727.060790754471,-5.29773899238977,0.00156093212041552,0.00105123478759539,-0.00069560498267642,0.00025546452783425,5.35616531991477e-05,-8.01238863179406e-05,-122.404382472915,-122.420075260473,-133.435798991624,-133.422060758111
27.54,727.363258059668,-5.29740600082876,0.00155728944276989,0.00104429266744839,-0.00069305105808054,0.000258515211903704,5.34535254453529e-05,-7.98003085698237e-05,-123.7027715549,-123.719170000227,-134.832381186711,-134.819026894651
27.55,727.665619917526,-5.29707525391862,0.00155345205683523,0.00103737623861453,-0.000690470354838265,0.000260934391203938,5.33387918812806e-05,-7.9476083277233e-05,-124.997697049067,-125.014781403536,-136.221101070383,-136.208129326119
27.56,727.967875647872,-5.29674674509756,0.0015494209493359,0.00103048573689076,-0.000687868644385985,0.00026279678866144,5.32174985589641e-05,-7.91520944151986e-05,-126.288786366694,-126.306550913682,-137.600582828065,-137.587979413773
27.57,728.270024572955,-5.29642046770854,0.00154519942993246,0.00102362134626488,-0.000685250008014994,0.000264420663579658,5.30897658004386e-05,-7.88249424053225e-05,-127.575910984489,-127.594354297438,-138.969964180623,-138.957710290036
27.58,728.572066017591,-5.29609641497463,0.00154079399253741,0.00101678322512119,-0.000682616464722614,0.000265833291214741,5.29558165566686e-05,-7.84957835287838e-05,-128.859043162363,-128.878165287569,-140.328650059988,-140.316725811889
27.59,728.873999309212,-5.29577457995682,0.00153622100423252,0.00100997155588536,-0.000679962619647551,0.000267024983763943,5.28162096922864e-05,-7.81615924495154e-05,-130.084257374949,-130.103687700473,-141.593322554831,-141.582114183653
27.6,729.175823809575,-5.29545495541176,0.00153149619048317,0.0010031864404785,-0.000677304476603614,0.000268420540129265,5.26715080180384e-05,-7.78247167575526e-05,-130.875381241408,-130.894898323261,-142.387654151661,-142.37717405494
27.61,729.477539064889,-5.2951375337742,0.0015266296027999,0.000996427988183295,-0.000674631053316972,0.000270023332162008,5.25219945623355e-05,-7.74806325989244e-05,-131.653615912772,-131.673512333861,-143.191740592816,-143.181696852851
27.62,729.779144678771,-5.29482230729838,0.00152162610915974,0.000989696362427131,-0.000671940030595774,0.000271986707924373,5.23678277141781e-05,-7.71322222225409e-05,-132.438985840467,-132.459353525311,-144.002176267581,-143.992470015048
27.63,730.080640248702,-5.29450926816171,0.0015164882651832,0.000982991759804852,-0.000669227558365381,0.000274345782936574,5.22090876555512e-05,-7.67774459800644e-05,-133.229316969788,-133.250178265119,-144.814743629114,-144.805338136339
27.64,730.382025369242,-5.29419840844666,0.00151121931659289,0.000976314413845161,-0.000666490622684598,0.000276887549922377,5.20458759409181e-05,-7.6418588236525e-05,-134.022750160818,-134.044106006043,-145.626898584577,-145.617776763364
27.65,730.683299510875,-5.29388972025403,0.00150582316717832,0.000969664611081669,-0.000663723062719653,0.000278697491497492,5.18783568055554e-05,-7.60540716195383e-05,-135.921579507667,-135.943710320052,-147.613178920688,-147.604323374428
27.66,730.984458765222,-5.29358319881008,0.00150034081941268,0.000963043261319354,-0.00066087188988766,0.000251450355470944,5.17082476373181e-05,-7.56869558273146e-05,-147.092899819907,-147.114857629146,-194.047238317231,-194.038476098765
27.67,731.285488529457,-5.29327884785719,0.00149509345020698,0.000956448340790513,-0.000658392946606315,0.000208197371136577,5.15476951080496e-05,-7.53245444325222e-05,-158.852017739722,-158.873976951484,-241.084103131697,-241.075398708476
27.68,731.586373560955,-5.29297666909347,0.00149037547395921,0.000949874621507221,-0.000656593762304876,0.000145021924432216,5.14069032791113e-05,-7.49061637217382e-05,-170.612394478434,-170.634354540379,-288.11953074,-288.110782075747
27.69,731.887098482627,-5.29267666326847,0.00148645191652049,0.000943316465090972,-0.000655177031076382,0.00011743410650997,5.12942869361807e-05,-7.43778962787576e-05,-182.372908562099,-182.394870102402,-335.155988545008,-335.147345797588
27.7,732.187647988638,-5.29237883044165,0.00148335077142815,0.000936770648337524,-0.000654117728947357,7.57548629900175e-05,5.1210826118859e-05,-7.37557920788764e-05,-194.133645512605,-194.155603734805,-382.195772502132,-382.187124832549
27.71,732.488006865955,-5.29208317042816,0.0014812866177002,0.000930232662906954,-0.000653525247424044,4.64582191114981e-05,5.11639100376564e-05,-7.30279632860369e-05,-205.894634313462,-205.916566174986,-429.237560066988,-429.228882147375
27.72,732.788159915232,-5.29178968205832,0.00148038093883454,0.000923699728120073,-0.000653076491163003,2.2300065420909e-05,5.11574328769059e-05,-7.21676638693709e-05,-217.655822859928,-217.677784822194,-476.280984276806,-476.272386360494
27.73,733.088092029855,-5.29149836359304,0.00148063339121593,0.000917170407121751,-0.000652749632791655,1.15087577160229e-05,5.11915189841164e-05,-7.12073747226696e-05,-229.417199227299,-229.439169423032,-523.331660914979,-523.323134441455
27.74,733.387790871507,-5.29120921414127,0.00148150425519761,0.000910640687767614,-0.000653055237956177,1.92319340580475e-05,5.12482405154163e-05,-7.01956704674482e-05,-241.178227327561,-241.200157395025,-490.183130377417,-490.199585093281
27.75,733.68726044774,-5.29092222093811,0.00148294654042099,0.000904114281573837,-0.000651986402433594,0.000193165221854824,5.13210082088116e-05,-6.90402572484968e-05,-229.470797732335,-229.492618718455,-460.952366026684,-460.969026398548
27.76,733.986512558912,-5.2906373673356,0.00148384469471378,0.000897606576240995,-0.000649529529084791,0.000319083967504333,5.13730774926748e-05,-6.79403637595876e-05,-233.83015786165,-233.850247338331,-413.911378085563,-413.927927933027
27.77,734.285556365316,-5.29035464424516,0.00148353709051686,0.00089113068185172,-0.000645822020754391,0.000415255816991871,5.13832691330776e-05,-6.69291828100456e-05,-248.163706389111,-248.184359826676,-394.790965187077,-394.809551848442
27.78,734.584393459114,-5.29007404906121,0.00148198263722246,0.000884696294258631,-0.000641365361116323,0.000466457033828607,5.13518740233226e-05,-6.60383579291772e-05,-259.931979026681,-259.952610909027,-386.154185104178,-386.175018226646
27.79,734.883023174851,-5.28979557767647,0.00147941390884069,0.000878309077036174,-0.000636413038791879,0.000535274163878968,5.12870287630197e-05,-6.52503101508202e-05,-271.691237112638,-271.71179120807,-375.552214059797,-375.575278826696
27.8,735.181445200369,-5.28951922113388,0.00147600997753766,0.000871974797623388,-0.00063092211139276,0.000559813703062253,5.11946414329158e-05,-6.45573925039148e-05,-283.450490745901,-283.471113898516,-363.291321384407,-363.316576185148
27.81,735.479659595699,-5.28924496923386,0.00147167146630823,0.00086569651144166,-0.000625221006500529,0.000583177610939186,5.10717471297569e-05,-6.39872376139961e-05,-295.209681772678,-295.230296761821,-350.538852515907,-350.566444963547
27.82,735.777666555434,-5.2889728115129,0.00146634160316255,0.00085947605270739,-0.000619409852075542,0.000589964221103288,5.09165253374089e-05,-6.35058176731229e-05,-306.968848325335,-306.989463708383,-337.758128485879,-337.788020557853
27.83,736.075466298111,-5.28870273727338,0.0014600582088023,0.000853313815232567,-0.000613603699182416,0.000590827839457201,5.07303332472678e-05,-6.31051634416842e-05,-318.728078299953,-318.748628180527,-325.042057141354,-325.074332808788
27.84,736.373059037325,-5.28843473505475,0.00145293478433916,0.000847210125772956,-0.000607754602459213,0.000574349584995697,5.05166939699669e-05,-6.27683646650021e-05,-321.93318722272,-321.988833658302,-320.962339715748,-320.96094491689
27.85,736.670444985676,-5.28816879207527,0.00144511899085019,0.000841163685755761,-0.000602125496104195,0.000550363972358409,5.02807520977244e-05,-6.25023335807443e-05,-321.785566710851,-321.838491417466,-320.321789195451,-320.32323247982
27.86,736.96762433429,-5.28790489464396,0.00143679126082025,0.000835171829397042,-0.000596814257469287,0.000518003603492842,5.00284730086372e-05,-6.22707313455493e-05,-321.663111661092,-321.716520633256,-319.666225288547,-319.666953284306
27.87,737.264597271393,-5.28764302840529,0.00142809130848522,0.000829231289764927,-0.000591831552789738,0.000485074842410541,4.97643666962491e-05,-6.20546924731777e-05,-321.53097608273,-321.585788832551,-319.037822977026,-319.037331625826
27.88,737.561363990037,-5.28738317889887,0.00141912021611778,0.000823338822884563,-0.000587164612535069,0.000454570583812066,4.94916036689509e-05,-6.18423149381759e-05,-321.380906930246,-321.437283349958,-318.459281321097,-318.457447750971
27.89,737.857924686722,-5.2871253317989,0.00140995845825557,0.000817491415922241,-0.000582785704260815,0.000427189237745002,4.92126452646509e-05,-6.16266886606794e-05,-321.203374197762,-321.261207083099,-317.940834461366,-317.937770412919
27.9,738.154279560985,-5.28686947300302,0.00140067188846524,0.00081168636803456,-0.000578661209204803,0.000403389103571296,4.89294634339665e-05,-6.14018116179885e-05,-320.994268105119,-321.053341125197,-317.491883693409,-317.48779350737
27.91,738.450428814164,-5.28661558861264,0.00139133365634759,0.000805921395571584,-0.000574728733365044,0.000390693754792495,4.86442645720553e-05,-6.11645859539052e-05,-320.751197604046,-320.811507483558,-317.118719811227,-317.113491964456
27.92,738.74637265284,-5.28636366492547,0.00138190658726315,0.000800195141460368,-0.000570910404365711,0.000378117910770709,4.83555396476528e-05,-6.09125388058857e-05,-320.431443636637,-320.493744459272,-316.85989502364,-316.852900118982
27.93,739.042111291372,-5.28611368945959,0.00137235908574553,0.000794506554103595,-0.000567174582788176,0.000372087895152464,4.80620285877735e-05,-6.0656933639222e-05,-320.058767044133,-320.121756033176,-316.708569138928,-316.701086183257
27.94,739.337644943219,-5.28586564966339,0.00136275829038148,0.000788854810120161,-0.000563541924230875,0.000359881778694207,4.77658817604957e-05,-6.03993619216355e-05,-319.677627750432,-319.740606540745,-316.64197569463,-316.634640252777
27.95,739.632973810503,-5.28561953261343,0.00135316765468839,0.000783238808816333,-0.000560012672412448,0.000349958295210503,4.74691192886884e-05,-6.01358933507142e-05,-319.2922281671,-319.354846287701,-316.628274597771,-316.621416748504
27.96,739.928098086652,-5.28537532549913,0.00134359041817928,0.000777657568480243,-0.000556577164629234,0.000341549808120681,4.71717356343207e-05,-5.9862724224892e-05,-318.906461658792,-318.968380574412,-316.648769322738,-316.642526701028
27.97,740.223017958262,-5.28513301586854,0.00133402177051869,0.000772110253049268,-0.000553217323355428,0.000334648809472247,4.68734722985188e-05,-5.95789196549013e-05,-318.524097795365,-318.585567614902,-316.692218115134,-316.686664387184
27.98,740.517733605138,-5.28489259158977,0.00132445739897734,0.000766596185792727,-0.000549917995810214,0.000329425239391054,4.65741199211339e-05,-5.92839493830518e-05,-318.148000660473,-318.208783131633,-316.749314673563,-316.744497855106
27.99,740.812245200991,-5.28465404081036,0.001314878900638,0.000761114902492046,-0.000546646640085717,0.000328410180954093,4.62730022660795e-05,-5.89787297042778e-05,-317.781592241805,-317.841656814972,-316.811958677821,-316.807914455257
28,741.106552914305,-5.28441735267375,0.0013051500031087,0.000755665835434324,-0.000543503356918788,0.000305480879337668,4.596560873027e-05,-5.86658097653685e-05,-317.427350979775,-317.486606860906,-316.873159562882,-316.869960463307
28.01,741.400656907321,-5.28418251693158,0.00129539412352615,0.00075024738018017,-0.000540467371852873,0.000306729868284623,4.56561539947372e-05,-5.83309742198277e-05,-317.087022080448,-317.14541282265,-316.926629861714,-316.924239524145
28.02,741.694557335635,-5.28394952201307,0.00128571954057667,0.000744859420503689,-0.000537405121120995,0.000309787682396336,4.53482307351248e-05,-5.79718780816076e-05,-316.761054808043,-316.818681238165,-316.966083311584,-316.964412437411
28.03,741.988254349478,-5.28371835602626,0.00127611820991606,0.000739502271592579,-0.000534307575009556,0.000313483404744606,4.5041617998818e-05,-5.76064383215611e-05,-316.449729524071,-316.50660345206,-316.986224340958,-316.985250147769
28.04,742.281748094767,-5.28348900716933,0.00126656815300471,0.00073417629973026,-0.000531173015343567,0.000317237507344041,4.47356426146264e-05,-5.72370893013926e-05,-316.154269083121,-316.210406357061,-316.984030510137,-316.983726444245
28.05,742.57503871319,-5.28326146374217,0.00125704973239308,0.000728881875826517,-0.0005280016400799,0.000320884999737424,4.44297230158037e-05,-5.68653216555283e-05,-315.875213578898,-315.93064580395,-316.957074778436,-316.957400240413
28.06,742.868126342419,-5.28303571411506,0.00124754616831607,0.000723619359700891,-0.000524795290035855,0.000324267295837115,4.41233825482715e-05,-5.64929601814918e-05,-315.612545964816,-315.66731760626,-316.903592438729,-316.904496360998
28.07,743.161011116441,-5.28281174670617,0.00123804336625697,0.000718389085063468,-0.000521557013688857,0.000327314524394779,4.38162397745307e-05,-5.61207233469982e-05,-315.365724425392,-315.419888009761,-316.822461688861,-316.823885995034
28.08,743.453693165964,-5.28258954995971,0.00122853020398533,0.000713191351855913,-0.000518290501868268,0.000329951629485148,4.3508014692375e-05,-5.57498512493233e-05,-315.134001143853,-315.187614529893,-316.71340750617,-316.715290461424
28.09,743.746172618771,-5.28236911233097,0.00121899812949711,0.000708026418189766,-0.000515000243205595,0.000332155960877215,4.31985125841143e-05,-5.53806343168146e-05,-314.91631790855,-314.969442401007,-316.577688020997,-316.579964313187
28.1,744.038449599972,-5.28215042227218,0.00120944121845536,0.000702894502278471,-0.000511689696537526,0.000333959997415927,4.28876220929458e-05,-5.5013831946982e-05,-314.711380121255,-314.764073965547,-316.414406605194,-316.417016447711
28.11,744.330524232696,-5.28193346822446,0.00119985543960808,0.00069779578125942,-0.000508363571083111,0.000335333103270463,4.25752905397996e-05,-5.46495321227217e-05,-314.517753449993,-314.57007558363,-316.226037188888,-316.228919137994
28.12,744.622396638331,-5.28171823861149,0.00119023884788662,0.000692730389343942,-0.000505025808773665,0.000336306385927445,4.22615272813807e-05,-5.42881861663434e-05,-314.334088382775,-314.386094633158,-316.014703866652,-316.017800599696
28.13,744.914066936748,-5.28150472183752,0.00118059096727748,0.000687698421806594,-0.000501680163121795,0.000336929632316434,4.19463822904755e-05,-5.39296098672995e-05,-314.158702681263,-314.210444060748,-315.78265270936,-315.785911487807
28.14,745.205535246638,-5.28129290628567,0.00117091269869199,0.00068269993909169,-0.000498329970357029,0.000337225462295101,4.16299422430406e-05,-5.35741183880839e-05,-313.990014969459,-314.041537265313,-315.532541534005,-315.535915288051
28.15,745.496801685789,-5.28108278032053,0.00116120584291986,0.000677734969727225,-0.000494978220250639,0.000337249296175357,4.13123140892121e-05,-5.32214429895068e-05,-313.826332518483,-313.877675190274,-315.26710091004,-315.270548548371
28.16,745.787866371367,-5.2808743322899,0.00115147304763934,0.000672803515221934,-0.000491627452499975,0.000337027112586897,4.099362324178e-05,-5.28718047297534e-05,-313.666166808889,-313.717363061215,-314.989328676417,-314.99281565842
28.17,746.078729420158,-5.28066755059702,0.00114168632587208,0.000667905488432037,-0.000488304682697101,0.000331229453069491,4.06729404770066e-05,-5.25257648786848e-05,-313.507783264875,-313.558491227231,-314.702370494674,-314.706375917373
28.18,746.369390950725,-5.28046242418168,0.0011318572982223,0.000663040601446788,-0.000484974420246737,0.00033750594347678,4.0350478217143e-05,-5.21860215660947e-05,-313.331852783781,-313.379954991975,-314.424992358791,-314.431482931957
28.19,746.659851085725,-5.28025894130734,0.00112201976105599,0.000658209220216115,-0.000481617850522965,0.000337300838263935,4.00274085486464e-05,-5.1850107566742e-05,-313.142048784004,-313.188493978103,-314.162152345735,-314.169802465543
28.2,746.950109948263,-5.2800570904959,0.00111213502929467,0.00065341133255834,-0.000478278336186703,0.000334629035010701,3.97024853051951e-05,-5.15189383688533e-05,-312.959598310028,-313.005906728017,-313.906948022975,-313.914841954686
28.21,747.240167656671,-5.27985686044627,0.00110220938668753,0.000648646686422783,-0.000474966288561635,0.000332121454302774,3.93759486513589e-05,-5.11871928542107e-05,-312.784102925413,-312.83042379258,-313.647731675856,-313.655477393494
28.22,747.530024326732,-5.27965823977262,0.00109226631285548,0.000643915041351512,-0.00047167468122666,0.000330469503100947,3.90486055040752e-05,-5.08545477523202e-05,-312.61456350614,-312.660970597281,-313.38097468287,-313.38851471209
28.23,747.81968007291,-5.27946121696874,0.0010823155000839,0.00063921618316231,-0.000468410035294279,0.000329037063732312,3.87207813962422e-05,-5.0522589605478e-05,-312.448947685429,-312.496324051203,-313.108474269648,-313.114663566791
28.24,748.109135009444,-5.27926578072483,0.00107234640347544,0.000634550022444861,-0.000465133150562467,0.000328692392899958,3.83919565972714e-05,-5.01914930421828e-05,-312.294871498818,-312.345392709047,-312.825778435622,-312.82883613223
28.25,748.398389250248,-5.27907191972574,0.00106236577177959,0.000629916553414413,-0.000461868102453607,0.000328310842907068,3.80624061043777e-05,-4.98658056252187e-05,-312.149408957252,-312.200788694156,-312.538568254642,-312.540770508666
28.26,748.687442906197,-5.27887962260871,0.0010523866859609,0.000625315710282815,-0.000458608573384779,0.000327468910926596,3.77325853120137e-05,-4.95430002749714e-05,-312.000512509296,-312.051755273456,-312.253216597692,-312.255471823617
28.27,748.976296088659,-5.2786888778908,0.00104242551929819,0.000620747406896281,-0.000455360106236208,0.000326106721981371,3.74030629031705e-05,-4.92239353854619e-05,-311.844581355643,-311.895457310581,-311.974627252496,-311.977125008798
28.28,749.264948910274,-5.27849967399323,0.00103249580989895,0.000616211505705738,-0.000452127347599286,0.000324369459325891,3.70743096069005e-05,-4.89082097266235e-05,-311.681874582447,-311.732423741577,-311.706487420104,-311.709175506874
28.29,749.553401484432,-5.27831199928353,0.00102260847112973,0.000611707834251539,-0.000448912723358112,0.000322490852770412,3.67467050999238e-05,-4.85951331050049e-05,-311.513031965978,-311.563330841759,-311.450931801642,-311.45373206391
28.3,749.841653924792,-5.27812584210419,0.00101277255108356,0.00060723620664322,-0.000445716867858512,0.000320599993886679,3.64205628504993e-05,-4.82844303660432e-05,-311.338461898778,-311.388554386722,-311.209278102587,-311.212147233185
28.31,750.129706345013,-5.2779411907902,0.00100299691082508,0.0006027964309332,-0.000442541946139478,0.000317928765438113,3.60961902444409e-05,-4.79758807824496e-05,-311.158246036799,-311.208140820969,-310.982342763706,-310.985270721224
28.32,750.417558858881,-5.27775803353182,0.000993319589496896,0.000598388341988174,-0.00043937017627868,0.000320140230529275,3.57748845823924e-05,-4.76690959186404e-05,-310.972675062459,-311.022366210219,-310.771819293694,-310.774808441254
28.33,750.705211579647,-5.27757635823488,0.000983751846795071,0.000594012082114895,-0.000436180911357415,0.000321340917690737,3.54570066105561e-05,-4.73666255870913e-05,-310.782050887064,-310.831540832945,-310.576447955935,-310.579491755938
28.34,750.992664620154,-5.27739615289654,0.000974273650889731,0.000589667767155061,-0.000432984160349153,0.000321528064863458,3.51418603591464e-05,-4.70721865885239e-05,-310.586434882511,-310.635697568023,-310.397056077865,-310.400194337456
28.35,751.279918093037,-5.27721740572624,0.000964865203506454,0.00058535540686368,-0.000429791956269631,0.000320494401452171,3.4828760089677e-05,-4.67855427122728e-05,-310.386601364617,-310.435608648171,-310.233898910987,-310.237163581812
28.36,751.56697211039,-5.2770401051427,0.000955511661249336,0.000581074892102056,-0.000426615617187892,0.000318392097949748,3.4517192059077e-05,-4.65056676849057e-05,-310.183261836605,-310.231990129812,-310.086801818695,-310.090219100053
28.37,751.853826783622,-5.27686423975507,0.000946203117269443,0.000576826008056306,-0.000423465063276345,0.0003153743507094,3.42068135277177e-05,-4.62313599580246e-05,-309.977095254571,-310.02552563575,-309.955242598801,-309.958833101825
28.38,752.140482223329,-5.27668979834419,0.000936934095393742,0.000572608449514115,-0.000420348576826749,0.000311605312057417,3.38974352870675e-05,-4.5961144852137e-05,-309.768939464447,-309.817056105707,-309.838573651006,-309.842353735057
28.39,752.426938539156,-5.27651676984368,0.00092770316733292,0.000568421837706738,-0.000417272705007409,0.000307297064095246,3.35890085911704e-05,-4.56935797847032e-05,-309.559589298363,-309.607378218257,-309.735852213112,-309.739835024946
28.4,752.713195839679,-5.27634514332109,0.000918512187201617,0.000564265739376335,-0.000414242095810403,0.000302592426039667,3.32815986106411e-05,-4.54271214030181e-05,-309.349949190622,-309.397398124621,-309.646034123628,-309.650229839577
28.41,752.999254232269,-5.27617490796038,0.000909366870582712,0.000560139689987271,-0.000411253923663732,0.000302789170939075,3.29753996392996e-05,-4.51603730883252e-05,-309.14091202382,-309.18801027101,-309.567895791249,-309.572311733579
28.42,753.285113823485,-5.27600605266292,0.000900322228639032,0.000556043418564823,-0.000408299318127085,0.000292069297936505,3.26724009623925e-05,-4.48884116684635e-05,-308.926867254797,-308.97515717881,-309.506177223406,-309.509169898216
28.43,753.570774720266,-5.27583856678567,0.000891310653077218,0.000551976166755134,-0.000405431267749218,0.000286128101299091,3.23703074747768e-05,-4.46152379920963e-05,-308.70773980173,-308.756490941254,-309.461341337475,-309.46379452318
28.44,753.856237028973,-5.27567243973205,0.000882389587489189,0.000547937324066059,-0.000402609721165567,0.000282153050427628,3.20710723796775e-05,-4.4334897428415e-05,-308.49354946817,-308.542165368447,-309.429023116631,-309.431506628737
28.45,754.141500852606,-5.27550766076449,0.000873574173892277,0.000543926480164912,-0.000399828700007641,0.000277784800467583,3.17752222738737e-05,-4.40512196214901e-05,-308.28700635569,-308.33523299692,-309.401807869131,-309.404530745059
28.46,754.426566291583,-5.27534421906763,0.000864896169222276,0.000539943296815669,-0.000397066900462065,0.000278009759422396,3.14838494674808e-05,-4.37636328534485e-05,-308.088866758414,-308.136651661303,-309.375548445772,-309.378542825529
28.47,754.711433443527,-5.27518210367825,0.000856359901378156,0.000535987732540362,-0.000394305878430035,0.00027772504412088,3.11970815736103e-05,-4.34740307886608e-05,-307.899589828272,-307.946956672467,-309.347591201502,-309.350833424284
28.48,754.996102403639,-5.27502130377479,0.000847948826606363,0.000532059758641539,-0.000391548959954577,0.000277171932079154,3.09143340793798e-05,-4.31850412100328e-05,-307.719418522695,-307.766390887886,-309.315939808876,-309.319404808878
28.49,755.280573264918,-5.27486180873276,0.000839647814562059,0.000528159319271085,-0.000388798669656195,0.000276424647086568,3.06350714950238e-05,-4.28966787032262e-05,-307.548555889195,-307.595158092309,-309.27914191426,-309.282804237156
28.5,755.564846118273,-5.27470360810152,0.000831445011249374,0.000524286339187772,-0.0003860565492708,0.000275547141171573,3.03588738986337e-05,-4.26090005110858e-05,-307.387023918256,-307.433278928855,-309.236015216295,-309.23985095102
28.51,755.848921052641,-5.27454669157891,0.000823331088357829,0.000520440730268326,-0.00038332373597813,0.000274564206837662,3.00854119140786e-05,-4.2322177294103e-05,-307.234754929962,-307.280683778574,-309.185675961321,-309.18966327715
28.52,756.132798155095,-5.27439104899163,0.000815298690112627,0.000516622393879723,-0.000380601233021495,0.000273483682401263,2.98144278628668e-05,-4.20363727768524e-05,-307.091529645488,-307.13715158515,-309.127463451616,-309.131582338069
28.53,756.41647751097,-5.27423667027898,0.000807342128339386,0.000512831221660609,-0.000377889994936656,0.000272308809282613,2.95457251523118e-05,-4.17517363632276e-05,-306.957054711643,-307.002387506633,-309.060973050556,-309.065205054976
28.54,756.699959203949,-5.27408354543246,0.000799468989565945,0.000509067147626741,-0.000375183563050182,0.000270147575506516,2.92795926494305e-05,-4.14682245335714e-05,-306.832629610476,-306.876545029195,-308.984255313323,-308.989901770011
28.55,756.983243316606,-5.27393166434149,0.000791687695603073,0.000505329986271786,-0.000372501498616604,0.000269471115729644,2.9016403851221e-05,-4.11868991168729e-05,-306.723116403352,-306.765308160437,-308.894156817976,-308.901226610133
28.56,757.266329929445,-5.27378101694633,0.000784000746275635,0.000501619565949476,-0.000369836800782651,0.00026714641814664,2.87562307154095e-05,-4.09055060454702e-05,-306.622526124698,-306.664059930442,-308.795631734593,-308.803139313684
28.57,757.54921912039,-5.2736315932652,0.000776403798652822,0.000497935674886596,-0.00036719290683747,0.000265227956391342,2.84989314142226e-05,-4.06248737809451e-05,-306.526530012438,-306.567736348414,-308.688036169771,-308.695675367334
28.58,757.831910966774,-5.27348338344792,0.000768890667743913,0.000494278121181247,-0.000364567127365591,0.000263542842152705,2.82442925098945e-05,-4.03443982539792e-05,-306.433894229661,-306.474870265507,-308.573949122557,-308.581634293655
28.59,758.114405545573,-5.27333637776925,0.000761456057155215,0.000490646738988762,-0.000361956701325861,0.000262106693608559,2.79921287147185e-05,-4.00643125104091e-05,-306.344407818115,-306.385179337015,-308.455077827331,-308.46278449921
28.6,758.396702933047,-5.27319056661393,0.000754095308861654,0.000487041386257347,-0.0003593596868926,0.000260826368123259,2.7742276483725e-05,-3.97849540453572e-05,-306.257501229406,-306.298073233877,-308.332418961732,-308.340141306045
28.61,758.678803204739,-5.27304594046538,0.000746804324248194,0.000483461936119198,-0.000356774871231407,0.00025963984026672,2.74945924171062e-05,-3.95066313407138e-05,-306.172650369182,-306.213022900028,-308.206832710377,-308.21456937927
28.62,758.960706435478,-5.27290248989656,0.000739579531803413,0.000479908270946161,-0.00035420152897279,0.000258508682273686,2.72489525278682e-05,-3.92295946632713e-05,-306.089247726287,-306.129420254182,-308.078986763608,-308.086736986539
28.63,759.242412699463,-5.27276020556239,0.000732417851723243,0.000476380278578563,-0.000351639238983976,0.000257407886954334,2.70052510404299e-05,-3.89540659709846e-05,-306.006855357849,-306.046827698376,-307.94963867891,-307.957401494455
28.64,759.523922070295,-5.27261907819362,0.000725316643595321,0.000472877849866173,-0.000349087785664636,0.000256320286944974,2.67633984589586e-05,-3.86802283727781e-05,-305.925020190763,-305.964792492891,-307.819445903225,-307.827220203633
28.65,759.805234621028,-5.27247909859171,0.000718273651546027,0.000469400876949369,-0.000346547106686595,0.00025523158597355,2.65233194860505e-05,-3.84082570324337e-05,-305.843384616298,-305.882957191994,-307.689089852717,-307.696874552995
28.66,760.086350424201,-5.27234025762493,0.000711286944231689,0.00046594925185389,-0.000344017267797627,0.000254130562034849,2.62849507454217e-05,-3.81382930930943e-05,-305.761663900275,-305.801007958631,-307.559213839557,-307.56700801763
28.67,760.367269551791,-5.27220254622541,0.000704354789261033,0.000462522868018603,-0.000341498401184701,0.000252565389967793,2.60482361254198e-05,-3.78704741359028e-05,-305.68082467388,-305.719997626286,-307.430364037855,-307.438167420182
28.68,760.647992075251,-5.27206595564826,0.000697429279407289,0.000459121437135272,-0.000339018790259402,0.000250930006742424,2.58114456220349e-05,-3.76079254622214e-05,-305.597147913571,-305.634905464402,-307.303489997211,-307.312641698676
28.69,760.928518066558,-5.27193047719351,0.000690569712776069,0.000455744941384089,-0.000336514148574042,0.000252172013319743,2.55765706667271e-05,-3.73466602993559e-05,-305.508815788707,-305.545071419532,-307.182264881052,-307.192652444832
28.7,761.20884759785,-5.27179610198476,0.000683741971877484,0.000452393466304602,-0.000334019277428029,0.000249945106520436,2.53424689309832e-05,-3.70910161040885e-05,-305.419512425577,-305.455094174798,-307.066515861271,-307.077333584615
28.71,761.488980740191,-5.27166282147488,0.000676933191708007,0.000449066796415177,-0.000331551354856812,0.000247127969250259,2.51087196973598e-05,-3.68363881196056e-05,-305.330882223157,-305.366246911077,-306.953955830057,-306.964777515611
28.72,761.768917563506,-5.27153062717201,0.000670155011784987,0.00044576466349492,-0.000329108272046088,0.000244974797930925,2.48757506784408e-05,-3.65809531997418e-05,-305.242851698789,-305.278134993146,-306.843021822787,-306.853729453277
28.73,762.048658136941,-5.27139951051152,0.000663423458309362,0.000442486860316884,-0.00032668251183133,0.000243549826931165,2.46441421020246e-05,-3.63254825512815e-05,-305.155162575167,-305.19033943025,-306.73349510419,-306.744119352613
28.74,762.328202529039,-5.27126946285105,0.000656749900254381,0.000439233247429708,-0.000324268501722872,0.000242514674566991,2.44143127016176e-05,-3.60713131618167e-05,-305.067525040003,-305.102534163046,-306.625739102583,-306.636340500273
28.75,762.607550807825,-5.27114047551205,0.000650139911888097,0.000436003721609543,-0.000321864164207588,0.000241546091037181,2.41864791029606e-05,-3.58194040092285e-05,-304.97977927901,-305.014580955528,-306.52028208469,-306.530897974107
28.76,762.886703040815,-5.27101253982201,0.000643595198219271,0.000432798185529688,-0.000319469878190038,0.000240470793198392,2.39607215840743e-05,-3.55701356542712e-05,-304.891711310201,-304.926297097251,-306.417436137402,-306.4280733355
28.77,763.165659295064,-5.27088564714199,0.000637115720098005,0.000429616531454051,-0.000317087024779217,0.000239243190707485,2.37370572307479e-05,-3.53235362277719e-05,-304.803277180026,-304.837658888658,-306.317487511769,-306.32813386656
28.78,763.444419637161,-5.2707597888804,0.000630700962628198,0.000426458636980022,-0.000314717035119559,0.000237885112251481,2.35154837609685e-05,-3.5079461347505e-05,-304.714527379108,-304.748723657191,-306.220673127424,-306.231310574678
28.79,763.722984133216,-5.27063495649913,0.000624350402788769,0.000423324367089829,-0.00031236101014906,0.000236434016087901,2.32959957865003e-05,-3.4837772287152e-05,-304.625431240057,-304.659459123089,-306.127073774404,-306.137686277641
28.8,764.001352848869,-5.27051114152327,0.000618060691862828,0.000420213563583529,-0.000310025130951523,0.000233535958396927,2.30784855464902e-05,-3.45983682756559e-05,-304.536130018728,-304.570172238848,-306.037780782254,-306.048133494866
28.81,764.279525849198,-5.27038833569696,0.000611810416921128,0.000417126025217848,-0.000307700276596762,0.000233699372722691,2.28621172920365e-05,-3.43608037352971e-05,-304.447286211525,-304.483286068675,-305.950661373736,-305.958795147875
28.82,764.557503198854,-5.27026653095447,0.000605594941344264,0.000414061684921571,-0.00030538757754752,0.000232251413825546,2.26467150578489e-05,-3.41258334688162e-05,-304.360877060662,-304.397727746206,-305.864878526409,-305.872074587508
28.83,764.835284961682,-5.27014571929295,0.000599414582924193,0.000411020416260077,-0.000303084833275703,0.000231194095980398,2.24323091177763e-05,-3.38934592970623e-05,-304.275006581652,-304.311787598966,-305.781867125242,-305.78898489843
28.84,765.11287120083,-5.27002589270455,0.000593276107047016,0.00040800210984339,-0.000300794653987775,0.00022975366614105,2.22191540359094e-05,-3.3664036059532e-05,-304.188357607218,-304.224797837835,-305.702455241593,-305.709733370024
28.85,765.390261979152,-5.26990704316047,0.000587186042125981,0.000405006619825886,-0.000298520641669262,0.000227980462099502,2.20074973334271e-05,-3.34374074144501e-05,-304.100893599737,-304.136987815159,-305.627141877062,-305.634575502518
28.86,765.667457359143,-5.26978916263269,0.000581149237032518,0.000402033769485219,-0.000296265264659471,0.000226035509999444,2.17975273249369e-05,-3.32131147244476e-05,-304.012918355159,-304.048723263995,-305.556062431188,-305.563594314845
28.87,765.944457402828,-5.26967224311569,0.000575169182015315,0.000399083365703589,-0.000294029558601151,0.000224039225402726,2.15893829486668e-05,-3.2990737901799e-05,-303.92469603981,-303.960257663294,-305.489086017157,-305.496672084213
28.88,766.221262171694,-5.26955627664042,0.000569248450318907,0.000396155210475561,-0.000291813654262734,0.00022205677413885,2.13831687674971e-05,-3.27699863053158e-05,-303.836463221052,-303.871805504711,-305.426003601392,-305.433621619786
28.89,766.497871726647,-5.26944125528265,0.000563388935979063,0.000393249107190542,-0.000289617249046637,0.00022011586472303,2.11789632484722e-05,-3.2550662067234e-05,-303.748444350297,-303.783576383884,-305.36658562802,-305.374227452136
28.9,766.774286127983,-5.26932717116869,0.000557591930204765,0.000390364863343616,-0.000287439845491447,0.000218262358965167,2.09768214866697e-05,-3.23326530795689e-05,-303.661637797677,-303.696363612989,-305.310552750106,-305.318216358945
28.91,767.050505435266,-5.26921401648062,0.000551858017638313,0.000387502295071388,-0.000285280643472458,0.000216353467666903,2.07767713086227e-05,-3.21158714927292e-05,-303.575129217392,-303.609845414949,-305.257561351506,-305.26524685794
28.92,767.326529707323,-5.26910178343584,0.000546198405022953,0.000384661239735361,-0.000283130331523217,0.000217394166166243,2.05792205246602e-05,-3.19000027416837e-05,-303.488549493105,-303.523186971603,-305.207369626349,-305.214907549181
28.93,767.602359002781,-5.26899046403862,0.00054062256093521,0.000381841653008029,-0.000280998255699544,0.000212023411229209,2.03845930733531e-05,-3.16831621875351e-05,-303.401313345008,-303.436908472297,-305.161244973857,-305.167621678593
28.94,767.877993379856,-5.26888005066486,0.000535104009147642,0.000379043150788683,-0.000278902204039421,0.000210319320209493,2.0191948537642e-05,-3.14674810863922e-05,-303.314708540367,-303.350632121792,-305.118289896657,-305.124200257434
28.95,768.153432896088,-5.26877053561658,0.000529670789578168,0.000376265551708181,-0.00027681506737598,0.000209775182623569,2.00022652887158e-05,-3.12514981959493e-05,-303.230214134407,-303.266070064449,-305.07769229026,-305.083503770594
28.96,768.428677608013,-5.26866191116092,0.000524318578232012,0.000373508792587174,-0.000274734293493172,0.000208936296809608,1.98153828721066e-05,-3.10385050819473e-05,-303.147879853111,-303.183519359503,-305.038283838123,-305.044132856496
28.97,768.703727571298,-5.26855416970663,0.000519034087818449,0.000370772785279277,-0.000272664587874101,0.000207592992105963,1.96308196710467e-05,-3.08286369929147e-05,-303.067807157283,-303.10319165548,-304.999419373691,-305.005340543775
28.98,768.978582840788,-5.26844730383725,0.000513805527748747,0.000368057394431458,-0.000270610134567945,0.000205922289623254,1.94481430886166e-05,-3.06211138410215e-05,-302.99009918805,-303.025230354025,-304.960679974985,-304.96667103385
28.99,769.25324347054,-5.26834130629359,0.000508624523291986,0.00036536245368864,-0.000268573136164475,0.000204116356602476,1.92670395061724e-05,-3.04152162578614e-05,-302.91479110747,-302.949680586597,-304.921704664912,-304.927754357454
29,769.527709513861,-5.26823616994852,0.00050348548801376,0.000362687783821845,-0.00026655424864261,0.000202295947078152,1.90872939102031e-05,-3.02105133912749e-05,-302.841950255414,-302.876609341135,-304.882246452908,-304.888343952404
29.01,769.801981023312,-5.26813188778612,0.000498384694892935,0.000360033204310034,-0.000264553266590245,0.000200520945751037,1.89087582411792e-05,-3.00067789138756e-05,-302.771593223595,-302.80603070869,-304.842099857681,-304.848236648267
29.02,770.076058050737,-5.26802845288603,0.000493319624000492,0.000357398539113458,-0.000262569604422967,0.000198813181030004,1.87313290003174e-05,-2.98039315964561e-05,-302.703678984988,-302.737901568068,-304.801069267768,-304.80723874287
29.03,770.3499406473,-5.2679258584116,0.000488288576386253,0.000354783618806998,-0.000260602566528574,0.000197176448107322,1.85549339237096e-05,-2.96019419559676e-05,-302.638169771549,-302.672182796098,-304.75904376862,-304.765240539035
29.04,770.62362886351,-5.26782409760028,0.000483290477923809,0.000352188280923544,-0.000258651484402263,0.000195590265857958,1.83795251989219e-05,-2.94008234277196e-05,-302.574991292004,-302.608799262148,-304.716522702502,-304.722856882273
29.05,770.897122749181,-5.26772316375575,0.000478324795216902,0.000349612368164072,-0.000256715845889808,0.00019410349206468,1.82050765997834e-05,-2.92005856806928e-05,-302.514125443754,-302.547732858853,-304.672622329303,-304.678859538508
29.06,771.170422353428,-5.26762305024047,0.000473391402484085,0.000347055731957738,-0.000254794785162112,0.000192638943286954,1.8031578218817e-05,-2.90012381321324e-05,-302.455286950486,-302.488696320033,-304.627180779891,-304.63343328044
29.07,771.44352772501,-5.2675237504696,0.000468490552068902,0.00034451822760717,-0.000252888008352453,0.000191227530475162,1.78590361808445e-05,-2.88028406374903e-05,-302.398580732734,-302.431795249299,-304.580766937861,-304.587031329099
29.08,771.716438912096,-5.26742525790561,0.000463622837159515,0.000341999714774769,-0.000250995083451607,0.000189854400241696,1.76874705573018e-05,-2.86053976649174e-05,-302.343904748625,-302.376927163366,-304.533444323814,-304.539717662275
29.09,771.989155962284,-5.26732756605365,0.000458789126609824,0.000339500056987895,-0.000249115644222221,0.000188515851696552,1.75169130834995e-05,-2.8408925276221e-05,-302.291098317432,-302.323930895459,-304.4852732106,-304.491553036626
29.1,772.261678922644,-5.26723066845763,0.000453990501329342,0.000337019121177968,-0.00024724937376158,0.000187206723246141,1.73474046924678e-05,-2.82134483713518e-05,-302.23997165797,-302.272616244618,-304.436315033596,-304.442599315813
29.11,772.534007839762,-5.26713455869711,0.000449228191512731,0.000334556777190332,-0.000245395999355763,0.000185923197340464,1.71789930766632e-05,-2.80189797388056e-05,-302.190435178958,-302.222893256568,-304.386758627757,-304.393045711648
29.12,772.806142759742,-5.26703923038497,0.000444503525067025,0.000332112897400707,-0.000243555284864735,0.00018466147432638,1.70117306417231e-05,-2.78255414638102e-05,-302.142318868735,-302.174591606536,-304.336724382341,-304.3430129498
29.13,773.078083728238,-5.26694467716568,0.000439817944830659,0.000329687356874885,-0.000241726645691583,0.000183659998473326,1.6845674649654e-05,-2.76331439705677e-05,-302.095505639329,-302.127593927958,-304.28639059107,-304.292679624889
29.14,773.349830790464,-5.26685089269055,0.000435177647580307,0.000327280050084731,-0.000239908231339402,0.00018234329062904,1.6681067583436e-05,-2.74417927408103e-05,-302.051145881811,-302.082420873371,-304.235446807476,-304.242223801977
29.15,773.621383991121,-5.26675787056647,0.00043058937504253,0.000324890852950417,-0.000238104637245223,0.00018016297328735,1.65181921200286e-05,-2.72517476102541e-05,-302.007925502835,-302.038346883465,-304.184192947615,-304.191841609106
29.16,773.892743374342,-5.26666560450304,0.000426038044510253,0.000322519531903036,-0.000236329417581509,0.000178173996251713,1.63564930602608e-05,-2.70640120704688e-05,-301.964773921926,-301.993755193081,-304.132918215147,-304.141846276465
29.17,774.163908984318,-5.26657408828752,0.000421545424103906,0.000320165949248719,-0.000234553231359611,0.000178798954243635,1.61967011956879e-05,-2.68772732928404e-05,-301.921985951451,-301.949664797568,-304.082606862947,-304.092605008877
29.18,774.43488086488,-5.26648331560185,0.000417101911556534,0.000317830103480738,-0.000232785266194677,0.000177028609861505,1.60384901786676e-05,-2.6692478845227e-05,-301.879252506419,-301.906332621249,-304.033858076117,-304.044226170684
29.19,774.705659059417,-5.2663932803615,0.000412691194696471,0.00031551182342501,-0.000231038681140677,0.000174781177382069,1.58812872413917e-05,-2.65078551067689e-05,-301.836951563192,-301.863828744836,-303.986266849961,-303.996633950555
29.2,774.976243610855,-5.26630397658855,0.000408316369205615,0.000313210894522581,-0.000229312109576797,0.000173049600353373,1.57252131162025e-05,-2.6321812242951e-05,-301.795203262079,-301.822009242176,-303.939538147504,-303.949786927667
29.21,775.246634561702,-5.26621539829641,0.00040398602724802,0.000310927150323398,-0.000227599313134432,0.000171946513673358,1.55705855384904e-05,-2.61348257054289e-05,-301.753964348188,-301.780693006838,-303.893554155497,-303.903695873693
29.22,775.516831954081,-5.26612753946848,0.000399706483783654,0.000308660483385109,-0.000225895196952156,0.000171228094718137,1.54176407271971e-05,-2.59479888718968e-05,-301.713216534184,-301.739822231612,-303.848421936433,-303.858502286146
29.23,775.786835829738,-5.26604039407999,0.000395480124163886,0.000306410822342162,-0.000224197380689688,0.000170630604597747,1.52664736765723e-05,-2.57621889299677e-05,-301.672858732586,-301.699305582409,-303.80422054101,-303.814273963323
29.24,776.056646230066,-5.26595395612545,0.000391306510066499,0.000304178107072235,-0.000222505593769863,0.000169994626051693,1.51170773986587e-05,-2.55778951883962e-05,-301.63282921405,-301.659103111416,-303.761039744384,-303.771079292234
29.25,776.326263196106,-5.26586821963727,0.000387183856417577,0.000301962273202294,-0.000220820876955524,0.000169102421091937,1.49693958381818e-05,-2.53952746100616e-05,-301.593124636407,-301.61922880367,-303.718977743329,-303.728999430112
29.26,776.595686768548,-5.26578317870977,0.000383107155899045,0.000299763236429802,-0.000219145179465192,0.000168272292707228,1.48232463526993e-05,-2.52143423316539e-05,-301.553711559879,-301.579922420203,-303.678071852665,-303.687772978508
29.27,776.864916987745,-5.26569882753761,0.00037906937866369,0.000297580911419428,-0.000217477921183347,0.000167393026636733,1.46783577698393e-05,-2.50349765557483e-05,-301.514619884909,-301.541263937114,-303.638405004207,-303.647475296285
29.28,777.133953893658,-5.26561516042598,0.000375062881409374,0.000295415213549943,-0.000215818868443709,0.000166603882674111,1.45344367656133e-05,-2.48573393936968e-05,-301.475775220332,-301.502978391348,-303.599928535145,-303.608253760576
29.29,777.402797525877,-5.26553217177941,0.000371083055415958,0.000293266074042224,-0.000214165578189711,0.000166060622980709,1.4391304351301e-05,-2.46815355201028e-05,-301.437381549084,-301.464989293702,-303.563363030182,-303.571130496679
29.3,777.671447923523,-5.26544985604092,0.000367130794351675,0.000291133429029727,-0.000212519542752992,0.000165301666106723,1.42490054534353e-05,-2.45079354578587e-05,-301.399683585175,-301.427234770365,-303.526629627909,-303.534295064157
29.31,777.939905125517,-5.2653682076597,0.000363209104195955,0.00028901719982277,-0.000210882069915659,0.00016432334794188,1.41076632697668e-05,-2.43365057949274e-05,-301.36233442623,-301.389661842682,-303.490969828747,-303.498683925735
29.32,778.208169170477,-5.26528722107999,0.000359321688984002,0.000286917287788433,-0.000209255484940041,0.000163130459814268,1.39674274341994e-05,-2.41671896409317e-05,-301.325314783007,-301.352404860737,-303.456641304691,-303.46441240661
29.33,778.476240096659,-5.26520689074945,0.000355471557148686,0.000284833573777877,-0.000207641520526242,0.000161803869969017,1.38284220409883e-05,-2.39997312088376e-05,-301.288583593527,-301.315464332994,-303.42365750999,-303.431457690523
29.34,778.744117941975,-5.26512721113109,0.000351660996706296,0.000282765925897892,-0.000206041090184573,0.000160418577960092,1.36907438840764e-05,-2.38338691205152e-05,-301.252111275086,-301.278808855676,-303.391953962556,-303.399758633031
29.35,779.011802743997,-5.26504817671192,0.000347891751983923,0.000280714206612014,-0.00020445452086511,0.000159019489136728,1.35544684911137e-05,-2.36694080431813e-05,-301.215974607444,-301.242504528369,-303.361546507942,-303.369341742776
29.36,779.279294539951,-5.26496978200882,0.000344165129518146,0.00027867827705931,-0.000202881821292168,0.000157628861361862,1.34196538622453e-05,-2.35062088844655e-05,-301.180160683283,-301.206530437945,-303.332348649913,-303.340128144634
29.37,779.546593366728,-5.26489202157296,0.00034048203186032,0.000276657999219705,-0.000201322851200184,0.000156256418038355,1.32863416902016e-05,-2.33441758981908e-05,-301.14471560389,-301.170928731231,-303.30432959619,-303.312090692926
29.38,779.813699260873,-5.2648148899936,0.000336842964440234,0.000274653236885752,-0.000199777403246152,0.000154906977361368,1.31545576322671e-05,-2.31832334889547e-05,-301.109864707382,-301.135779677265,-303.277484407453,-303.285225678269
29.39,780.080612258492,-5.2647383819019,0.000333247951775258,0.000272663859728111,-0.000198244740698665,0.000153555831448329,1.30243076887736e-05,-2.30233262148998e-05,-301.076521502982,-301.102426543415,-303.251652620406,-303.259373412528
29.4,780.347332395183,-5.26466249197387,0.000329696810640211,0.000270689733284961,-0.000196725697298524,0.000152281678052125,1.28955906016279e-05,-2.28644760258833e-05,-301.042252183942,-301.068006719945,-303.22669118698,-303.234389735478
29.41,780.613859706535,-5.26458721493352,0.000326189032596453,0.000268730727733643,-0.000195219360661415,0.000151012134776478,1.27683901057657e-05,-2.27065017885243e-05,-301.00852537769,-301.034130836674,-303.202712549548,-303.21038763419
29.42,780.880194227773,-5.26451254555463,0.000322723823630104,0.000266786717305448,-0.000193725446348,0.000149775991765823,1.26426788873831e-05,-2.25494547554082e-05,-300.975468852135,-301.00092653265,-303.179730493666,-303.187381420101
29.43,781.146335993722,-5.2644384786628,0.000319300129714533,0.000264857579401958,-0.000192243658129298,0.000148570071296717,1.25184189720138e-05,-2.23933187473819e-05,-300.943051651373,-300.968362582563,-303.157589441816,-303.165215740159
29.44,781.412285038835,-5.26436500913345,0.00031591814373231,0.000262943197649249,-0.000190772468570865,0.000147733921637131,1.239561793716e-05,-2.22380476332042e-05,-300.911301224809,-300.936484274693,-303.136261816165,-303.143839884095
29.45,781.678041397209,-5.26429213184976,0.000312580766843693,0.000261043480987941,-0.000189310702645852,0.00014648546812386,1.227439516837e-05,-2.20832933162224e-05,-300.879984407561,-300.905227873355,-303.115744604974,-303.12308039093
29.46,781.943605102626,-5.26421984174357,0.000309284573767642,0.000259158308148132,-0.000187862501403142,0.000145135261174282,1.21546381894174e-05,-2.19291505727706e-05,-300.849317544114,-300.874711320605,-303.095928205761,-303.102943746908
29.47,782.208976188509,-5.26414813379234,0.000306031444040387,0.000257287548575142,-0.000186426476651715,0.000144024643841085,1.20364227476303e-05,-2.17753616027531e-05,-300.819439819752,-300.844970885482,-303.076653587742,-303.083367140242
29.48,782.474154687911,-5.26407700299332,0.000302822860828858,0.000255431093395149,-0.000185000401465397,0.000143090492336043,1.19198061217591e-05,-2.16223403838192e-05,-300.79036828192,-300.815982804727,-303.057773107801,-303.064240531068
29.49,782.739140633535,-5.26400644438534,0.000299656232107077,0.000253588845918917,-0.00018358405250038,0.00014212263024907,1.18046898726431e-05,-2.14706398630542e-05,-300.762127064365,-300.787728787639,-303.039208099029,-303.045530339679
29.5,783.003934057747,-5.26393645307602,0.000296528683221671,0.000251760716074123,-0.000182175861027358,0.000141344186774795,1.16909579235529e-05,-2.13205361183984e-05,-300.734742561973,-300.760225833073,-303.020913318009,-303.027192613028
29.51,783.268534992571,-5.26386702423946,0.000293435606363343,0.00024994662383174,-0.000180776024574106,0.000140429778861957,1.15784304435157e-05,-2.11721734803363e-05,-300.708207751386,-300.733534247749,-303.002826210062,-303.009098239604
29.52,783.532943469688,-5.26379815313946,0.000290371124793629,0.000248146477024193,-0.000179386120262375,0.000139361858642966,1.14668801157759e-05,-2.10254420199985e-05,-300.682536900276,-300.707698916801,-302.984935499052,-302.991207623952
29.53,783.79715952044,-5.26372983513042,0.000287330365766856,0.000246360168824477,-0.000178007531991903,0.000138116157982452,1.13561162917927e-05,-2.08800595847395e-05,-300.657729682216,-300.682728919125,-302.96809023029,-302.974368666608
29.54,784.061183175742,-5.2636620656585,0.000284307981564865,0.000244587575540998,-0.000176641892163535,0.000136865462161773,1.12459274400152e-05,-2.07359181781765e-05,-300.633688087195,-300.658472483572,-302.950428703148,-302.956757762369
29.55,784.325014466183,-5.26359484025608,0.000281301337340838,0.000242828573795333,-0.000175287928989279,0.000135736690267604,1.11361976725421e-05,-2.05929423212801e-05,-300.610332691464,-300.634815054235,-302.932731655802,-302.939204732695
29.56,784.588653422253,-5.26352815452293,0.000278307605990385,0.000241083051195209,-0.000173944985148075,0.000134630019193221,1.10268046398709e-05,-2.04512636749507e-05,-300.58784395416,-300.611961977509,-302.915221170015,-302.921898908706
29.57,784.852100074096,-5.26346200413255,0.000275323397543556,0.000239350896888506,-0.000172613266253932,0.000133482638885376,1.09176061902903e-05,-2.0310875639442e-05,-300.566180710423,-300.589894632199,-302.897861510894,-302.904782502659
29.58,785.115354451532,-5.26339638483076,0.000272346146191034,0.000237631996773848,-0.000171292879605006,0.000132452362957416,1.08084923162085e-05,-2.01716355678107e-05,-300.545332358764,-300.568618211926,-302.880670476018,-302.88785745523
29.59,785.378416584075,-5.26333129240009,0.000269378736275378,0.000235926250586595,-0.000169981598261699,0.000131442812047971,1.06995649336801e-05,-2.00331017701715e-05,-300.52506611343,-300.548028458371,-302.863692741226,-302.87102848424
29.6,785.641286500969,-5.26326672264114,0.00026642048441272,0.000234233551805296,-0.000168682707891865,0.000130100327152903,1.05908058141668e-05,-1.98950968461711e-05,-300.505381069909,-300.528165927657,-302.847017274979,-302.854362230157
29.61,785.90396423118,-5.26320267138739,0.000263474268825314,0.000232553769783213,-0.000167396753989648,0.000128876684125052,1.04823292561799e-05,-1.9757210375762e-05,-300.486329505087,-300.508993083875,-302.830551030046,-302.837854597152
29.62,786.166449803396,-5.26313913446387,0.000260545832164908,0.00023088678518624,-0.000166121761585961,0.000127880864596449,1.03743569265606e-05,-1.96194636829187e-05,-300.467952144288,-300.490496730105,-302.814268087041,-302.821530368516
29.63,786.428743245987,-5.26307610767458,0.000257640313030458,0.000229232502360715,-0.000164855204329956,0.000127062131848641,1.02670886427701e-05,-1.94821935569733e-05,-300.451622029775,-300.474029015507,-302.798125318331,-302.805362884509
29.64,786.690844586812,-5.26301358680988,0.000254761311508471,0.000227590837750739,-0.000163597271542715,0.000126269329632806,1.01606698178449e-05,-1.9345779399911e-05,-300.434370719374,-300.456632041389,-302.782037938092,-302.78926341939
29.65,786.952753853777,-5.26295156765843,0.000251911241617537,0.000225961711279171,-0.000162346921795848,0.000125488267308082,1.00552002602058e-05,-1.9210222576416e-05,-300.417623650963,-300.439731576149,-302.766115253793,-302.773333827541
29.66,787.2144710746,-5.26289004601556,0.000249091709409556,0.000224345045668798,-0.000161104400585497,0.000124688462585982,9.95075057114149e-06,-1.90756533873556e-05,-300.401547285427,-300.423502506243,-302.750561447534,-302.757772543293
29.67,787.47599627668,-5.26282901768905,0.000246303950918975,0.000222740761189447,-0.000159869978802644,0.000123862148693585,9.84737724013697e-06,-1.89420434341277e-05,-300.386095067442,-300.407901436816,-302.735379868408,-302.742580031568
29.68,787.737329487128,-5.26276847850205,0.000243549041272302,0.00022114877558732,-0.000158643873464115,0.00012301790148732,9.74513033324767e-06,-1.88093593581908e-05,-300.37110395237,-300.392766004614,-302.720467910096,-302.727653157675
29.69,787.998470732826,-5.26270842429518,0.000240827905198595,0.000219569004910652,-0.000157426215680417,0.000122164057302336,9.64405373492064e-06,-1.86775744494966e-05,-300.356600682873,-300.378122474883,-302.705908714892,-302.713075609373
29.7,788.259420040409,-5.26264885092866,0.000238141273925548,0.00021800136429608,-0.000156217068559293,0.000121306059477354,9.54418342454012e-06,-1.85466730586311e-05,-300.342527299057,-300.363912169676,-302.691690255201,-302.698836092554
29.71,788.520177436276,-5.26258975428475,0.000235489642497858,0.000216445768487148,-0.000155016456337493,0.000120446547240336,9.44554578798671e-06,-1.84166480673141e-05,-300.328902632758,-300.350153379821,-302.677884191176,-302.685006817609
29.72,788.780742946589,-5.2625311302704,0.000232873247999083,0.000214902132089255,-0.000153824386565768,0.000119586596400592,9.3481567292536e-06,-1.82874964856075e-05,-300.315653856138,-300.33677294649,-302.664466841959,-302.67156444209
29.73,789.041116597293,-5.26247297481999,0.000230292071847473,0.000213370369678331,-0.000152640858909086,0.000118726878621834,9.25202170189651e-06,-1.81592171460052e-05,-300.302781012023,-300.323770714802,-302.651475319309,-302.658546292844
29.74,789.301298414109,-5.26241528389786,0.00022774585745685,0.000211850395867599,-0.000151465866855676,0.000117867991268463,9.15713633968459e-06,-1.80318093219247e-05,-300.290271473514,-300.31113390448,-302.638938601868,-302.645981521961
29.75,789.561288422532,-5.26235805350068,0.00022523413316123,0.000210342125367045,-0.000150299398026515,0.000117010532462129,9.06348730627606e-06,-1.79052731957099e-05,-300.278121702887,-300.298858810762,-302.626887645418,-302.633901273308
29.76,789.821086647833,-5.26230127965952,0.000222756238630415,0.000208845473042176,-0.000149141434035116,0.000116155165661733,8.97105329911376e-06,-1.77796095091798e-05,-300.266332930278,-300.286946465553,-302.615350072337,-302.622333385591
29.77,790.080693115054,-5.26224495844165,0.000220311353826695,0.000207360353977998,-0.000147991950049609,0.000115302491566679,8.87980616722307e-06,-1.76548203059193e-05,-300.254841168069,-300.275332665799,-302.60428884045,-302.611241043587
29.78,790.340107849024,-5.26218908595202,0.000217898528651691,0.000205886683134697,-0.000146851020971902,0.000114444002194138,8.78971216880864e-06,-1.75309083672226e-05,-300.243673522604,-300.264044735903,-302.594677704981,-302.601597567615
29.79,790.599330874191,-5.2621336583344,0.000215516728487499,0.000204424376076136,-0.000145718375592602,0.000113608350263177,8.70073334496719e-06,-1.74078628661057e-05,-300.232765530248,-300.253016892068,-302.584561504788,-302.591449681994
29.8,790.858362214943,-5.26207867177215,0.000213164788943792,0.000202973349537575,-0.000144594132634883,0.000112765300429515,8.61282652724243e-06,-1.72857169755828e-05,-300.222069664195,-300.242202153468,-302.574921520298,-302.581777681868
29.81,791.117201895548,-5.262024122489,0.000210841526310628,0.000201533519778151,-0.000143478238184557,0.000111925412184304,8.52594709076085e-06,-1.71644578071688e-05,-300.211758015204,-300.231772456311,-302.565900056568,-302.572724165573
29.82,791.375849940016,-5.26197000674919,0.000208545736521197,0.0002001048034612,-0.000142370662925302,0.000111089060479071,8.44004917764963e-06,-1.70440905899666e-05,-300.201830216633,-300.221727223146,-302.557479055024,-302.564271278728
29.83,791.634306372111,-5.26191632085758,0.000206276217162823,0.000198687117575556,-0.000141271374149888,0.000110255950257239,8.35508658082576e-06,-1.69246171657796e-05,-300.19219236214,-300.211972369177,-302.549564097631,-302.556324774871
29.84,791.892571215399,-5.26186306115929,0.000204031791449199,0.000197280379431652,-0.000140180339720096,0.000109426029055126,8.27101374054229e-06,-1.68060390171333e-05,-300.182862043795,-300.202525352702,-302.542160607766,-302.548890208141
29.85,792.150644493231,-5.26181022403932,0.000201811327293309,0.000195884506652589,-0.0001390975290036,0.000108599179046291,8.18778655197078e-06,-1.66883562822448e-05,-300.173831616271,-300.19337842383,-302.535248900725,-302.541947992864
29.86,792.408526228753,-5.26175780592185,0.000199613755263929,0.000194499417163636,-0.000138022911810242,0.000107775427797348,8.10536312712191e-06,-1.65715678035791e-05,-300.165147642639,-300.184578068746,-302.528860848195,-302.535530072821
29.87,792.66621644489,-5.26170580326946,0.000197438052938795,0.000193125030064705,-0.000136956064890693,0.000107071681357398,8.02370285005673e-06,-1.64556718204472e-05,-300.158164565825,-300.177455731773,-302.522937136516,-302.529577635199
29.88,792.923715164138,-5.2616542125822,0.000195283231521195,0.000191761266847513,-0.000135897754405947,0.000106127430144899,7.94276752187419e-06,-1.63407160080687e-05,-300.150092047844,-300.169289271314,-302.517380086078,-302.523992177401
29.89,793.181022408928,-5.2616030303966,0.000193148595426107,0.000190408041392469,-0.00013484759553084,0.000105312797507657,7.86252915304376e-06,-1.62266027208548e-05,-300.142106295322,-300.161187642707,-302.512095026198,-302.518679118703
29.9,793.438138201703,-5.26155225328395,0.000191033460453549,0.000189065273119911,-0.000133805533748263,0.000104503523416107,7.78296052205198e-06,-1.61133541010943e-05,-300.134649965115,-300.153615250418,-302.507434248525,-302.513991110723
29.91,793.695062564614,-5.26150187784946,0.00018893722828143,0.00018773288151818,-0.000132771502986881,0.000103696918737308,7.70403780812045e-06,-1.60009666195847e-05,-300.127584646758,-300.146433782352,-302.503217995583,-302.509748417573
29.92,793.951795519583,-5.26145190073096,0.000186859399306541,0.000186410786488125,-0.000131745462991538,0.000102894372301457,7.62574116118868e-06,-1.58894353406436e-05,-300.120890891848,-300.139623849522,-302.499398049253,-302.505902749708
29.93,794.208337088322,-5.26140231859778,0.000184799570790036,0.000185098908329931,-0.000130727374931621,0.000102095898042833,7.54805463741061e-06,-1.57787504084072e-05,-300.11456870329,-300.133185550475,-302.495956859019,-302.502436449746
29.94,794.464687292339,-5.26135312814951,0.000182757434776971,0.000183797167741919,-0.000129717198122311,0.000101301676821552,7.47096614148135e-06,-1.56689007268446e-05,-300.108600930658,-300.127101816402,-302.492849391544,-302.499304391663
29.95,794.720846152941,-5.2613043261149,0.000180732772930787,0.000182505485842358,-0.000128714889208021,0.000100512059269889,7.39446724587991e-06,-1.55598742364303e-05,-300.103026163212,-300.121411301349,-302.490091819342,-302.49652267371
29.96,794.976813691232,-5.26125590925075,0.000178725450692181,0.000181223784205438,-0.000127720400636183,9.97274988113106e-05,7.31855297659822e-06,-1.54516584934348e-05,-300.09781180411,-300.116081466068,-302.48762479916,-302.494031882153
29.97,795.232589928123,-5.26120787434089,0.000176735407602839,0.000179951984903564,-0.000126733680981198,9.89483165942114e-05,7.24322144499623e-06,-1.53442408358422e-05,-300.092965093134,-300.11111961214,-302.485437261039,-302.491820874743
29.98,795.488174884333,-5.26116021819524,0.000174762646614108,0.000178690010540329,-0.000125754675836433,9.81747973584488e-05,7.16847343513818e-06,-1.52376085134237e-05,-300.088511744257,-300.106551514894,-302.483537376352,-302.489897752993
29.99,795.743568580385,-5.261112937649,0.000172807224823998,0.000177437784281711,-0.000124783327349151,9.74073224494513e-05,7.09431203976352e-06,-1.51317489098227e-05,-300.084425134532,-300.102350613515,-302.481878161887,-302.48821546075
30,795.998771036617,-5.26106602956189,0.000170869242877938,0.000176195229891572,-0.000123819574417794,9.66461419094392e-05,7.02074223949336e-06,-1.50266495641746e-05,-300.080719352624,-300.098531062892,-302.48046196928,-302.486776276157
30.01,796.253782401031,-5.26102339181821,-0.00185856586081853,0.000170090426707863,-0.00212639294968898,-0.483412356581729,-7.05239458819106e-05,-0.00790782386564485,-297.414896462182,-301.079863525927,-299.005049215726,-303.933824948258
30.02,796.508603220701,-5.26104158575813,-0.0096531625359277,0.000115676987337039,-0.00895724290262424,-0.877332450013009,-0.000368768945598274,-0.0130196818039073,-288.231048977342,-291.886743388105,-287.390918899095,-297.502620672901
30.03,796.76323798282,-5.26117679446373,-0.0199856976565663,-2.62148135716115e-05,-0.0190594685252733,-1.14957664130291,-0.000762186746054971,-0.0173282877465412,-280.15108743318,-286.015840078678,-256.92689001421,-268.863493102011
30.04,797.017694771834,-5.2614673118189,-0.0308156586593367,-0.000282580916226524,-0.0314587448997959,-1.340831013118,-0.00117131852840932,-0.0210107699583632,-268.385997852796,-274.262804218178,-239.560370392454,-254.670762001729
30.05,797.271979299459,-5.26194122868371,-0.040802168812543,-0.000672177045960228,-0.0453932481239676,-1.45701581190601,-0.00154408096662807,-0.0239878763379937,-256.619805113576,-262.500885644201,-228.344962540752,-245.758190132411
30.06,797.526096293705,-5.26261910596673,-0.049016750401539,-0.00120653208969208,-0.0602197607088673,-1.52247027793807,-0.00184456964693397,-0.0265594443459154,-244.857231884075,-250.739376726627,-214.747918339301,-233.931004260343
30.07,797.780051235364,-5.26351740374284,-0.054992480349409,-0.0018920153609556,-0.0754829433562546,-1.54471501398936,-0.00205491300615006,-0.0286788036898548,-233.094859881106,-238.976179317853,-201.926097710838,-222.33346035145
30.08,798.033849494929,-5.26465021338914,-0.0585208779705789,-0.00273089802675635,-0.0908547280784035,-1.54762266531195,-0.00216733708996087,-0.0307260098690627,-221.337070471925,-227.216425248175,-191.995172143791,-213.440881166041
30.09,798.287495748956,-5.26603190760886,-0.0596815527836653,-0.00372335576033133,-0.106162210531292,-1.53159312114883,-0.00218527189181379,-0.0325622149688791,-209.577544080506,-215.454539949775,-183.292251163043,-205.472856062296
30.1,798.540994409357,-5.26767754568092,-0.0586252904611809,-0.0048679104222804,-0.121302114970325,-1.51728534198363,-0.00211488954041362,-0.0345835678401178,-197.821364490324,-203.694708762727,-174.048260908191,-196.988731014182
30.11,798.794349846095,-5.26960470570396,-0.055660861956931,-0.00616302656054383,-0.13627499692788,-1.49675940687642,-0.00196848576903404,-0.0365234372268442,-186.062728548256,-191.932618811379,-165.696063036744,-189.194368822525
30.12,799.047566038763,-5.27183273885684,-0.0510127479206326,-0.00760676527799792,-0.15107062468911,-1.48505994953155,-0.00175503250522751,-0.0387677149144867,-174.306854025873,-180.173726889401,-157.556939525818,-181.695572304487
30.13,799.300646653951,-5.27438375861548,-0.0449820380626581,-0.00919781307735032,-0.165732816180969,-1.46761420824699,-0.00148644978430774,-0.0409244083267452,-162.548061058241,-168.411811593138,-149.830915495943,-174.387365010779
30.14,799.553595037025,-5.2772811526202,-0.0377112783839223,-0.0109345437092018,-0.180245332673948,-1.45793507266959,-0.00116846328111921,-0.0433893829064941,-150.791491783556,-156.657634138743,-141.546755287283,-166.567747201742
30.15,799.806414367657,-5.28055018559451,-0.029391131877503,-0.0128157998492578,-0.194622024589935,-1.43779489996873,-0.00080863376442574,-0.0456800712315056,-139.031654100667,-146.2254775882,-133.845671932676,-157.834673979563
30.16,800.059107423241,-5.28421616238026,-0.0200521299037589,-0.0148397032862273,-0.208807650051929,-1.42198665435803,-0.000408252837823003,-0.0482323490655699,-127.274553760329,-136.712170292073,-125.816726814046,-147.889624109094
30.17,800.31167682785,-5.28830520209631,-0.00979509122450709,-0.0170044975652768,-0.222781973657814,-1.39196840182479,2.86495033467841e-05,-0.0505041782729338,-115.514698210345,-126.988042502138,-118.390631691441,-138.441494398453
30.18,800.564124853293,-5.29284236195624,0.00144025953961958,-0.0193072749802273,-0.236436757156534,-1.36040506087843,0.000504331476288454,-0.0529870782474587,-103.758030674614,-117.531282768904,-110.922403656298,-128.637731645511
30.19,800.816453681404,-5.29785241110041,0.0136145176106724,-0.0217447294742244,-0.249706428772733,-1.31027341121007,0.0010171736638366,-0.0550996553148766,-92.5857873210989,-108.053880361405,-104.150200989113,-119.807144992399
30.2,801.068665064234,-5.30335816354094,0.026818112764449,-0.0243120261136668,-0.262455215648117,-1.25757837036006,0.00157060173342977,-0.0573982483426713,-83.5694981479868,-99.2066455753908,-95.3390029177366,-110.625524413963
30.21,801.320760646707,-5.30938161922076,0.0409897511762576,-0.0270037884110115,-0.274617367006215,-1.19012422181045,0.00216204119061145,-0.0592682964498858,-75.0762189138295,-90.682787494425,-86.6609905719887,-101.542992443116
30.22,801.57274175244,-5.31594279934971,0.0561754254180886,-0.0298133815030827,-0.286089581955867,-1.12132053994143,0.00279312073508665,-0.0613209633954705,-66.6285720646124,-82.1706435298741,-77.9610014015096,-92.4511197169942
30.23,801.824609703948,-5.32306081575783,0.0722802269383964,-0.0327338090243644,-0.296821559874892,-1.03954041875812,0.00345994007997182,-0.0629038061291873,-58.8613834120543,-74.188011768893,-69.8211081167015,-83.8626766067147
30.24,802.076365479742,-5.33075284684745,0.0893106384546991,-0.0357570684076818,-0.306741152883986,-0.959505052472501,0.00416258584610329,-0.0646747360519349,-51.4087796073769,-66.5145057451882,-61.9527541764466,-75.5926062242597
30.25,802.328009954047,-5.33903511859482,0.107140927840295,-0.0388751044641076,-0.315835841469777,-0.872409727115187,0.00489597001234289,-0.0659452653056088,-44.520199350355,-59.2822977490079,-54.4978129448426,-67.6662021327035
30.26,802.579543706333,-5.34792228944749,0.125721062887103,-0.0420793199217736,-0.324070133078346,-0.788513375442474,0.00565795105573861,-0.0674099293702946,-37.7961115287881,-52.1975681890153,-47.1227135422649,-59.8666296142193
30.27,802.83096727201,-5.35742812788092,0.144928120572166,-0.0453613299013803,-0.331463511562425,-0.701492692161692,0.00644356406414679,-0.0683450198806531,-31.558766450001,-45.4546395976246,-40.0837380746909,-52.3710802298666
30.28,803.082280961428,-5.36756480634918,0.164708475541336,-0.0487125502011042,-0.338006280983943,-0.618902188419582,0.00725056893289242,-0.0694764058229976,-25.5656089103811,-38.9358747458809,-33.2161896642437,-45.123146547961
30.29,803.333485049649,-5.37834369278611,0.184926384170675,-0.0521246858221381,-0.343716798363358,-0.5334271214605,0.008073530180085,-0.0700495889790637,-20.0762694781044,-32.8183393289532,-26.7400180904499,-38.2279415163273
30.3,803.584579622397,-5.38977476473208,0.205510349666091,-0.055589341283589,-0.348606422475516,-0.455224970454018,0.00890954161212706,-0.0708207448556088,-14.8590734158875,-26.9981227406824,-20.4898447707347,-31.6138563767175
30.31,803.835564717745,-5.4018672847098,0.226328375653411,-0.0590987456780023,-0.352748066739027,-0.382598839801343,0.00975333523004291,-0.0714105569950119,-10.0067237843752,-21.51184245756,-14.5379027736262,-25.3081624603416
30.32,804.086440184716,-5.4146294511173,0.24732745575007,-0.0626456530141942,-0.356171584840751,-0.309518336683397,0.0106028072887001,-0.0713981381663868,-5.41421034759682,-16.183703130581,-8.7505980330245,-19.1229879405875
30.33,804.33720593939,-5.42806811851215,0.268438441436055,-0.0662228793354421,-0.358895409563685,-0.243248717267406,0.0114552410533843,-0.0715787681123748,-1.1216414221111,-11.1924920544538,-3.25682422477331,-13.2980934648832
30.34,804.587861882998,-5.44218949957018,0.289558016991943,-0.0698237927298944,-0.360969586665414,-0.177853469869802,0.0123066176334391,-0.071139137526967,2.60589837765971,-6.73850944826625,1.59673818680797,-8.09697780978309
30.35,804.838407701019,-5.45699879127687,0.310613507121152,-0.0734419578969817,-0.36242066283754,-0.11902534449949,0.0131540974628271,-0.0708895374689932,4.74335401388307,-4.13886241422231,4.43325205520916,-5.04654764997887
30.36,805.088842414186,-5.47250067131281,0.331514009521658,-0.0770715036274977,-0.363300454706025,-0.0622013302746358,0.0139941711454912,-0.0700018479463748,4.64220076764618,-4.06925471593273,4.36471794252721,-4.9435832889696
30.37,805.339163938842,-5.48869861798873,0.352224938512312,-0.0807068775827806,-0.363652950749173,-0.0129018038292255,0.0148256298671831,-0.0693018245795338,4.55315394138364,-4.01278292186447,4.30219301546976,-4.84845373051241
30.38,805.58936996401,-5.50559562294926,0.372645915275778,-0.0843431760107862,-0.363538573680578,0.0315430274584387,0.0156446484672639,-0.0683750021578025,4.44888227282498,-3.94581704116095,4.22616440387401,-4.73515442498539
30.39,805.839458185102,-5.52319402282532,0.39276230300227,-0.0879759713937781,-0.362990235496214,0.0759307385297861,0.0164507845082348,-0.0667840733061858,4.30014448692663,-3.84603664357406,4.11497154502063,-4.57505462811818
30.4,806.089426537007,-5.54149501750234,0.41254996747872,-0.0916009326536403,-0.362023231224967,0.115334299984229,0.017243177416647,-0.0653768648853117,4.16469335585932,-3.75789883399333,4.01262232559944,-4.42544858131236
30.41,806.339273096385,-5.56049955902831,0.431915890978717,-0.0952141190201144,-0.360674653798149,0.152599277670625,0.0180182473070708,-0.0637341364619903,4.01447929203253,-3.6579348710189,3.89709975014305,-4.25987625591477
30.42,806.588995992824,-5.58020810623417,0.450857014210543,-0.098811800385984,-0.358948793597017,0.192674890988947,0.0187759540262251,-0.0614187322358236,3.82079280465288,-3.52166168313085,3.74500059086336,-4.05069148075499
30.43,806.838593657459,-5.60061988475709,0.469378695181744,-0.102390063389763,-0.35683520520926,0.230007318916967,0.019516551826716,-0.0592939345742176,3.64237518775959,-3.39518946302958,3.60257625474578,-3.85660400981905
30.44,807.088064717476,-5.62173371640021,0.487426915445921,-0.105945078388192,-0.354319626865893,0.27447199929927,0.0202379247039806,-0.0565068996079498,3.42207385611263,-3.23085735202378,3.42276902079339,-3.62122511558447
30.45,807.337408021819,-5.64354740589894,0.504998397835477,-0.109472495037338,-0.351361741261443,0.317833619951365,0.0209399199817902,-0.0539240343113149,3.21853724741322,-3.07661543557348,3.25350297193731,-3.40300588790241
30.46,807.586622619623,-5.66605828056278,0.522021884526419,-0.112967979046023,-0.347969754933186,0.36254043015161,0.0216197253790524,-0.0511321505568425,3.00408407646005,-2.90855168629857,3.0710491509291,-3.17456816342427
30.47,807.835707676683,-5.68926289201162,0.538508635023882,-0.116426947272523,-0.344076939306389,0.419653897789338,0.0222777190614106,-0.0477059771025965,2.75112573938148,-2.70144793951729,2.8502842317375,-2.90838897482124
30.48,808.084662780017,-5.71315610205012,0.554478296399428,-0.119843788519079,-0.339598280650514,0.478957606672882,0.0229145568085534,-0.0445226235462074,2.51776883642606,-2.50595986933241,2.64201705296243,-2.66264771733378
30.49,808.333487769902,-5.73773205988792,0.569834642012767,-0.123212519836695,-0.334498070648366,0.54514031332052,0.023526330339905,-0.0411810741144649,2.27715373309,-2.2976708055999,2.42162190435439,-2.41036437352432
30.5,808.582182645022,-5.76298385873079,0.584589114671888,-0.126526362382983,-0.328645742599837,0.631476011367005,0.0241133088246994,-0.0372742568018153,2.00312313110877,-2.05131782536865,2.16310080885245,-2.12461682599758
30.51,808.830747951142,-5.78890213318305,0.598765531069775,-0.129776834130336,-0.321903657560122,0.721951734848889,0.0246762035932073,-0.033686832529373,1.75262330549443,-1.82015482569894,1.92033577872453,-1.86293898559401
30.52,809.07918453173,-5.81547649223725,0.612205817918536,-0.13295486338751,-0.314228639514527,0.819732544942589,0.0252085673683458,-0.0300400810497871,3.47501460004141,0.78584388338057,4.34444774967631,0.886696387639674
30.53,809.327494003395,-5.8426953774604,0.624873613874591,-0.136050479055432,-0.305467410686573,0.942449858913997,0.0257085896003099,-0.0259495625763108,4.7195683252691,2.85801451591036,5.9814266148408,2.93663312590869
30.54,809.57567908981,-5.87054448218851,0.636717186352226,-0.139051762965909,-0.295496811629228,1.05948149790227,0.0261738855893118,-0.0222972961481353,7.68729460319713,6.89509123156295,9.76347663169766,6.88917083785375
30.55,809.823743127293,-5.89900922846229,0.647408743145744,-0.141946981555754,-0.284363824749319,1.17688081418424,0.026591140826323,-0.0187245466238733,9.35952905553312,9.34873767991282,11.8432035861873,9.27280602497874
30.56,810.071689039223,-5.92807480248688,0.656716988062501,-0.144724469648809,-0.272066746509148,1.29284026693041,0.0269510294854704,-0.0152628442692075,10.7122708623045,11.3739144670188,13.4998605196591,11.2787672627405
30.57,810.319519569851,-5.95772569752199,0.664474977972303,-0.147372578394575,-0.258577990658576,1.41802661987253,0.0272466842589619,-0.011553002173249,11.8145966005924,13.1294697876573,14.8249485657442,13.0112612867115
30.58,810.567237681771,-5.98794440079013,0.6705158990484,-0.149879179792607,-0.243936724791878,1.5194364691234,0.0274713545362602,-0.00843285315245631,12.8067136253674,14.6937645281343,16.0152857641876,14.5532485336598
30.59,810.814846000362,-6.01871464254464,0.674363319020369,-0.152234152067262,-0.228373103185163,1.60511285840068,0.0276061557057684,-0.00554030561269474,13.7708576223831,16.1859173557179,17.164107647656,16.0578519483156
30.6,811.062346879035,-6.0500213256788,0.675800082262011,-0.154428805835798,-0.211941824049826,1.69583910205759,0.0276424219013324,-0.00250001961772786,14.7893414141907,17.7371135570095,18.3652997071409,17.6577568026761
30.61,811.309742970588,-6.08184808957468,0.674701001121285,-0.156454494236084,-0.194731922301251,1.75566539507015,0.0275752127735873,-8.58246707961903e-05,15.9306072275096,19.3456011171037,19.7239786854093,19.3531899448227
30.62,811.557036801627,-6.11417988214543,0.670712784361104,-0.158305225642482,-0.177037018083869,1.79559412012384,0.0273907126838337,0.00206781894777283,17.1783967098534,21.0226139896775,21.2024875215861,21.165748796346
30.63,811.804230841619,-6.14700249159616,0.663770359969877,-0.159976910381221,-0.158953194007776,1.83608598044815,0.0270864714149035,0.00433673639485885,18.5137699874713,22.7846112448562,22.7682500189733,23.1079897176007
30.64,812.051328002151,-6.18029992486676,0.653932751605885,-0.161465846818744,-0.140586450106685,1.84771182530123,0.0266650138516964,0.00602520800005214,19.9297021755393,24.5565062352535,24.4374156106549,25.1056499781351
30.65,812.298331177316,-6.21405693109106,0.641022743184269,-0.162770895656933,-0.122217165765434,1.83819077074424,0.0261195938531852,0.0075034800259978,21.3761086227997,26.307826734024,26.1303716143151,27.1457351115371
30.66,812.54524331709,-6.24825841647515,0.625135689722937,-0.163893045875227,-0.104015691029942,1.81558474283467,0.025454254501956,0.00882701714422352,22.8326484377738,28.0006269794596,27.8184790059336,29.2225471988716
30.67,812.792067678486,-6.28288794881017,0.606544846250076,-0.164834448868319,-0.0860255486909267,1.79901308653259,0.0246801215168348,0.0103626352288917,24.2535857047373,29.6434695096717,29.4397835682593,31.2938489087315
30.68,813.038808146161,-6.31792575720192,0.585595006587572,-0.165597036850509,-0.0682773800200818,1.76271263510148,0.0238110939934557,0.0115361891053785,25.6341248786169,31.2053119673582,31.0166340213718,33.2718317375693
30.69,813.28546878035,-6.35335118931825,0.562419631584282,-0.166184426685334,-0.0509559386733243,1.71704819392049,0.0228527145744349,0.0127149799985107,26.9528911368089,32.7116845797152,32.5038139544961,35.1439615090753
30.7,813.532053957096,-6.38914175811965,0.53744563813113,-0.166601023744922,-0.0340349127563565,1.68724744642467,0.0218221021057438,0.0142516413391834,28.2051620095656,34.1713164057598,33.894010679831,36.9582800330635
30.71,813.778568767438,-6.42527064047791,0.511162975649511,-0.166849993533199,-0.0174156479658698,1.65283832588972,0.0207388074806063,0.0156347943599644,29.4191171812397,35.5620518718359,35.2516932949744,38.6998216520084
30.72,814.025018636213,-6.46170897605917,0.483805087527967,-0.166934705667696,-0.0011333461590579,1.62271311314144,0.0196121994911488,0.0171735022884959,30.5996294878749,36.9081116232899,36.5683619236867,40.4078222658405
30.73,814.2714093931,-6.49842535902002,0.45581500295576,-0.166857993383538,0.0149527801828736,1.61784863096639,0.0184598624448104,0.0191452736681734,31.7507686482763,38.2412306266089,37.8509540531211,42.1175767188746
30.74,814.517747575127,-6.53538379756978,0.427636213813671,-0.166620548587763,0.0310138189476982,1.61424170682279,0.0172993555309797,0.021056911124137,32.9075392656703,39.5587666515416,39.169600519568,43.813280333158
30.75,814.764040013237,-6.57254615152912,0.399425964585838,-0.166222698066312,0.0470552090168261,1.61651587154983,0.0161369227650069,0.0231355054182375,34.0828409475675,40.9012177015989,40.5265775822208,45.5259504089943
30.76,815.010293807658,-6.60987210759087,0.371474143191333,-0.165664066548815,0.0632134794861865,1.64048028087763,0.0149839874623282,0.0255807025100143,35.2907063868213,42.3013473746545,41.9430371091941,47.3051134046994
30.77,815.25651645611,-6.64731788272213,0.344006486709002,-0.164942630538354,0.0795692807359547,1.65333193497692,0.0138494668397693,0.0279126937056938,36.5882715011544,43.7597912484492,43.5006195929718,49.1733947209376
30.78,815.502715493788,-6.68483907027438,0.31702930699947,-0.164056864640623,0.0960988289770155,1.67894254777892,0.0127336177573885,0.0304879228810433,37.9954090203931,45.3220394817965,45.1792187516151,51.1750828638997
30.79,815.748898516857,-6.72238991831494,0.290366445864102,-0.163005188377411,0.112549078935776,1.62150822665603,0.0116295754845143,0.0316696157152283,39.5799015792245,46.9373603233801,47.0885313346441,53.2493325615716
30.8,815.995072013695,-6.75993287262328,0.263162913336314,-0.161793049048645,0.128205097726339,1.5278573833559,0.0105037691031083,0.0325817748837058,41.2958580951843,48.5777378009518,49.0777525567056,55.4257739317408
30.81,816.241241817784,-6.79743529370659,0.23549649768311,-0.160429567288424,0.142930865603575,1.44014892779423,0.00935958277943975,0.0336524981054082,42.9974074500223,50.178003565634,51.0042051578322,57.5791913631736
30.82,816.487413780303,-6.83486337352145,0.207786005089328,-0.158923506893266,0.156812204681053,1.35745706524359,0.00821385296646319,0.0347094825255939,44.6293416989244,51.6982389573082,52.8605227739455,59.6417681366799
30.83,816.733593726931,-6.87218201806959,0.180280953353439,-0.157283198487871,0.169844107660217,1.26767329333318,0.00707668292053163,0.0355840362671003,46.2003341724687,53.1839485947488,54.6794819411224,61.5677059398642
30.84,816.97978722532,-6.90935667916496,0.153128799377622,-0.155517486176629,0.181994402434233,1.18303573821335,0.00595406970593251,0.0365437974027366,47.726116497556,54.6712284298109,56.4858798716519,63.4474056509846
30.85,817.225999634819,-6.94635268991004,0.126559571725726,-0.153634849481583,0.193305847374413,1.09722768832157,0.00485522119607527,0.0374224268118783,49.2446931279677,56.1923700781648,58.3356928536429,65.2920691502649
30.86,817.47223600611,-6.98313620525897,0.100604661446599,-0.151643981943658,0.203700309831148,0.998872239543501,0.00378147003821049,0.0380748116523236,50.8151264281392,57.7683389813312,60.2482649498878,67.1272700088543
30.87,817.718500932446,-7.01967578602226,0.0752926656718472,-0.149554528688041,0.21312914779972,0.905548152804815,0.00273403518991881,0.0387350792034255,52.4370259301822,59.3896931728913,62.2281633276805,69.0368772947513
30.88,817.964798726052,-7.05594091149249,0.0507918885907295,-0.147375800815875,0.221640866609281,0.812740942755764,0.00171963249714219,0.0392790540865982,54.0888964251208,61.0790654930824,64.2668476364219,70.929528305296
30.89,818.211133383536,-7.0919022889987,0.0271644459887468,-0.145117001729774,0.229230352992333,0.720160916027587,0.000740857710820734,0.0396972007655584,55.7649252302457,62.8140770723989,66.3890143861526,72.8563703719705
30.9,818.457508552835,-7.12753238104731,0.00444335153292147,-0.142787364982577,0.235886711745881,0.624246575970484,-0.000200843585676173,0.0399028728395688,57.4599936264309,64.5497343671047,68.5938949908631,74.8290749456717
30.91,818.703927519125,-7.16280582396349,-0.0173470067649344,-0.140396316314237,0.24161416087079,0.533974838827887,-0.00110439761729179,0.0400917141756459,59.1114328546682,66.3064439345781,70.813048122256,76.7594870378605
30.92,818.950393254618,-7.1976986448291,-0.0381054983613678,-0.137952810576558,0.246469146656532,0.448496820562646,-0.00196551676836748,0.0401829365325637,60.6933256608231,68.0396171636001,73.0737762583444,78.6737974896365
30.93,819.196908437045,-7.23218835042749,-0.0578178224470986,-0.135465378498792,0.250475281179032,0.362079301568336,-0.00278329162972652,0.0401122829802326,62.1990244025971,69.6794522010528,75.3865573060692,80.629247008255
30.94,819.443475454321,-7.26625461066012,-0.0764821234398429,-0.132942479178062,0.253660983571254,0.284921201564129,-0.00355732417900016,0.0400432614965082,63.5851344840036,71.1576895266823,77.6895520087545,82.6459515556012
30.95,819.690096456263,-7.29987853780172,-0.0940440126027737,-0.130391740447183,0.256124190463673,0.214978855010971,-0.00428527978144966,0.0399155018021626,64.8202867684572,72.4661210044117,79.890934816903,84.5828137957327
30.96,819.936773285871,-7.33304276773473,-0.110517216698359,-0.127820133545704,0.257901676615318,0.146795652734469,-0.00496737283608415,0.0396791160025203,65.9043127490511,73.6748114002497,81.9190622522419,86.2681077936423
30.97,820.183507417132,-7.36573197098517,-0.125945312638627,-0.125234351862369,0.259037291005338,0.0865414451787718,-0.0056050003248709,0.039464197231286,66.8151046874174,74.7811038374626,83.7803335934559,87.7508810076493
30.98,820.430299981448,-7.39793233088151,-0.140320099779853,-0.122640345572181,0.259612801068469,0.0332936205906942,-0.00619763915013098,0.0392207273046192,67.5790952014078,75.7329182858683,85.5099604623968,89.1209872630604
30.99,820.67715185499,-7.42963157499837,-0.15369586310005,-0.120043390791522,0.25968268209657,-0.0153125265579683,-0.00674724141368193,0.038908593323975,68.227451765795,76.4705383532342,87.1179574720002,90.4643519630815
31,820.924063683362,-7.4608193381592,-0.166133927013471,-0.117448246006297,0.259308782711099,-0.0561510386006815,-0.00725628273472363,0.038620510329135,68.7610135903434,76.9764551612461,88.5410993312598,91.7726107288014
31.01,821.171035907513,-7.49148677212616,-0.177677496143886,-0.114858946667534,0.258559491056237,-0.0914642778091733,-0.00772661661901642,0.038312521791383,69.1835530302046,77.2688299737932,89.7178582000974,92.946419676874
31.02,821.418068732771,-7.52162654168953,-0.188397366613759,-0.11227898423008,0.257478865142873,-0.122975259218154,-0.00816114243602193,0.0379535575614127,69.4887368938256,77.4163357713036,90.6398765540708,93.8757491261506
31.03,821.665162115962,-7.5512329792714,-0.198376875698239,-0.10971142062021,0.256119307763001,-0.147718975485738,-0.00856343366243649,0.0376087088839358,69.6677721446188,77.4447970100114,91.2951056437194,94.5621736802398
31.04,821.912315724163,-7.58030180272533,-0.207676158375418,-0.107158696985153,0.254539285919579,-0.168002410377016,-0.0089362457674272,0.037243280148199,69.7557152096511,77.3725441547099,91.7216584722401,95.0358455115997
31.05,822.159528997089,-7.60883003566709,-0.216373150563716,-0.104622813390249,0.252772510714264,-0.185814239751809,-0.00928297982465053,0.036833385482594,69.7976584099039,77.2146215901704,91.9700687563206,95.3594762690503
31.06,822.406801188677,-7.63681598402802,-0.224535380337798,-0.102105501041167,0.250847442469129,-0.199668184994873,-0.00960665693454295,0.0364203146169177,69.8238123914282,76.9928666965975,92.0573535237694,95.5909353582963
31.07,822.654131411339,-7.66425895842222,-0.232215755589863,-0.0996080980486048,0.248807219110684,-0.20980963822391,-0.00990973474310859,0.0359791614325743,69.8703848249175,76.7233282452679,92.0022433567896,95.7470119156867
31.08,822.901518663011,-7.69115916813616,-0.239467773196778,-0.0971316074301038,0.246674592895822,-0.218783433214687,-0.0101946517320928,0.035493949211589,69.9479862164211,76.4234661091768,91.8425491805137,95.8420528584652
31.09,823.14896185632,-7.7175176144413,-0.246334673003635,-0.0946769060843174,0.244458652513998,-0.226752697234858,-0.010463401010818,0.0349880029541932,70.0537586206299,76.1151352281829,91.5915980425727,95.8960360608912
31.1,823.396459843921,-7.74333588202331,-0.252843818136804,-0.0922447846559264,0.242164788891015,-0.234801863460817,-0.0107173079658498,0.0344398794859823,70.197397967364,75.8048711050163,91.2731267313143,95.9049610503253
31.11,823.644011431679,-7.76861606734718,-0.259016895635313,-0.0898360293103141,0.239792957559356,-0.242536697578579,-0.0109574490888806,0.0338662590266561,70.3741904876439,75.5139890157885,90.8906005637795,95.8738004690808
31.12,823.891615384737,-7.79336062194866,-0.264860613082007,-0.0874514151078596,0.237342000090984,-0.250991534142266,-0.0111842816099564,0.0332595533442933,70.582400157307,75.2757616500505,90.4606953156492,95.768244193839
31.13,824.139270433722,-7.81757230870276,-0.270382179608586,-0.0850917814082332,0.234803713872072,-0.2600229809393,-0.0113981832708427,0.0326206808429255,70.8334402301625,75.0858485774823,90.0134518192111,95.6241746186148
31.14,824.386975287531,-7.84125415003093,-0.275578566161066,-0.082758018525025,0.232175930020138,-0.269099621830708,-0.0115991243454097,0.0319562238726534,71.1343134789424,74.9454809159499,89.5529809669692,95.4764269423383
31.15,824.634728657468,-7.86440931273901,-0.28043488573042,-0.0804510315124825,0.229456295918625,-0.278572832797967,-0.0117865717365437,0.0312679850634735,71.4853864588679,74.8481706896546,89.1056522681601,95.3325918529055
31.16,824.882529268555,-7.8870410435099,-0.284934793128692,-0.0781717729634942,0.226637648590065,-0.289010952342667,-0.0119599075041692,0.0305562501397933,71.8724125306653,74.7998187893953,88.6803335315946,95.2059445178438
31.17,825.130375866019,-7.90915269044019,-0.289061507243512,-0.0759212842469775,0.223710994240434,-0.300269918110374,-0.0121184750023193,0.02982528862526,72.2885442107803,74.7957995045657,88.2889609298538,95.0947262583269
31.18,825.37826721791,-7.93074768844215,-0.292794504039114,-0.0737006910974752,0.220668436124606,-0.312191079955917,-0.0122614520883395,0.0290858184364894,72.725868890433,74.8302627373053,87.9399398121285,94.9958407803809
31.19,825.626202116492,-7.95182953849776,-0.296110158643272,-0.0715111841062268,0.217504125732192,-0.324754715511688,-0.0123878822529905,0.0283315806260905,73.1702386465972,74.9043524760443,87.630982226075,94.9130720028258
31.2,825.874179379376,-7.97240181192862,-0.298983103846638,-0.0693540075733555,0.214214935306341,-0.337180680917126,-0.0124967322480806,0.0275796980564124,73.6170131676764,75.0085451420777,87.3699935854175,94.8399823016166
31.21,826.122197849911,-7.99246810137017,-0.301385582356181,-0.0672304062581087,0.210800455123036,-0.349965043459481,-0.0125868686808458,0.0268196651053942,74.0546608083021,75.1439233660625,87.1536242608417,94.7798894719828
31.22,826.370256395526,-8.01203208859612,-0.303296614264939,-0.0651416515333634,0.207259005194822,-0.36245912304978,-0.0126574227911832,0.0260710448565332,74.4811896309941,75.3015567963405,86.9876078001296,94.7280050267977
31.23,826.618353908564,-8.03109751668904,-0.304691170298323,-0.063088988210491,0.203594366454761,-0.374782861847686,-0.0127073587203719,0.0253201187269524,74.8875831996277,75.4813743558452,86.8683373865455,94.6893179452928
31.24,826.866489316846,-8.04966822880677,-0.30555223877164,-0.0610736323592933,0.199810597954532,-0.386442573072067,-0.0127359024301133,0.0245777757647056,75.2395716270688,75.6618378020634,86.8420365755422,94.6868207655369
31.25,827.114661587591,-8.06774820237718,-0.305868740548911,-0.0590967674085906,0.19590817873365,-0.398293061547109,-0.0127425706299381,0.0238574082584625,75.4877342610863,75.8405562160715,86.9374116487351,94.7008359490809
31.26,827.362869725225,-8.08534161677216,-0.305632047174339,-0.0571595752139774,0.191887761032045,-0.410065624762805,-0.012727004810091,0.0231409968498896,75.65838991706,76.0192847720478,87.0814763888668,94.6978075620415
31.27,827.611112757147,-8.10245286729033,-0.304832360034425,-0.055263213513766,0.187756591099953,-0.420238013151455,-0.0126887888759525,0.0224518091148928,75.7797099152561,76.1914957892366,87.2365400811561,94.6592008989009
31.28,827.859389721872,-8.11908645720791,-0.303453893227895,-0.0534086874979796,0.183532203956338,-0.428980100978346,-0.0126272751697078,0.0217692074671614,75.8627833320253,76.3603889377176,87.3849775115896,94.5865523586029
31.29,828.107699663608,-8.13524702623279,-0.301489611906363,-0.0515968495338591,0.179231388415647,-0.435381496802268,-0.0125421584802921,0.0211133143447907,75.9298430811197,76.522447032611,87.5155483967282,94.484595178601
31.3,828.356041629897,-8.15093932350461,-0.298941101454506,-0.0498283262303607,0.174877469724796,-0.439899784314074,-0.012433456972418,0.0204605288339743,76.0449279386633,76.6766647051742,87.5634202933142,94.3611109669521
31.31,828.60441467526,-8.1661684132225,-0.295835792524226,-0.0481035467296487,0.170489992116808,-0.442263787131125,-0.012302254430486,0.0198291270464857,76.1711872401635,76.8248776820947,87.5923259575411,94.2272244578735
31.32,828.852817856993,-8.18093968214236,-0.292198126544178,-0.0464227505110339,0.16608269533435,-0.4442679613228,-0.0121495063375197,0.0191946905166185,76.2754180226089,76.974587829979,87.6403437743862,94.093658906994
31.33,829.10125025425,-8.19525884691053,-0.288055920394978,-0.0447861308207245,0.161657701279904,-0.445719048124675,-0.011976291221998,0.0185755581478993,76.3506729258285,77.1217675854605,87.7200425471209,93.9630480017338
31.34,829.349710981829,-8.20913188366794,-0.283432257547015,-0.0431938335074221,0.157219032929393,-0.447147840386842,-0.0117835063113513,0.0179497823988936,76.3923323963468,77.2627892687254,87.8210871877793,93.8332742304065
31.35,829.598199179806,-8.22256512079636,-0.278363819329111,-0.0416459902317667,0.152768678603793,-0.44814457568716,-0.0115726022568696,0.0173263114965012,76.4063971276123,77.3883656685756,87.9270898725495,93.6990883693307
31.36,829.84671401731,-8.23556526042255,-0.272883491594621,-0.0401426982171781,0.148310340216536,-0.4487289536935,-0.0113448776588733,0.0167142194301757,76.3878663590386,77.4906430725328,88.0334751599495,93.5555475100447
31.37,830.095254684227,-8.24813933392963,-0.26702474012154,-0.038684018010358,0.143845419188616,-0.449716354018238,-0.0111016603305916,0.0160931741421785,76.3301308828144,77.5664086943764,88.1343641057034,93.3999745594324
31.38,830.343820392403,-8.26029480773554,-0.260832710079659,-0.0372700314530982,0.139373793049958,-0.44995679731162,-0.0108447513004823,0.0154820548986702,76.2323763202967,77.6096493673912,88.2255871272706,93.2278621097595
31.39,830.592410371733,-8.2720395666529,-0.254346498828796,-0.0359007601711699,0.134902101406098,-0.449960687693579,-0.010575720727093,0.0148630223724227,76.0923603285631,77.6193939065993,88.3003836806866,93.0361737322538
31.4,830.841023871332,-8.28338192966159,-0.247610072847012,-0.034576193104951,0.130433911635412,-0.449249868020476,-0.0102963355485128,0.0142540393358867,75.9115506174293,77.5917274695594,88.3559154789778,92.8229350252366
31.41,831.089660157427,-8.29433061569475,-0.240665362319978,-0.033296258240173,0.125974212735754,-0.448475385835232,-0.0100082766553429,0.0136384647611979,75.6913742363292,77.5188900393526,88.3898136555723,92.5999711449957
31.42,831.338318518844,-8.30489476366699,-0.233552418487685,-0.0320608659750413,0.121525353101594,-0.447163259966599,-0.00971317257772907,0.0130340014731509,75.436462754583,77.3954724278111,88.395999171086,92.3663747911344
31.43,831.586998264534,-8.31508383500546,-0.226306258407223,-0.0308698848060595,0.117090733667438,-0.44556601111197,-0.00941246487626238,0.0124261028037086,75.1579689976978,77.2264811384247,88.3521879151078,92.1088314382826
31.44,831.835698718891,-8.32490766425007,-0.218966342436067,-0.029723140511198,0.11267766045763,-0.442977678858747,-0.0091077668935101,0.0118326039726942,74.8566804413525,77.0165707225283,88.2634542245725,91.8245138183423
31.45,832.084419216281,-8.33437636739899,-0.21156421627605,-0.0286203732600982,0.108292723763664,-0.440072749295382,-0.00880037901308569,0.0112401518007882,74.5298889705036,76.7722471698658,88.13954485793,91.5164065339005
31.46,832.333159105336,-8.34350034779639,-0.204132899312972,-0.0275612782111497,0.103942296880532,-0.436006238498952,-0.00849166507706123,0.0106657082467377,74.1790547062703,76.4970420003456,87.9873875091079,91.1874594729253
31.47,832.581917750352,-8.35229019314524,-0.196697646532602,-0.0265454533259645,0.0996350226266327,-0.431523902225504,-0.00818268172383406,0.0100971284207347,73.8078705833764,76.1965500467349,87.8101386790044,90.8404599394613
31.48,832.83069453315,-8.36075670355673,-0.189291074836331,-0.0255724321317351,0.095379515994518,-0.425587626883174,-0.00787478077869777,0.00955033824277304,73.4219225445625,75.8743186101008,87.6085336033289,90.4767184410831
31.49,833.079488853374,-8.3689108379377,-0.181938673356259,-0.0246416255786274,0.0911868374374799,-0.419086056454381,-0.00756902913764659,0.00901381847652031,73.0253795998766,75.5348036786383,87.3835790145596,90.0978142979314
31.5,833.328300126846,-8.37676366394087,-0.174662769898589,-0.0237523738079213,0.0870646186873891,-0.411313374690343,-0.0072663710159208,0.008502440790643,72.6305834345192,75.1798684618233,87.1266816772824,89.7058379183024
31.51,833.577127785451,-8.38432622821451,-0.167474989768452,-0.0229038992481393,0.0830251002780381,-0.402617466051894,-0.00696732014601963,0.00800519558290652,72.2477305019762,74.81327456616,86.8358141876111,89.3038900298389
31.52,833.825971275713,-8.39160953518865,-0.160391803816482,-0.0220953291668866,0.0790774450826467,-0.39279499405899,-0.00667257607338777,0.00753547071623689,71.8730804404569,74.4414148738717,86.5280817115554,88.8987208978886
31.53,834.074830063312,-8.3986245204853,-0.15343072351104,-0.0213256867477778,0.0752308043709998,-0.382446197434815,-0.00638287968560104,0.00708227861746704,71.5044052604953,74.069305711682,86.2130572732365,88.4930768667042
31.54,834.323703635332,-8.40538208688694,-0.146610271454532,-0.0205939303446383,0.0714927689547193,-0.370820872026001,-0.00609900822125579,0.00665797346326222,71.1415656050908,73.6993666554396,85.8946284499409,88.0888297395605
31.55,834.572591500212,-8.41189299819673,-0.139941971351645,-0.0198989039764721,0.0678745073150936,-0.35855481531129,-0.00582145914892304,0.0062516886128149,70.7851358011287,73.3336418393708,85.5745990125902,87.6861484474906
31.56,834.821493189483,-8.41816785766939,-0.133436676205982,-0.0192393847304333,0.0643812584093064,-0.345586215364035,-0.00555069447257131,0.00587367498790754,70.4363876729954,72.9729116084734,85.2524676894136,87.2858183688202
31.57,835.070408255619,-8.42421702695776,-0.12710106711071,-0.018614086288993,0.0610184726188035,-0.332331326942126,-0.00528700714334979,0.00551301321144808,70.0966442637024,72.6180889159024,84.9282720384686,86.8877399771252
31.58,835.319336270179,-8.43005067984239,-0.120951260544864,-0.0180216906314904,0.057788545404543,-0.318977947420689,-0.00503106474641745,0.00517893216327474,69.7687321894779,72.2702155060603,84.599491031784,86.4924938562347
31.59,835.568276819403,-8.43567881851544,-0.115001582398696,-0.0174608759272249,0.0546897911883319,-0.305746894736823,-0.00478346162704973,0.00486084137385327,69.4665661429249,71.9284291496969,84.2519038732909,86.099784291305
31.6,835.817229501431,-8.44111122652417,-0.109257480332137,-0.0169303247911803,0.051723834117942,-0.292308142058349,-0.00454443189359522,0.00456329819846477,69.1859430728636,71.6042539264022,83.896119134953,85.7028041589686
31.61,836.066193926926,-8.44635737868931,-0.103719116132209,-0.0164287016245218,0.0488924307574251,-0.278548784571494,-0.00431398693092419,0.00428951079281894,68.9214927743046,71.3021835356192,83.5468736915597,85.308856577808
31.62,836.31516972213,-8.45142640774731,-0.0983868032344547,-0.0159546435289352,0.0461975296318731,-0.264931389757171,-0.00409214508613541,0.00402978118245443,68.6725571001241,71.0198737778808,83.2131176076136,84.9276285841676
31.63,836.564156535593,-8.45632714373602,-0.0932641775541495,-0.0155067936666696,0.0436384986386577,-0.25114336193339,-0.00387905464122648,0.00379039923203519,68.4378098358156,70.7545724254709,82.8955166400763,84.5626000356803
31.64,836.813154037362,-8.46106809563708,-0.0883532463726173,-0.0150837928412569,0.0412136009223209,-0.238044771713872,-0.00367479550948339,0.00356252101997515,68.2160161752302,70.5032179410701,82.5925447842934,84.2128475461877
31.65,837.062161917781,-8.4656574898077,-0.0836588032839091,-0.0146843409480595,0.0389162039241398,-0.225331347351386,-0.0034795524876939,0.00335187834160922,68.0055849308592,70.2631169549266,82.3012224967368,83.8778568728295
31.66,837.311179886653,-8.47010324063451,-0.0791793278937332,-0.0143071805681896,0.0367424869528599,-0.213180442390637,-0.00329325857946534,0.0031513663549073,67.804597883396,70.0316033473225,82.0195710849608,83.5549073251128
31.67,837.560207671079,-8.47441294052932,-0.0749120698862563,-0.0139511056515071,0.0346875392806054,-0.20133746333845,-0.00311579562709161,0.00296642175873464,67.610962009789,69.8070914523909,81.7450849388173,83.2423794136128
31.68,837.809245014778,-8.47859383006097,-0.0708509961375542,-0.0136149460482915,0.0327474465020231,-0.190073612087613,-0.00294691460263636,0.00279072028007035,67.423279439416,69.5878564248792,81.4766164863438,82.9379953759991
31.69,838.058291674941,-8.48265282091885,-0.0669915608669325,-0.0132975845614068,0.0309171283832317,-0.1791387992407,-0.00278642479682335,0.00262907066713759,67.2401550792841,69.3730970300631,81.2128099399334,82.6411918166085
31.7,838.307347421603,-8.48659648670398,-0.0633275781226887,-0.0129979380013967,0.029193605652727,-0.168587113293467,-0.00263407160070366,0.00247609971561274,67.061179847594,69.1621485143539,80.9538266712467,82.3508821449659
31.71,838.556412036384,-8.49043109567696,-0.0598553752838018,-0.0127149600724447,0.0275732078183314,-0.158353687156241,-0.0024897008044753,0.00233592890493441,66.8865858288497,68.9548147467096,80.6973275306119,82.0668637037535
31.72,838.805485309614,-8.49416260293007,-0.0565684882094347,-0.0124476389769526,0.0260519881827144,-0.148595324196101,-0.00235304806630309,0.00220372933323906,66.7236065171791,68.7495655981007,80.4352251815943,81.7882788535511
31.73,839.054567039055,-8.49779665523025,-0.0534604485144387,-0.0121950082312128,0.0246255990020467,-0.139227157663231,-0.00222384572943863,0.00208309209909277,66.5697552668222,68.5480471333481,80.1742753222103,81.5184136984724
31.74,839.303657031164,-8.50133859239327,-0.0505246823789111,-0.0119561432972443,0.0232892492695987,-0.130442714609185,-0.00210182116087252,0.00197005769070558,66.4213537047425,68.3511900605277,79.9216429335017,81.2585211554706
31.75,839.552755103129,-8.50479347181038,-0.0477547503796258,-0.0117301735963222,0.0220380482855161,-0.122007812312868,-0.00198670663965174,0.00186779969833971,66.2755468573187,68.1591324251449,79.6790865046944,81.0088881690064
31.76,839.801861082658,-8.50816605460775,-0.0451419027756703,-0.0115162658656793,0.0208683762802896,-0.114010426868517,-0.00187814269965868,0.0017730268047042,66.1312950575456,67.9708545333405,79.4465774507254,80.7680902542351
31.77,840.050974808213,-8.51146081957377,-0.0426782087502135,-0.0113136275484459,0.0197764656829785,-0.106290290818554,-0.00177580216786434,0.00168814735345029,65.9876668441785,67.7856343123972,79.222095066608,80.5352520769782
31.78,840.300096127729,-8.51468196148038,-0.0403547529966233,-0.0111214958195701,0.0187593289453631,-0.0989434204934048,-0.00167931884899108,0.00161018481261284,65.8443328454604,67.6021555722644,79.0042159606016,80.3085137315261
31.79,840.549224897057,-8.51783340932475,-0.0381638560742232,-0.0109391428082718,0.0178136074072956,-0.0918629034318309,-0.00158837538523752,0.00154088204531715,65.7006732008822,67.4200190699338,78.7912169563011,80.0871996680555
31.8,840.798360978908,-8.52091883049985,-0.036097490465533,-0.0107658687382481,0.0169364507204101,-0.0851205101998462,-0.00150264067087966,0.00147763357557976,65.556746256851,67.2386362515245,78.5826783418215,79.8701596855117
31.81,841.047504245381,-8.5239417105536,-0.0341758451417531,-0.0106010674993327,0.016099015835408,-0.086868566428451,-0.00142288566102018,0.00142143618814699,65.4063828896345,67.0639939748296,78.3788887468255,79.654889425278
31.82,841.296654567084,-8.52690606505035,-0.0324446423351383,-0.0104448128403449,0.0152435771818893,-0.083077594172248,-0.0013508414536052,0.00137308969162439,65.3206437925994,66.8290872903991,78.1094072640222,79.487728179723
31.83,841.545811803884,-8.52981517714058,-0.0307786257680157,-0.0102967745409421,0.0144531433190046,-0.0759835341972514,-0.00128154263603554,0.00134468833868919,65.2028527463095,66.6304557376426,77.887173262501,79.2996535114447
31.84,841.794975840005,-8.53267151235076,-0.0291561709216026,-0.0101562452549824,0.0137349606481874,-0.0687722883550316,-0.0012141325657112,0.00132375308140176,65.0628475859435,66.4526488071935,77.698462599751,79.1047392423824
31.85,842.044146569129,-8.5354773317742,-0.0275817813157267,-0.01002250987628,0.0130872636448194,-0.0617771653423193,-0.00114879818615671,0.00130864813733397,64.9134649461058,66.2831447288649,77.523458966932,78.9092739273609
31.86,842.293323890059,-8.5382347784195,-0.0260612336972427,-0.00989487498377892,0.0125077075049524,-0.0550870531855116,-0.00108577555034206,0.0012969186175612,64.763195147621,66.1154561118552,77.3507159723346,78.7148664987651
31.87,842.542507703521,-8.54094588582073,-0.0246002982788076,-0.00977267768664337,0.0119927541333559,-0.0487967271945328,-0.0010252967743749,0.00128764911623778,64.6155282017694,65.9480183673517,77.1762249607898,78.522581123439
31.88,842.79169791083,-8.54361258236419,-0.0232042427792066,-0.00965529558312361,0.0115379248580299,-0.0430028042584253,-0.000967570547208715,0.00127991115748135,64.4713742791844,65.7815464169672,77.000578039012,78.333434183227
31.89,843.040894413942,-8.54623669782307,-0.0218779585999832,-0.00954215595563913,0.0111379073795287,-0.0377654111195673,-0.000912787725889745,0.00127247041429085,64.331021677928,65.6174593704491,76.8261813561072,78.1474465696895
31.9,843.290097115556,-8.54881996825834,-0.0206251260934878,-0.00943274204040377,0.0107868702703684,-0.0331498074085306,-0.000861087947072557,0.00126513488696535,64.1938515346626,65.4599667073147,76.6544230659442,77.9621167899314
31.91,843.539305919213,-8.55136403727539,-0.0194481786480793,-0.0093265980825694,0.0104786696345302,-0.0291248724413543,-0.000812558701382341,0.00125741582572467,64.0609750741998,65.3088870921673,76.487924100223,77.780615771761
31.92,843.788520730391,-8.55387045568338,-0.018347841778394,-0.00922332653463826,0.0102078043572094,-0.0256203916450283,-0.000767219038440248,0.00124928224880999,63.9329775034073,65.1638332051337,76.3276669901293,77.6056675394035
31.93,844.037741457752,-8.55634067927826,-0.0173234523577042,-0.00912258150415,0.00996934758010864,-0.0225885490678287,-0.000725032291300538,0.00124067839633887,63.8102700909043,65.0242066201089,76.1741489386201,77.4377516338386
31.94,844.286968013669,-8.55877606952561,-0.0163733742603619,-0.00902406388865253,0.00975881453487505,-0.0199877015090493,-0.000685922822898999,0.00123151320498446,63.6924775054181,64.8898203131432,76.0268400323769,77.2769231067853
31.95,844.536200314044,-8.561177896509,-0.0154952096120326,-0.00892751713309752,0.00957217160684862,-0.0177639338600627,-0.000649784746038329,0.00122200919957687,63.5794497721515,64.7601110894729,75.885489869346,77.1224287142745
31.96,844.785438278033,-8.56354734132966,-0.0146859028246858,-0.00883272211011693,0.00940586759393367,-0.0158816005765746,-0.000616486339930901,0.00121202033905666,63.4706115750196,64.6349109245428,75.749362352433,76.973865684184
31.97,845.034681827725,-8.56588550069451,-0.0139420028875327,-0.0087394931891823,0.00925678250127315,-0.014280674210238,-0.000585880658666423,0.00120196470060401,63.3658024072785,64.5137522871033,75.6182215859484,76.8304712753007
31.98,845.28393088786,-8.56819338962076,-0.0132596403745293,-0.00864767277591416,0.00912228846982886,-0.0129340216425588,-0.000557804790727009,0.00119159440361537,63.2645718826299,64.3965813859523,75.4915081171713,76.6919864769479
31.99,845.533185385577,-8.57047194699983,-0.0126348660714761,-0.00855712804609545,0.00900011809241596,-0.0117833950964379,-0.000532093363618562,0.00118144211509526,63.1669101805082,64.283090085869,75.3691756163638,76.5579027059605
32,845.782445250226,-8.57272203852478,-0.0120635437280082,-0.00846774589916166,0.00888842342545956,-0.0108175290172897,-0.000508574360860192,0.00117112847081208,63.0725327097911,64.1733424142904,75.2508672860799,76.4281665224089
32.01,846.031710413241,-8.5749444633326,-0.011541736095068,-0.00837943100962534,0.00878559955142975,-0.00998229092437246,-0.000487084422539074,0.00116125578967271,62.9815282867954,64.0671238281128,75.1366453597214,76.3024520057225
32.02,846.280980808128,-8.57713995693175,-0.0110654581443004,-0.00829210141781524,0.00869038547078373,-0.00928132901168453,-0.000467459069321896,0.00115131491194575,62.8936879775828,63.9645294256404,75.0262536161825,76.1808053948898
32.03,846.530256370331,-8.57930919836754,-0.0106311055884523,-0.00820568788214954,0.00860164168829696,-0.00866493975580809,-0.000449549623930751,0.00114196058490019,62.809078074093,63.8653257790093,74.9197335027447,76.0629385732065
32.04,846.779537037189,-8.58145281265292,-0.0102350534683651,-0.00812012999689908,0.00851853777839384,-0.00814394128984946,-0.000433207301059005,0.00113257090021256,62.7274920450992,63.7695790981963,74.8168476612693,75.9489029764583
32.05,847.028822747877,-8.58357137748344,-0.00987412005988494,-0.00803537620341408,0.00844029760706683,-0.00767260653794588,-0.000418301501446368,0.00112384692100785,62.6489652936917,63.677042517382,74.717612297282,75.8384260900979
32.06,847.27811344337,-8.58566542502602,-0.00954514142107311,-0.00795138041601277,0.00836638595246162,-0.0072730152947134,-0.000404702928796864,0.00111506676665541,62.5732594928371,63.5877243793626,74.6217658148381,75.7315174994277
32.07,847.527409066377,-8.5877354486571,-0.00924545453920227,-0.00786810300058077,0.00829624218971004,-0.0069018409832363,-0.000392302629614124,0.00110697648024875,62.5003762713421,63.5013588898661,74.5292940981375,75.6279130420597
32.08,847.776709561308,-8.58978190403314,-0.00897238361225976,-0.00778550775558437,0.00822951254523967,-0.00658802660627295,-0.000380991614763086,0.00109877887060979,62.4300478180545,63.4179032106444,74.4399158252915,75.5275805163984
32.09,848.026014874199,-8.59180521540959,-0.00872375290824189,-0.00770356346557659,0.00816576997579802,-0.0062889317479508,-0.000370681074504943,0.00109126617882398,62.3622241020344,63.3370597853642,74.3535648297821,75.4302329219702
32.1,848.275324952671,-8.59380577586535,-0.00849731986111193,-0.0076222410446667,0.00810477674663023,-0.00603822447763209,-0.00036127990359648,0.00108358591676656,62.2966306872545,63.2587628805119,74.2699647622753,75.3358167901507
32.11,848.524639745846,-8.5957839530929,-0.00829131275615959,-0.00754151543898469,0.00804619977711934,-0.00579138876156896,-0.000352715910265952,0.00107657610349072,62.2332119439711,63.1827321637475,74.1890518083928,75.2440698392976
32.12,848.773959204327,-8.59774008868454,-0.00810383012649635,-0.00746136273115594,0.00798989011386342,-0.00558678731928282,-0.000344912017514418,0.00106934224998217,62.1716787643087,63.1088752814754,74.1105421546297,75.1549025944162
32.13,849.023283280129,-8.59967450359223,-0.00793344486009757,-0.00738176242126346,0.00793556257325386,-0.00538155474819011,-0.000337810103079686,0.00106275865066289,62.1119582073898,63.036914604267,74.0343514244145,75.0680545653838
32.14,849.272611926629,-8.60158749675056,-0.00777843728616969,-0.00730269441878881,0.00788322363048178,-0.00518709839682696,-0.000331340688038773,0.00105637789348486,62.0537986836997,62.9667139242169,73.9602496926947,74.9833666774251
32.15,849.521945098495,-8.60347934756078,-0.00763761557573877,-0.00722413989513723,0.00783260331672803,-0.00503973230812922,-0.000325455242310945,0.00104966357381581,61.9970117266219,62.8981357414717,73.8880220637294,74.9007298514101
32.16,849.77128275167,-8.60535032195486,-0.00751004162982062,-0.00714608404917401,0.00778339027779886,-0.00488966048680638,-0.000320115377401217,0.0010435656538401,61.9415441426048,62.8306270384156,73.817592212364,74.8202787537222
32.17,850.020624843419,-8.60720066935879,-0.00739441445735818,-0.00706851234760367,0.00773557143303266,-0.00476767614283489,-0.00031526859885373,0.00103712350048412,61.8871617325251,62.7639276942415,73.7486905153222,74.7420057614413
32.18,850.269971332256,-8.6090306264537,-0.00728986164600407,-0.00699141252946724,0.00768894248223573,-0.00463893419961681,-0.000310879346558577,0.0010312807779329,61.8335893825984,62.6983383976658,73.6809850947291,74.6646680831396
32.19,850.519322177727,-8.61084041552905,-0.00719531028692702,-0.00691477232222922,0.00764345910005761,-0.00454440671852374,-0.000306904232742962,0.00102506273037113,61.7804638852096,62.6343462829948,73.6141422762774,74.5874252239294
32.2,850.768677339849,-8.61263024900761,-0.00711007058352973,-0.00683858201372182,0.00759892479428067,-0.0044373093505768,-0.00030331500737179,0.00101942617860404,61.727908009646,62.571397567576,73.5483186834327,74.5108785105848
32.21,851.01803677925,-8.61440032654684,-0.00703313030299382,-0.00676283148236338,0.00755533702144292,-0.00436120966016152,-0.000300070615610758,0.00101338514014446,61.6759251402038,62.5093160080874,73.4835675086566,74.4354763158195
32.22,851.267400457412,-8.61615083880925,-0.00696383041039305,-0.00668751286104177,0.0075125206519308,-0.0042721971147111,-0.000297143897202605,0.00100788969100682,61.6245644154579,62.4479117726428,73.4199405898048,74.3612724529398
32.23,851.516768336741,-8.61788196440786,-0.00690119524436894,-0.00661261783321808,0.00747046521359466,-0.00421568243284248,-0.000294495109009498,0.00100194476428579,61.5736854117657,62.3871547727464,73.3573208382328,74.2882419719831
32.24,851.766140380523,-8.61959387390039,-0.00684462879661691,-0.00653814048309965,0.00742897768740537,-0.00414813546602233,-0.000292099456923152,0.000996497838945171,61.5232516718785,62.3269020663712,73.2956383494175,74.2162210127074
32.25,852.015516552866,-8.62128672700456,-0.00679323582161007,-0.00646407462469336,0.00738803125262025,-0.0041144125829477,-0.00028992027404974,0.000990558632843624,61.4731042861757,62.2671224488749,73.2347268209937,74.1450960602398
32.26,852.264896818617,-8.6229606767372,-0.00674650719280231,-0.00639041660219765,0.00734742216259839,-0.0040705913244846,-0.000287936127216192,0.00098507346229584,61.4232110457352,62.2076849123262,73.1744957394911,74.0747009053182
32.27,852.514281143306,-8.62461586671514,-0.00670363652665807,-0.0063171625740452,0.00730711838201246,-0.00406062606753921,-0.000286113821632884,0.000979063052745522,61.3734499833844,62.1485735583413,73.1148052393174,74.0049461700061
32.28,852.763669493067,-8.62625243527865,-0.00666420012880424,-0.00624431123549493,0.0072669173123831,-0.00404047347087557,-0.000284435293099817,0.000973469898130557,61.3238363736773,62.0897066784685,73.0556100459363,73.9357313779165
32.29,853.013061834606,-8.6278705128244,-0.00662748325212223,-0.00617186108813848,0.00722678616569963,-0.00405529431007043,-0.000282870991141415,0.000967329767930214,61.2742841606031,62.0310786775094,72.9968010217119,73.8670056087318
32.3,853.262458135192,-8.62947022618856,-0.00659319105969547,-0.00609981327350824,0.00718651088544063,-0.00405800099539229,-0.000281408049595455,0.000961575695733402,61.2248682550042,61.9723516952167,72.9383852607152,73.7990768982507
32.31,853.511858362696,-8.63105169593623,-0.00656068537201031,-0.00602816850511251,0.00714611171845041,-0.00408927134682404,-0.000280020175504492,0.000955260320041894,61.1755142118061,61.913551584383,72.8802263847627,73.7317820959101
32.32,853.761262485526,-8.63261504020937,-0.00652973744912016,-0.00595692957922984,0.00710541350300828,-0.00410944671308158,-0.000278697280114963,0.000949305564238824,61.1261828411574,61.8547448477338,72.8221989329719,73.6647849980524
32.33,854.010670472471,-8.63416037237554,-0.00649984150774184,-0.00588609896291966,0.00706440058785939,-0.00416011521474425,-0.000277418379026301,0.000942786090821337,61.0768442418616,61.796061410432,72.7642410786398,73.5979660085484
32.34,854.260082292598,-8.63568780488728,-0.00647084373464143,-0.00581568134646886,0.00702290564050448,-0.00419763130105494,-0.000276176469343559,0.000936620171782389,61.027579606059,61.7375502611946,72.7063576942098,73.5312687203955
32.35,854.509497915212,-8.63719744648462,-0.00644228519486521,-0.00574568088528772,0.00698094259568556,-0.00426111301446581,-0.000274952559963006,0.000929906686254165,60.9784276507685,61.6793711163943,72.6485778902999,73.4646688111898
32.36,854.758917309906,-8.63868940564176,-0.00641403098799606,-0.00567610348852716,0.00693839926009332,-0.00430839099489199,-0.000273740527552592,0.00092355080537609,60.9291603368494,61.6219702277176,72.5912291140704,73.3977112308037
32.37,855.008340446518,-8.64016378803756,-0.00638572118452361,-0.00560695429750985,0.00689528834494986,-0.00438092113755521,-0.000272525440997153,0.000916670816588479,60.8798638044171,61.5652517198394,72.5342395449774,73.330659318505
32.38,855.257767294987,-8.64162070031595,-0.00635730597791993,-0.00553824010113069,0.00685152225697418,-0.0044323469716316,-0.000271304755256122,0.000910152671757703,60.8308846594532,61.5090719621843,72.4774482251643,73.2637520633472
32.39,855.507197825416,-8.64306024698791,-0.00632843615139631,-0.00546996635234814,0.00680719708830001,-0.00450151148728236,-0.00027006418875551,0.000903132425771064,60.7824127182186,61.4534995234928,72.4208723953116,73.1971689418573
32.4,855.756632008073,-8.64448253374942,-0.00629910808509674,-0.00540213954397187,0.00676225101379859,-0.0045500746511359,-0.000268803199367655,0.00089646613284158,60.7345968050159,61.3985777284555,72.3645847497388,73.1310302887527
32.41,856.006069813411,-8.64588766466177,-0.00626895056961181,-0.00533476460755727,0.00671687106706665,-0.00459223301539815,-0.000267506840229927,0.000889732958407241,60.6875068756069,61.3444007374434,72.308688708688,73.0654360756666
32.42,856.255511212084,-8.64727574328561,-0.00623801193289783,-0.00526784600372265,0.00667096603915423,-0.00466070849651338,-0.000266176775408898,0.000882483202890428,60.6412348358116,61.2910483966542,72.2532854699769,73.0005178637994
32.43,856.504956174967,-8.6486468767759,-0.00620643725366469,-0.00520139015329111,0.00662443200762121,-0.00471159248934469,-0.000264818527122465,0.000875566420224721,60.5959653405892,61.2385253222374,72.1982794403167,72.9363332717676
32.44,856.754404673196,-8.65000117197756,-0.00617404207322721,-0.00513540244160516,0.00657733704396308,-0.00478094930181254,-0.000263424630650654,0.000868172672546353,60.5516904353288,61.1868835517838,72.1438042258185,72.8729568845475
32.45,857.003856678092,-8.65133873827472,-0.00614093862271149,-0.00506988941204167,0.00652960840312471,-0.00483202074762222,-0.000261999415153111,0.000861110410674768,60.5083475808734,61.1361716839126,72.0900991175673,72.8104974804249
32.46,857.253312161291,-8.65265968491071,-0.00610697148857085,-0.00500485646630853,0.00648132104905805,-0.00490053251952637,-0.000260536694287502,0.000853587513836345,60.4659087134673,61.0864363451251,72.0372773003312,72.7490165088008
32.47,857.502771094775,-8.65396412397128,-0.00607228508277893,-0.00494031005908595,0.00643241276381169,-0.00495019246403744,-0.000259042188315482,0.000846390985131458,60.4243806791325,61.0376667040154,71.9853751519793,72.6885516135698
32.48,857.7522334509,-8.65525216778587,-0.00603676195147864,-0.00487625543618095,0.00638296571107547,-0.00501605495125876,-0.000257511321364439,0.000838747415787166,60.3837444167728,60.9898699855133,71.9344245137108,72.6291197376374
32.49,858.00169920239,-8.65652393177281,-0.00600057151786931,-0.00481269879276853,0.00633292590331467,-0.00506294784239125,-0.000255950896272951,0.00083142395130586,60.3439888706169,60.9430086350746,71.884406924858,72.5707190138488
32.5,858.251168322334,-8.65777953182402,-0.00596362142969457,-0.00474964509023536,0.00628237796615391,-0.00512522301762168,-0.000254357405685888,0.000823666240899535,60.3050783927679,60.8970667730278,71.8353216626959,72.5133331235502
32.51,858.500640784198,-8.65901908688565,-0.00592606561017167,-0.00468710009718651,0.00623129078325122,-0.00516630919572287,-0.000252737073230984,0.000816224598133223,60.2668960681329,60.8520385401586,71.7873310723109,72.4569918227243
32.52,858.750116561893,-8.66024271612111,-0.0058878126427287,-0.00462506829353443,0.00617973211034489,-0.00522610432108082,-0.000251086363578745,0.000808364603631341,60.2292275238498,60.807913339036,71.7405623664339,72.4016389501902
32.53,858.999595629789,-8.66145054176011,-0.005849031350941,-0.00456355524527952,0.00612764204950523,-0.00526694580172585,-0.000249412044680511,0.000800820221395287,60.1922289512954,60.7645878847358,71.6946402847053,72.3471803565881
32.54,859.249077962642,-8.66264268620556,-0.00580960048943269,-0.00450256529017608,0.00607511285373391,-0.00532097630922743,-0.000247709416320456,0.000792875578541181,60.1560274967233,60.7219729214243,71.6492753825871,72.2935151040185
32.55,859.498563535425,-8.66381927436097,-0.00576965036596238,-0.00444210346803586,0.00602211176192237,-0.00535603906819019,-0.000245983733545124,0.000785244427688871,60.1205941905189,60.6800705409724,71.604542098341,72.2406877814503
32.56,859.74805232335,-8.6649804310903,-0.00572906793548559,-0.0043821735430714,0.00596872672723635,-0.00540484196969202,-0.000244230644440086,0.000777226103469987,60.085895331754,60.638905473149,71.5605352382026,72.1887237779889
32.57,859.997544301905,-8.66612628374519,-0.00568800063262373,-0.00432278004677015,0.00591491592769976,-0.00543578579921485,-0.000242456101115416,0.000769520050620384,60.0519191326914,60.5984761442117,71.5172864862323,72.137658268068
32.58,860.247039446901,-8.66725695976283,-0.00564635715655643,-0.00426392632812501,0.0058607619960699,-0.00548017211937171,-0.000240656637609405,0.000761445225232659,60.0186598809687,60.5587994191646,71.4748571375045,72.0875141701322
32.59,860.496537734483,-8.66837258908226,-0.00560429238509185,-0.00420561648447004,0.00580622669308046,-0.00550664687832232,-0.000238838528739104,0.00075368711301869,59.9860888539493,60.5198380145803,71.4332168936851,72.0382864914942
32.6,860.746039141143,-8.66947330171317,-0.00556172106510538,-0.00414785341123962,0.00575139669696007,-0.0055455638300245,-0.000236998574907195,0.000745581932580713,59.9541820123004,60.4815777849109,71.3923789770313,71.9899586369538
32.61,860.995543643715,-8.67055923002885,-0.00551879456953665,-0.00409064066690725,0.00569624184828902,-0.00556625027384474,-0.000235142936302676,0.000737799993146818,59.9229104494149,60.4439793849861,71.352304067357,71.9425214425912
32.62,861.245051219382,-8.67163050635,-0.00547542877122999,-0.00403398056499126,0.0056408534110359,-0.00559852011103428,-0.000233268477545658,0.000729691428705721,59.8922233092941,60.4069998298928,71.3129683350208,71.8959201833156
32.63,861.494561845661,-8.67268726517258,-0.00543177181180793,-0.00397787601079341,0.0055852067059803,-0.00561258653532051,-0.000231381245832854,0.000721909894778566,59.8620978246695,60.3706088694408,71.2743372296525,71.8501503361846
32.64,861.744075500409,-8.67372964080519,-0.00538774286853114,-0.00392232865569293,0.00552939371295179,-0.00563779837995651,-0.000229478246049151,0.000713818383143375,59.8324797721511,60.3347600204158,71.236384591188,71.80515243155
32.65,861.993592161802,-8.67475776954898,-0.00534348873750961,-0.0038673407118879,0.00547339144524323,-0.00564515165021677,-0.000227565476500686,0.000706055141872004,59.8033412248002,60.2994206235825,71.199069099478,71.7609148618819
32.66,862.243111808344,-8.67577178738294,-0.00529893204578112,-0.0038129131603725,0.00541728978278464,-0.00566347570938499,-0.000225640077648778,0.00069799584026372,59.7746413591565,60.2645571011961,71.1623754737385,71.7173873478269
32.67,862.492634418849,-8.67677183209202,-0.00525421753392216,-0.00375904753758341,0.00536106515565781,-0.00566447632022206,-0.000223707960679992,0.000690263942146307,59.7463389960397,60.2301255013802,71.126246092483,71.6745420409986
32.68,862.742159972438,-8.67775804084734,-0.0052091921302151,-0.00370574400975345,0.00530487874537216,-0.00565813431496689,-0.000221763297920353,0.000682557140862934,59.7183844246584,60.1960945192893,71.0906568191324,71.6323204212957
32.69,862.991688448529,-8.67873055066097,-0.00516398002364502,-0.00365300213653192,0.00524869089177747,-0.00566844108126597,-0.000219811175304018,0.000674551162592891,59.6907575670313,60.162429856556,71.0555799408229,71.5906969147223
32.7,863.241219826823,-8.67968950105904,-0.0051187577755103,-0.00360082265502185,0.00519244980018093,-0.00566323404119822,-0.000217858728912263,0.000666865145908555,59.6634243096889,60.1290923612028,71.0209573381421,71.5496447330542
32.71,863.490754087298,-8.68063503100705,-0.00507344426495883,-0.00354920528722348,0.00513623223973267,-0.00566894143607471,-0.000215902899174586,0.000658911539132981,59.6363568502835,60.0960637203783,70.986783315286,71.5091165895572
32.72,863.740291210202,-8.68156728073189,-0.00502815836509445,-0.00349815033481379,0.00508001209273358,-0.0056585158593398,-0.000213948515636588,0.000651282676491146,59.6095153668092,60.0633082100316,70.9530001746509,71.4690810802089
32.73,863.989831176041,-8.68248638952337,-0.00498280720425322,-0.00344765700055912,0.00502386870187971,-0.00565864208348918,-0.00021199203262061,0.000643399920241122,59.5828734735829,60.030806012811,70.9195976072922,71.4294886940857
32.74,864.239373965564,-8.68339249768769,-0.00493750138576841,-0.00339772503856368,0.00496777709209061,-0.00564294498244161,-0.000210037931676254,0.000635842861007598,59.5564020958173,59.9985299670343,70.886525132918,71.3903183409536
32.75,864.488919559761,-8.68428574442432,-0.00489214576526868,-0.0033483531251864,0.00491181460266351,-0.00563769786530512,-0.000208082555601685,0.000628042628811123,59.5300951106587,59.9664778601967,70.8537907713141,71.3515405799399
32.76,864.738467939851,-8.68516626975682,-0.00484684569455806,-0.00329954048710891,0.00485595555894005,-0.00561705929144691,-0.000206130155745531,0.000620567514442334,59.5039122936076,59.9346110212705,70.8213235693851,71.3131148834288
32.77,864.98801908727,-8.68603421245701,-0.00480150510096703,-0.00325128530746552,0.00480027416657806,-0.00560688540716189,-0.000204177014986512,0.000612858154871425,59.4778487341997,59.9029273877011,70.7891331653468,71.2750138488229
32.78,865.237572983658,-8.68688971195058,-0.00475622517616034,-0.0032035863296994,0.00474474311294762,-0.00558181243068038,-0.000202227196591536,0.00060547240255898,59.4518809547261,59.8714052666272,70.7571647879593,71.2372133599763
32.79,865.48712961085,-8.68773290628538,-0.00471090956560613,-0.00315644129438719,0.00468943288905427,-0.00556728819715184,-0.000200276948735085,0.000597859832750382,59.4260046954249,59.8400424897267,70.7254253463554,71.1996836163979
32.8,865.736688950872,-8.68856393401449,-0.00466565603891038,-0.00310984851852851,0.00463431408575752,-0.00553836729866457,-0.000198330176170464,0.00059056879453904,59.400221330711,59.8088422724115,70.6938915856033,71.1624322386981
32.81,865.986250985929,-8.68938293220569,-0.0046203682745368,-0.00306380535840025,0.00457945342353805,-0.00552009268547222,-0.000196383105936994,0.000583057382088041,59.3745039962128,59.7777790342329,70.6625381385505,71.1253977384687
32.82,866.235815698392,-8.69019003830307,-0.00457514103758226,-0.00301830976348912,0.00452481948153077,-0.00548788112164363,-0.000194439502616914,0.000575865408942432,59.3488622877697,59.7468640426439,70.631351304078,71.0885976286641
32.83,866.485383070797,-8.69098538817388,-0.00452987812708055,-0.00297335876096933,0.00447047565032098,-0.00546637994403354,-0.000192495578084593,0.000568459095111945,59.3232860961117,59.7160876503848,70.6003244332685,71.0519897919354
32.84,866.734953085831,-8.69176911794986,-0.00448467160958954,-0.00292894998411127,0.00441638899219122,-0.00543132404732558,-0.000190554971968217,0.000561370582350021,59.2977835828911,59.6854594636691,70.5694430061359,71.0155912218112
32.85,866.984525726327,-8.69254136210813,-0.00443942555360486,-0.00288508017517364,0.00436262028167822,-0.00540698884692398,-0.000188613890531157,0.000554073678753664,59.2723586641142,59.6549831025079,70.5387161117557,70.9793762540136
32.86,867.234100975262,-8.6933022552941,-0.00439422986128798,-0.00284174668956527,0.00430913567914406,-0.0053694007155509,-0.000186675873665222,0.000547093507427611,59.2470103865696,59.6246587551153,70.5081155472708,70.9433485004728
32.87,867.483678815747,-8.69405193043468,-0.00434898943037371,-0.00279894601571541,0.0042559939707323,-0.00534251166326772,-0.000184737148537074,0.000539910585546969,59.2217440358205,59.594490703167,70.4776540473671,70.9074867224678
32.88,867.733259231019,-8.69479052054692,-0.00430379314380037,-0.00275667525867598,0.00420316069209706,-0.00530263766621351,-0.000182801205053124,0.00053304333658512,59.1965693380164,59.5644894216676,70.4473163282097,70.8718077284201
32.89,867.982842204445,-8.69551815688355,-0.00425854782910947,-0.00271493067752602,0.00415069288321377,-0.00527343234104255,-0.000180864339246947,0.000525978552513852,59.1714956355645,59.5346625957349,70.4171208129904,70.8362967714323
32.9,868.232427719508,-8.69623497072818,-0.00421334238587182,-0.00267370914985578,0.00409855573809061,-0.00523144703196299,-0.000178930036415444,0.000519229020480729,59.1465281009524,59.5050157617774,70.387048188178,70.8009668520383
32.91,868.482015759814,-8.69694109156608,-0.00416808596013833,-0.00263300672252217,0.00404680520961778,-0.00520004130247707,-0.000176994681259187,0.000512287551928523,59.1216854402641,59.475565446172,70.3571279345564,70.7658150044188
32.92,868.731606309084,-8.69763664886327,-0.00412286797948549,-0.00259282005688375,0.00399540670978282,-0.00515600404559109,-0.000175061779034508,0.0005056614074634,59.0969726720006,59.4463167088596,70.3273416480233,70.7308552466827
32.93,868.981199351153,-8.69832177026202,-0.00407760073303772,-0.00255314499404588,0.00394441531701735,-0.00512248530319426,-0.000173127839761829,0.000498848056343223,59.0723996370197,59.4172767737671,70.2977106521716,70.6960771860472
32.94,869.230794869968,-8.69899658335151,-0.0040323757946105,-0.00251397798766685,0.00389379642273624,-0.00507641938660925,-0.000171196456378421,0.000492349356454171,59.047969684703,59.3884486538862,70.2682144539982,70.6614928774514
32.95,869.480392849585,-8.69966121378605,-0.0039870514613591,-0.00247531451198691,0.00384367097701845,-0.00502501665506702,-0.000169262045956088,0.000485920472018832,59.0236966727172,59.3598553155071,70.2388883832906,70.6271097547766
32.96,869.729993274169,-8.70031578576241,-0.00394171653456436,-0.00243714963280786,0.00379399619231312,-0.00498871553640767,-0.000167328105657151,0.000479291898966071,58.9995954474191,59.3314950341999,70.2097311164463,70.5929292420907
32.97,869.979596127997,-8.70096042424052,-0.00389650225278762,-0.00239947952146692,0.0037447137082946,-0.00494135127926816,-0.000165399796053974,0.000472969217580093,58.9756851764593,59.3033819774025,70.1807454879807,70.5589885869867
32.98,870.229201395455,-8.7015952524817,-0.00385133278056425,-0.00236229968313676,0.00369586890432982,-0.00490485631771565,-0.000163474097687285,0.000466464325634946,58.951960568153,59.275510300154,70.1519373435754,70.5252604062741
32.99,870.478809061039,-8.70222039364987,-0.00380630094848732,-0.00232560628247342,0.00364742281700218,-0.00485665217677585,-0.000161554656502207,0.000460267798903596,58.9284381398991,59.2478982094887,70.1233150173101,70.4917826206884
33,870.728419109356,-8.70283596906184,-0.00376132795908786,-0.00228939474143096,0.00359942388725295,-0.00481909099234348,-0.000159638346042115,0.000453893154023412,58.90512420172,59.22055013091,70.0949013434357,70.4585469285069
33.01,870.978031525127,-8.7034420999142,-0.00371650836600111,-0.00225366112040705,0.00355183427483956,-0.00476986151270923,-0.000157728892139126,0.000447826599604663,58.8820170839043,59.1934638985163,70.0666780473537,70.4255665268958
33.02,871.227646293186,-8.7040389055702,-0.00367176758426412,-0.00221840073832431,0.00350470214421489,-0.00473123205489312,-0.000155823346890812,0.000441584057191127,58.859120805155,59.1666403202084,70.0386658418032,70.3928326498478
33.03,871.477263398476,-8.7046265052824,-0.0036272035383578,-0.00218360955095722,0.0034579894755578,-0.00468106522409674,-0.000153925580846575,0.000435648327365114,58.836445104878,59.1400879855319,70.010862559464,70.3603748241117
33.04,871.726882826059,-8.70520501649102,-0.00358274596845717,-0.00214928278329087,0.0034117433507114,-0.00464153206769865,-0.000152032827835984,0.000429537798237383,58.8139989564916,59.1138126939251,69.9832940407729,70.3281897283625
33.05,871.976504561112,-8.70577455653645,-0.00353849575102284,-0.00211541630290264,0.00336592495972994,-0.0045906319607719,-0.000150149084856648,0.000423732404807966,58.7917733090192,59.0878043559394,69.9559372580985,70.2962855544549
33.06,872.226128588929,-8.70633524096455,-0.00349438603507022,-0.00208200526140272,0.00332057996411376,-0.00455043375791774,-0.00014827172934475,0.000417752829210282,58.7697749321677,59.062066900552,69.9288174538427,70.2646584298621
33.07,872.475754894921,-8.70688718522799,-0.00345051961494248,-0.00204904546184452,0.00327566853995277,-0.00449904530246912,-0.000146404841862943,0.000412076536771784,58.7480099281185,59.0366055563017,69.9019290858332,70.2333334635288
33.08,872.725383464621,-8.70743050299619,-0.00340683174396718,-0.00201653200686877,0.00323123492387843,-0.0044584257646571,-0.000144545889850332,0.000406226459723713,58.7264607071982,59.0114002731014,69.875271074751,70.2022804885451
33.09,872.975014283678,-8.70796530784474,-0.00336342578064544,-0.00198446065903593,0.00318723840196313,-0.00440676505045651,-0.000142698981919435,0.000400678009941722,58.7051445112131,58.9864675701441,69.8488534910554,70.1715396734902
33.1,873.224647337867,-8.708491711568,-0.0033202376152697,-0.00195282649351892,0.00314372206896487,-0.00436591668369707,-0.000140861615571357,0.000394956208655719,58.6840456901767,58.9617897288487,69.8226753764288,70.1410809570796
33.11,873.474282613077,-8.70900982585718,-0.00327736989084147,-0.00192162525136906,0.00310064459116835,-0.00431414204889306,-0.000139037875021639,0.000389534649596545,58.6631599684795,58.9373619474909,69.79672155881,70.1109187202807
33.12,873.723920095322,-8.70951976061558,-0.00323475793392676,-0.0018908519960727,0.00305804822755735,-0.00427319992397959,-0.000137225238590365,0.000383940242568043,58.6424893213208,58.9131845210436,69.7710147196326,70.081046500693
33.13,873.973559770734,-8.710021625627,-0.00319250271780664,-0.00186050246048498,0.00301589126570324,-0.00422141848348723,-0.000135427726666852,0.000378644923560915,58.6220274205655,58.8892507958657,69.7455365121515,70.0514749440159
33.14,874.223201625571,-8.71051552887406,-0.0031505381645186,-0.00183057170711363,0.00297421535822746,-0.00418047503804628,-0.000133642763510891,0.000373177262886037,58.601766582987,58.8655518115808,69.7202972916095,70.0221852426613
33.15,874.472845646207,-8.71100157819892,-0.00310896298174471,-0.00180105546974412,0.00293297855323751,-0.00412876318546641,-0.000131874280544562,0.000368007641802897,58.5817037510938,58.8420843455376,69.6952834215385,69.9931922374729
33.16,874.722491819143,-8.71147987962538,-0.00306770919097621,-0.00177194881757901,0.00289222201015602,-0.00408789117933879,-0.000130119626822031,0.00036266608094248,58.5618279441605,58.8188365104746,69.6705010865008,69.9644729470276
33.17,874.972140130994,-8.71195053901359,-0.0030268728932496,-0.00174324749244507,0.00285190360352604,-0.00403630803921048,-0.000128382629838779,0.000357621637406618,58.5421288696046,58.7957979904173,69.6459264852397,69.9360315796212
33.18,875.221790568494,-8.71241366038564,-0.00298638385338045,-0.00171494657617943,0.00281206410559822,-0.00399556294571934,-0.000126660547966368,0.000352405576212205,58.5226070859529,58.7729687779452,69.6215806567547,69.9078600025018
33.19,875.471443118496,-8.71286934757564,-0.00294633545244307,-0.00168704182427119,0.00277266118519856,-0.00394417463255028,-0.000124957098937236,0.000347485446011137,58.5032531218535,58.750339498516,69.5974394757363,69.8799616632644
33.2,875.721097767969,-8.71331770256127,-0.00290665533450796,-0.00165952833799036,0.00273373502160061,-0.0039036550089897,-0.00012326945445198,0.000342393427988159,58.4840608359091,58.7279037314935,69.5735155178512,69.852320028843
33.21,875.970754503999,-8.71375882711223,-0.00286743440660132,-0.00163240189618563,0.0026952428112516,-0.00385257491649986,-0.000121601230859962,0.000337595908022758,58.4650156180335,58.705647005073,69.5497791738135,69.824932717958
33.22,876.220413313783,-8.71419282101155,-0.00282853836164445,-0.00160565749150103,0.00265728191181299,-0.00379830409797364,-0.000119947174853966,0.000332864282256791,58.4461151437598,58.6835771812584,69.5262492397071,69.7977922307771
33.23,876.470074184631,-8.71461978245212,-0.00279004281281207,-0.00157928989619698,0.00261979795698858,-0.00375925859879174,-0.000118310295230756,0.000327944632834604,58.4273508004219,58.6616723559304,69.5029109463628,69.7708853484814
33.24,876.719737103959,-8.71503981015243,-0.00275206451859733,-0.00155329502587182,0.00258272790598826,-0.00371050747771506,-0.000116695216192779,0.000323312943485706,58.4087148342402,58.6399216429793,69.4797366389788,69.7442122968361
33.25,876.969402059291,-8.71545300105086,-0.00271452342117122,-0.00152766824084033,0.002546107560141,-0.00367269651358961,-0.000115098784237692,0.000318508144402964,58.3902058896815,58.6183269468723,69.4567430107846,69.7177576705749
33.26,877.219069038253,-8.7158594518114,-0.0026774958113899,-0.00150240559071191,0.002509893927188,-0.00362438675317596,-0.000113524016854844,0.000313994295040536,58.3718228871201,58.5968900048196,69.4339217261444,69.6915369364383
33.27,877.468738028578,-8.7162592571536,-0.00264089342416545,-0.00147750248110141,0.00247412687936324,-0.00358678527003291,-0.000111967433001635,0.000309309119551117,58.3535389838717,58.5755857910662,69.4112567867697,69.6655041509312
33.28,877.718409018094,-8.7166525114864,-0.0026047901803503,-0.00145295498297733,0.00243876491849869,-0.0035386083499655,-0.000110431954414062,0.00030491499485492,58.335373774197,58.5544344668488,69.3887576884109,69.639694617678
33.29,877.968081994733,-8.71703930726709,-0.00256909737874581,-0.00142875851507721,0.00240384842875278,-0.00350110260104648,-0.000108914080838269,0.000300349493967882,58.3173018495334,58.5334111637241,69.3664093272031,69.614064786782
33.3,878.21775694652,-8.71741973664275,-0.00253388906106864,-0.00140490915832442,0.00236933597795973,-0.00345305344689649,-0.000107416736312792,0.000296074010594583,58.2993274855479,58.5125200073733,69.3442014717628,69.5886307044207
33.31,878.467433861575,-8.71779388981605,-0.00249907721648769,-0.00138140234428488,0.00233526751028324,-0.00341572216475846,-0.000105936444977457,0.000291626220993604,58.2814487382825,58.4917594705086,69.3221457713615,69.5633759055719
33.32,878.717112728107,-8.71816185668859,-0.00246473656966848,-0.00135823417176493,0.00230160095275876,-0.00336793562636124,-0.000104476154397392,0.000287466840763233,58.263657811752,58.4711215315445,69.3002165423799,69.5383008525747
33.33,878.966793534417,-8.71852372523045,-0.00243077995452575,-0.0013354000987885,0.00226837528371778,-0.00333097766358769,-0.000103032418279298,0.000283133733017143,58.2459552363355,58.450607231972,69.2784279461072,69.5133917207569
33.34,879.216476268885,-8.71887958312388,-0.00239728264554501,-0.00131289626108393,0.00223554740733275,-0.00328363190650933,-0.000101608201659284,0.000279087241473398,58.2283338088387,58.4302090481823,69.2567564064993,69.488650961205
33.35,879.466160919981,-8.71922951613435,-0.00236415797254018,-0.00129071816111217,0.00220315571858865,-0.00324717023657932,-0.000100200074028954,0.000274865525460575,58.2108002988596,58.4099343000501,69.2352220011034,69.4640708761431
33.36,879.715847476259,-8.71957360975335,-0.00233148144578317,-0.00126886198464785,0.00217115647185839,-0.00320042893013547,-9.88110056584913e-05,0.0002709287182487,58.1933448466531,58.3897726804876,69.2137954010961,69.4396481056242
33.37,879.965535926351,-8.71991194757015,-0.00229916651061214,-0.00124732329359061,0.00213958710227845,-0.00316462683902421,-9.74375663567425e-05,0.000266815251097932,58.1759681009189,58.3697253717521,69.192491006442,69.4153694482443
33.38,880.215226258969,-8.72024461291418,-0.00226728852922449,-0.0012260983394862,0.00210840337401502,-0.00311859468723903,-9.60827167026998e-05,0.000262985249648124,58.158672281478,58.3497939928218,69.1712969479256,69.3912489967982
33.39,880.464918462901,-8.72057168722693,-0.00223576071690729,-0.00120518275458823,0.00207764234105655,-0.00308352819337344,-9.47430139779553e-05,0.000258977410440691,58.1414576535868,58.3299793362808,69.1502239111402,69.3672700244273
33.4,880.714612527012,-8.72089325170388,-0.00220465808985021,-0.00118457286347289,0.00204725955927085,-0.00303824925474232,-9.34214019639192e-05,0.000255251867691861,58.1243118854326,58.3102683316755,69.1292399312174,69.3434265336887
33.41,880.964308440234,-8.72120938566719,-0.00217389356228021,-0.00116426437306027,0.00201729197284323,-0.00300393923848185,-9.21144234722443e-05,0.000251347505029679,58.1072565924419,58.2906830816379,69.108384813887,69.3197311023761
33.42,881.214006191578,-8.72152016820802,-0.00214354186705609,-0.00114425368293647,0.00198769514544178,-0.00295941355941744,-9.08250089039902e-05,0.000247724483110876,58.0902847209137,58.2712156607194,69.0876326162368,69.2961837554384
33.43,881.463705770127,-8.7218256765601,-0.0021135157407746,-0.00112453657462696,0.00195850610080403,-0.00292584307189563,-8.95496924653192e-05,0.00024392183622226,58.0733887856258,58.2518590320486,69.0669891931993,69.2727633350327
33.44,881.713407165029,-8.7221259877428,-0.00208388982590674,-0.00110510952100279,0.0019296805563792,-0.00288204146065697,-8.82913998009847e-05,0.000240399709514122,58.0565775200187,58.2326208879061,69.0464445399999,69.2494858491066
33.45,881.963110365503,-8.72242117693597,-0.00205457697158945,-0.00108596837537372,0.0019012556711557,-0.00284918433032412,-8.70466689296838e-05,0.000236697068871383,58.0398515129453,58.2135022252233,69.0260145092369,69.2263403091039
33.46,882.212815360837,-8.72271131912497,-0.00202565216671102,-0.00106710968136568,0.00187318723324703,-0.00280609325332807,-8.58184388567971e-05,0.00023327394671604,58.023210336429,58.1945014381279,69.0056822109405,69.2033358815242
33.47,882.462522140384,-8.72299648747775,-0.0019970288166614,-0.00104852936276441,0.00184551239927109,-0.00277394982232995,-8.46032696907707e-05,0.000229669239499678,58.0066508000088,58.175615675326,68.9854560231117,69.1804543004766
33.48,882.71223069356,-8.72327675499165,-0.00196878259142972,-0.00103022403396191,0.00181818691568825,-0.00273157730458781,-8.34041276652888e-05,0.000226342960590523,57.9901868173642,58.156857540427,68.9653377912656,69.1577234987018
33.49,882.961941009852,-8.72355219275761,-0.00194076847619414,-0.00101218955225949,0.00179130510549959,-0.00268621888243145,-8.22152923785672e-05,0.000223069582110734,57.9738029033321,58.1382214449118,68.9453255329591,69.1351171458385
33.5,883.211653078811,-8.72382287037243,-0.0019130504236271,-0.000994421573952875,0.00176481161138136,-0.00265608093638001,-8.10392694356248e-05,0.000219597515870834,57.9575191787221,58.119714200677,68.9254345909456,69.1126534538677
33.51,883.461366890051,-8.72408885805277,-0.00188573481234405,-0.000976916901693998,0.00173864263753434,-0.00261647057165753,-7.98802334022892e-05,0.000216397733887153,57.9413259658865,58.1013214411468,68.9056324142921,69.0903271220494
33.52,883.711082433253,-8.72435022437409,-0.00185873502403175,-0.000959671801954879,0.00171283223833697,-0.00258784192335552,-7.8734737003307e-05,0.000213013243467357,57.9252362513567,58.0830593302844,68.8859531141554,69.0681427941591
33.53,883.960799698159,-8.7246070377847,-0.00183212090789363,-0.00094268323779273,0.00168733657306901,-0.00254891784492118,-7.76055109669675e-05,0.000209904045519312,57.9092387043558,58.0649176110654,68.8663701039607,69.0460974052365
33.54,884.210518674577,-8.72485936496823,-0.00180580077245439,-0.000925947545237478,0.00166219398924838,-0.00252074476456865,-7.6488911496321e-05,0.000206611186195189,57.8933334412458,58.046898014189,68.8469001987276,69.024180344111
33.55,884.460239352373,-8.7251072724852,-0.00177984529542239,-0.000909461732498969,0.00163736221477045,-0.00248217006173801,-7.53877072113398e-05,0.000203593715950416,57.8775365884811,58.0290155778416,68.8275484057639,69.0024222471079
33.56,884.709961721484,-8.72535082515976,-0.00175416509354729,-0.000893222170224262,0.00161288029727555,-0.00245431259384583,-7.42983508320582e-05,0.000200391853234135,57.8618262196813,58.011248663979,68.8083015638653,68.9807838994603
33.57,884.959685771905,-8.72559008772886,-0.00172883375094302,-0.000877225897880973,0.00158870606934369,-0.00241606241385999,-7.32237305983433e-05,0.00019746430474563,57.8462230349883,57.9936162405544,68.7891705535797,68.9593023726343
33.58,885.209411493696,-8.72582512323135,-0.00170376490398963,-0.000861469318509112,0.00156487827561958,-0.00238858188747091,-7.21604227783033e-05,0.00019435079690564,57.8307137132406,57.976105140272,68.770153626726,68.9379500336016
33.59,885.459138876978,-8.72605599465852,-0.00167903512659238,-0.000845949509133222,0.00154135411525334,-0.00235077888291781,-7.11114372149652e-05,0.000191509924343554,57.8153074527946,57.9587228677854,68.751247175095,68.9167493921393
33.6,885.708867911936,-8.72628276334236,-0.00165456074555775,-0.000830662917487782,0.00151817153829762,-0.00232383573487181,-7.00734593891386e-05,0.000188481103856479,57.7999989860632,57.9414644200548,68.7324592084243,68.8956825053315
33.61,885.958598588817,-8.72650549060533,-0.00163042069090344,-0.000815606674076586,0.00149528685986703,-0.00228665286629899,-6.9049594473193e-05,0.000185723058325707,57.7847967527224,57.9243366243185,68.7137859748544,68.8747716273047
33.62,886.208330897934,-8.72672423614568,-0.00160653311309585,-0.000800777288441904,0.00147273721178088,-0.00226041324742828,-6.80366018243301e-05,0.000182775072058351,57.7696897723064,57.9073288566719,68.6952297871085,68.853993068675
33.63,886.458064829658,-8.7269390596849,-0.00158297832625618,-0.000786171960962118,0.00145047816715167,-0.00222399543470408,-6.70376426262247e-05,0.000180096155997276,57.7546814393858,57.8904429556535,68.6767787983802,68.8333609117277
33.64,886.707800374426,-8.72715001934917,-0.00155967531795871,-0.000771787277267054,0.00142854629637652,-0.00219857465335657,-6.60495104029247e-05,0.000177225564194405,57.7397754296995,57.8736830362332,68.6584546828466,68.8128707676599
33.65,886.957537522733,-8.72735717331435,-0.00153670486853606,-0.000757620518946645,0.00140689674802833,-0.00216300340879531,-6.5075385532004e-05,0.000174622664835884,57.7249613195475,57.8570372012199,68.6402300361357,68.7925210706292
33.66,887.207276265138,-8.72756057818368,-0.00151398599922478,-0.000743668355708517,0.00138556587333277,-0.00213844834248445,-6.4112063571873e-05,0.000171826715709204,57.7102500930864,57.8405169601265,68.6221340810427,68.7723149200048
33.67,887.457016592261,-8.72776029063074,-0.00149159929745914,-0.000729928154925579,0.00136450873118925,-0.00210373839361201,-6.31627178029398e-05,0.000169297435292284,57.6956326884305,57.8241118610812,68.604140794984,68.7522520414713
33.68,887.706758494785,-8.72795636577426,-0.00146946331856025,-0.00071639667177554,0.00134376175514335,-0.00208003554671999,-6.22241259365652e-05,0.000166574064553491,57.6811139226132,57.8078273330496,68.5862730341446,68.7323291108333
33.69,887.956501963453,-8.72814885881978,-0.00144765811289895,-0.000703071358033811,0.00132328016695077,-0.00204615128792845,-6.12994404903374e-05,0.0001641166151044,57.6666839560255,57.7916522101717,68.5685044587454,68.7125454765117
33.7,888.206246989068,-8.72833782343248,-0.00142610157403525,-0.000689949050786452,0.00130310067332904,-0.00202324885263919,-6.03854135626829e-05,0.00016146426216743,57.6523474441044,57.77559182266,68.5508556846333,68.6928955343816
33.71,888.455993562495,-8.72852331337849,-0.00140487314447838,-0.000677027281078734,0.00128317878361249,-0.0019901300835463,-5.94851740935041e-05,0.000159077222258677,57.6381066628414,57.7596471861775,68.5333164771452,68.6733946745375
33.72,888.70574167466,-8.72870538089667,-0.00138389010303887,-0.000664302961955569,0.00126355152641816,-0.00196796639338044,-5.85954503917463e-05,0.000156494530879669,57.6239524879494,57.7438099097534,68.515890593134,68.6540204023556
33.73,888.955491316547,-8.72888407834029,-0.00136323140721577,-0.000651773697641632,0.00124417468862785,-0.00193555474557324,-5.77193526088514e-05,0.0001541765568757,57.6098832268595,57.7280770742345,68.4985618022163,68.6347820974154
33.74,889.2052424792,-8.72905945654832,-0.00134281386924479,-0.000639436471360989,0.00122508557990996,-0.00191407593830988,-5.68535910153307e-05,0.000151662191872126,57.5959033358903,57.7124538995754,68.4813520754057,68.6156754521517
33.75,889.45499515372,-8.72923156648767,-0.00132271609637023,-0.000627288955193153,0.00120624021461625,-0.0018823231835504,-5.60012621639158e-05,0.000149411938815781,57.5820098176121,57.6969362129616,68.464243007014,68.596707641386
33.76,889.70474933127,-8.72940045750998,-0.00130279533494494,-0.00061532805988701,0.00118773340775067,-0.00184753249299589,-5.51567505528502e-05,0.000147200368536625,57.5681923889342,57.6815239850527,68.4472414992857,68.5778613394808
33.77,889.954505003068,-8.72956617775787,-0.00128311745796911,-0.000603550490164163,0.00116951028438654,-0.00182791802764737,-5.43226512568353e-05,0.00014477583733915,57.5544611054275,57.6662144812267,68.4303533290626,68.5591450248156
33.78,890.204262160392,-8.72972877627467,-0.00126379031238349,-0.000591954092473575,0.00115150759128231,-0.00179875322728822,-5.35032095298717e-05,0.000142609945584975,57.5408110731861,57.6509984470849,68.4135522981689,68.5405591939964
33.79,890.454020794573,-8.72988830073464,-0.00124472812215888,-0.000580536170018576,0.00113376009592109,-0.00178050880916224,-5.26950246875817e-05,0.000140245400373636,57.5272455520341,57.6358828442305,68.3968619624512,68.5220979828637
33.8,890.703780897002,-8.73004479895276,-0.00122600131923061,-0.000569294715984804,0.00111622469219271,-0.00175188191791774,-5.19008618956021e-05,0.000138142860203227,57.5137518717403,57.6208564643348,68.3802560070419,68.5037580690785
33.81,890.953542459119,-8.73019831723902,-0.00120751821749435,-0.000558227088235661,0.0010989405169157,-0.00173394116937863,-5.11170890801874e-05,0.000135842997810442,57.5003395337721,57.6059309442551,68.3637621116972,68.485539646703
33.82,891.203305472426,-8.73034890203606,-0.0011893492971867,-0.000547331309833559,0.00108186605775542,-0.00170550294772292,-5.03464764414967e-05,0.000133805571345191,57.4870002173597,57.5910973399184,68.3473575309848,68.4674450834202
33.83,891.453069928476,-8.73049659829772,-0.00117140440758453,-0.000536604757318408,0.00106504121719061,-0.00168771094570884,-4.95854557336667e-05,0.000131570410380057,57.4737345901766,57.5763571056842,68.3310563240926,68.4494622569532
33.84,891.702835818876,-8.73064145113451,-0.00115375620036817,-0.000526045468488184,0.00104842465955495,-0.00165942208631852,-4.88368855119477e-05,0.000129596987558122,57.4605445296138,57.5617109034898,68.3148466037765,68.4316049794141
33.85,891.95260313529,-8.73078350419443,-0.00113631683383045,-0.000515650834924756,0.00103205607118108,-0.00164182357320799,-4.809729072284e-05,0.00012742463511714,57.447420214533,57.5471495368266,68.2987301497967,68.4138489843567
33.86,892.202371869428,-8.73092280131018,-0.00111916130546043,-0.000505418913779151,0.00101589357135777,-0.00161378880654644,-4.73696238180211e-05,0.000125512746398322,57.4343656191437,57.5326758041403,68.2826972966855,68.3962102888174
33.87,892.452142013056,-8.73105938487953,-0.00110220388485378,-0.000495347122179692,0.00099997614541026,-0.00159652591319615,-4.66504938412062e-05,0.000123400332723132,57.4213886033257,57.5182982536318,68.2667725224964,68.3786872336764
33.88,892.701913557991,-8.73119329751237,-0.00108552144083045,-0.000485433550733336,0.000984261113260853,-0.00156890117530702,-4.5942927270173e-05,0.000121546923062469,57.4084754281824,57.5040020507166,68.2509238035132,68.3612734360442
33.89,892.9516864961,-8.73132458040878,-0.00106902967182927,-0.000475675657525166,0.00096878672104114,-0.00155212448551046,-4.52435893638403e-05,0.000119491385240667,57.3956271189621,57.4897889156779,68.2351650980667,68.3439566926494
33.9,893.201460819297,-8.73145327500467,-0.00105280653571124,-0.000466071581462766,0.00095350961353552,-0.00152504146155181,-4.45555490219941e-05,0.000117693526905617,57.3828516938038,57.4756657994004,68.2194934024472,68.3267596302274
33.91,893.451236519549,-8.73157942134675,-0.00103676836898572,-0.000456618834542614,0.000938467530809564,-0.00150885521046949,-4.38754960025073e-05,0.000115692179818088,57.3701434998187,57.4616277640016,68.2039148739595,68.3096622031681
33.92,893.701013588873,-8.73170305973646,-0.00102099349040909,-0.000447315614207451,0.000923616737139573,-0.00148238688311099,-4.3206512600474e-05,0.000113947488274998,57.3575028095387,57.4476740442745,68.1884158510241,68.2926763886647
33.93,893.950792019333,-8.73182422910224,-0.00100539825600752,-0.000438159493495584,0.000908994785708336,-0.00146683140452142,-4.25452885654534e-05,0.000111998288952589,57.3449291306393,57.4338048567077,68.1730095833036,68.2757892133612
33.94,894.20057180304,-8.73194296864203,-0.000990060857542488,-0.000429148732302114,0.000894557874449466,-0.00144098824419502,-4.18949004021058e-05,0.000110305046181006,57.33241914254,57.4200158736416,68.1576771575598,68.2590074113396
33.95,894.450352932153,-8.73205931619351,-0.000974897334086041,-0.000420280965668615,0.00088034364936122,-0.0014260477007439,-4.12520247696699e-05,0.000108406587477956,57.3199740116432,57.4063089653072,68.1424335937039,68.2423197622362
33.96,894.700135398879,-8.7321733098761,-0.000959985553348437,-0.00041155451432739,0.000866308475381081,-0.00140079379033022,-4.06197248924861e-05,0.000106763635207166,57.3075999283615,57.3926893402183,68.1272719746238,68.2257450094042
33.97,894.949919195471,-8.73228498645991,-0.000945241175385978,-0.000402967071719961,0.000852490265066135,-0.00138641726232155,-3.99946622295103e-05,0.000104914970751646,57.2952883499862,57.3791491461253,68.1121967327544,68.2092613409284
33.98,895.199704314228,-8.73239438300789,-0.000930741785009612,-0.000394517014362554,0.000838845666236191,-0.00136169389035779,-3.93798887077732e-05,0.00010332148921671,57.2830447395873,57.3656928658245,68.0971989468209,68.192885540138
33.99,895.449490747495,-8.73250153524435,-0.000916402803785987,-0.000386202088283157,0.000825412903951764,-0.00134782115051865,-3.87720564756249e-05,0.00010152185995922,57.2708572734843,57.3523093300305,68.0822785985556,68.1765913599145
34,895.699278487659,-8.73260647919788,-0.00090230174074424,-0.000378020719848739,0.000812148891225293,-0.00132357338987471,-3.81742146401916e-05,9.99770644430384e-05,57.2587442366759,57.3390158448411,68.0674421170146,68.1604109736234
34.01,895.949067520815,-8.73270540062302,0.00110965453104103,-0.000365314282917258,0.00273134609874659,0.468995231525322,4.04217110884682e-05,0.00808066929747853,57.0871402458851,57.4823947219464,68.0212606147109,68.1793030085062
34.02,896.198857398886,-8.7327427301924,0.00880958611283183,-0.000305740176049672,0.00937490243254419,0.854019932622128,0.000341224700333061,0.0131544409132146,56.7652408887415,57.9214827309735,68.3614680286449,68.0061791307577
34.03,896.44864716127,-8.73266359872952,0.01901933912071,-0.000160994002944583,0.0192251225004234,1.12335636685748,0.000737855331900612,0.0175021485506197,56.6841532745336,58.6303331696688,68.9647530856263,68.114622551448
34.04,896.698435773849,-8.7324304966661,0.0297521124494315,9.5538628056616e-05,0.0313303554574821,1.3072506520234,0.00115139370049606,0.0211028794854455,57.0417176155919,59.597285008287,69.9232579104854,68.7496457683872
34.05,896.948222418361,-8.73201644454574,0.0396559166634742,0.00048197888968274,0.0449127703604172,1.42042471899372,0.00152839956161168,0.0240593697560448,57.8186831473841,60.7771179098223,71.2433702135551,69.9255394691465
34.06,897.198006619175,-8.73140153858762,0.0478799471718563,0.00100952347050182,0.0593665062511657,1.48459075927827,0.00183549386049726,0.0266211880622576,58.8852049661684,62.0751168507191,72.7788348720898,71.4636431317976
34.07,897.447788152315,-8.73056955329315,0.0539847887215871,0.00168439838844163,0.0742456698075288,1.50579024461462,0.00205570801600407,0.0287417961938171,60.0838361815917,63.3859068462381,74.3718357891892,73.1527942290476
34.08,897.697566948183,-8.72950643106059,0.0577804366263471,0.00250878152326667,0.0892269350153575,1.50865074778038,0.00218199429137818,0.0308019655035961,61.279344913067,64.6213848663613,75.8876671831944,74.8302324992692
34.09,897.94734288737,-8.72819759849609,0.0593669641147844,0.00348284182340463,0.104147568030704,1.49325959059346,0.00221876235582749,0.0326652367534162,62.3901059857603,65.759641595419,77.2698175960253,76.3736500367192
34.1,898.197115731484,-8.72662761146793,0.0589016894453572,0.00460515111153954,0.118905462206209,1.47975589435057,0.00217264729704277,0.0347259579192123,63.3965777066271,66.8079422254615,78.5277316700612,77.7802345828763
34.11,898.44688497639,-8.72477844764865,0.0566874858961303,0.00587422372238218,0.133499119291226,1.45886145278925,0.00205596855799273,0.0367184180002503,64.3347600868678,67.8071565903933,79.7390814930203,79.1081973069339
34.12,898.696649902505,-8.7226304515095,0.0529264839723095,0.00728811235603848,0.147915160084837,1.4478255857871,0.00187697933347865,0.0390264463738528,65.2796696273977,68.80420210718,80.9687082598712,80.4552609375199
34.13,898.946409494093,-8.72016125638873,0.0479234971690171,0.00884560290152364,0.162218708589505,1.43361467465781,0.00164791566884929,0.0412589839643235,66.3122961473175,69.8667453892282,82.3044993999556,81.8973105657437
34.14,899.196162543146,-8.71734708201162,0.0418209723473636,0.0105453919362655,0.176411187080275,1.42833986855029,0.00137455171933121,0.043806043509487,67.4808801068153,71.0424571675634,83.8356500274012,83.525355859703
34.15,899.445907590851,-8.71416228746811,0.0347917372665618,0.0123867792923826,0.190518201071155,1.41294472156833,0.00106380566515899,0.0461836942825542,68.8231734498652,72.3964246850756,85.6234046438124,85.3489849128019
34.16,899.695643085042,-8.71058126423559,0.0268378534829657,0.0143683403387913,0.204473501318559,1.40077668078801,0.000715858692848304,0.0488238912650536,70.3457144514348,73.9484564672519,87.6858461401381,87.3797053431063
34.17,899.945367276337,-8.70657777094481,0.0180324233999061,0.0164886814983418,0.218251366232005,1.37359654741555,0.000333702145260899,0.0511872375015568,72.061499824904,75.6793981501035,90.0399217485704,89.6548817923974
34.18,900.195078409379,-8.70212675605696,0.00829529142817464,0.0187451895093553,0.231738224868181,1.34548721625776,-8.57300118961869e-05,0.0537628883406289,73.6756339576707,77.232874689582,92.1836398237817,91.7953393407499
34.19,900.44477450308,-8.69720346167379,-0.00234006627275979,0.0211348771935432,0.244873812603251,1.29935764496464,-0.000540990590794472,0.0559717748764158,75.0204822965807,78.4463761348879,93.9986072891185,93.6818800039188
34.2,900.694453368087,-8.69178508802153,-0.0139831209360277,0.0236532731948762,0.257525464774195,1.25069826282423,-0.00103626119917829,0.0583663150615955,76.50555887591,79.70722483341,95.9720964097735,95.7719493567583
34.21,900.944112696374,-8.68584971297235,-0.0265815814510926,0.0262954230557297,0.269636388374917,1.18721624895306,-0.0015693412762435,0.0603343340434332,78.1354394027238,81.070065575784,98.1085911189636,98.0087373267173
34.22,901.193750275023,-8.67937728414595,-0.0401895248270012,0.0290550950548732,0.281093504286134,1.12182040941495,-0.00214220252083134,0.0624838391193605,79.8687815095345,82.5234143737427,100.415363881516,100.375606482779
34.23,901.443363818135,-8.67234880091683,-0.0547393561340933,0.0319256467126205,0.291846073608567,1.04350107077282,-0.00275196107459031,0.0641659590444827,81.7100422351284,84.050496055961,102.835307929711,102.844137780548
34.24,901.692951146871,-8.66474706240949,-0.0702210325813427,0.0348994224429628,0.301821363067163,0.967633209458134,-0.00339799616567749,0.0660352379868225,83.6170085895651,85.5715748877349,105.361260478469,105.44544256361
34.25,901.942510022976,-8.65655575882151,-0.0865344826421695,0.037968792578776,0.311017217679872,0.883987660049295,-0.00407615589022238,0.0674051562045422,85.5482570121684,87.0967238600941,107.960959299018,108.108777510346
34.26,902.19203834601,-8.6477602726909,-0.103651167043627,0.0411255121252732,0.319380983963633,0.802907698915368,-0.00478509129587027,0.068964979418098,87.4532032850798,88.5553400587601,110.620119497431,110.843529999107
34.27,902.441533954406,-8.63834685899775,-0.121445788955043,0.0443614037337023,0.326913621384312,0.715485670296322,-0.00551964547767322,0.0699951674346553,89.3116920486679,89.9777322735983,113.280091230316,113.55787505372
34.28,902.690994701084,-8.62830330406434,-0.13987092042075,0.0476679424512945,0.333610338430833,0.636417548370339,-0.00627777967635713,0.0712201051262406,90.1542161237456,90.4133050031061,114.63450514621,115.111343860378
34.29,902.940417939303,-8.61761832856275,-0.158795053575888,0.0510372014753634,0.33953410720391,0.559374860187325,-0.00705417238268788,0.0722753946213637,90.7832870308442,90.6402540325588,115.703129996439,116.398953403371
34.3,903.189800875712,-8.60628152950948,-0.178139718410704,0.0544614929468215,0.344683082316271,0.479746617679262,-0.00784557293384889,0.0727501203301414,91.4303657517948,90.9069523887186,116.780012127575,117.66566305146
34.31,903.439140940362,-8.59428397140616,-0.197845814499073,0.0579329731447417,0.34905979126084,0.405415328939008,-0.00864953480905534,0.0734169280798685,92.08693474119,91.1454381616731,117.876928130361,118.972422699002
34.32,903.688435557698,-8.58161736870215,-0.217782642491144,0.0614442145186516,0.352703353756125,0.331490986646581,-0.00946076363813486,0.0734856666088052,92.7821324142519,91.3969810202282,118.937210996195,120.268102314444
34.33,903.937682350585,-8.56827454106465,-0.237883411755477,0.0649879440972533,0.355641007765585,0.264289840062843,-0.010276617621655,0.0737453143697253,93.5062819320724,91.5816973225364,119.946228656515,121.592744024726
34.34,904.186878942459,-8.55424887381252,-0.258024444574759,0.0685574407955588,0.357919590901867,0.198362384991452,-0.0110922198353957,0.0733847222038812,94.2590705731241,91.79068174841,120.86509911534,122.831495576504
34.35,904.43602315211,-8.53953476188082,-0.278154370314975,0.0721462403728004,0.359576856468517,0.139439494046305,-0.0119055748092209,0.0732113409471441,95.002926487965,91.9541358642334,121.709782498002,124.023001981175
34.36,904.68511277581,-8.52412720421617,-0.298162908609879,0.0757484506280661,0.360661833374232,0.0833833153935569,-0.0127123417564753,0.0728187150037473,95.7403248835743,92.1505220528896,122.454196519587,125.070931234077
34.37,904.934145668117,-8.50802183791613,-0.318002299630636,0.0793585268458669,0.361202936179421,0.0291040443575937,-0.0135107217023115,0.0717749552038163,96.4860911974624,92.4003268466901,123.07379455105,125.96138160504
34.38,905.183119949067,-8.4912155070946,-0.337644475332432,0.0829711264303603,0.361229006957599,-0.0194904098816643,-0.0142997216705531,0.0709165762830334,97.2303375758473,92.5931785770322,123.561389855856,126.778494399492
34.39,905.432033740937,-8.47370555240021,-0.357000358126681,0.0865813767563735,0.36077560348871,-0.0680665665670333,-0.0150759184350861,0.0694007120451523,98.0117953607831,92.8089581979813,123.859508786058,127.434175786964
34.4,905.68088537839,-8.45549011987556,-0.376043584098327,0.0901845660453258,0.359875870765556,-0.108985372579294,-0.0158383824958355,0.0680709276462263,98.7733693258051,92.9534927097178,124.020258421598,128.009159891587
34.41,905.92967318913,-8.43656793494039,-0.394706986905309,0.0937765941223128,0.358583458870816,-0.147862829476982,-0.0165845940404461,0.0665084076613003,99.5083600334239,93.0767135996534,124.041256441376,128.454524784515
34.42,906.178395581218,-8.41693822855124,-0.412961660523272,0.0973535525964846,0.356890067088993,-0.19046350644102,-0.0173134810045937,0.0642757094069938,100.228608179195,93.2283607247699,123.91116691464,128.732625100791
34.43,906.427051276561,-8.39660120037865,-0.430795608101672,0.100911273561836,0.35478367832405,-0.229703886247289,-0.0180246332874405,0.062234617684008,100.896007630646,93.3060177844481,123.657221604626,128.922421661213
34.44,906.675639009577,-8.37555757339765,-0.448149187263291,0.104445861290381,0.352300843255683,-0.26720590882425,-0.0187157886003414,0.0599681920294965,101.509673362629,93.3600867665563,123.268156889297,128.968025252675
34.45,906.924157627446,-8.35380869864778,-0.4650194891753,0.107953490206628,0.349411680414833,-0.312381227354163,-0.0193868528820453,0.0570431452193977,102.082540399906,93.4415920852768,122.73082715242,128.828880613601
34.46,907.172606354812,-8.33135717614847,-0.481411389720964,0.111429739684131,0.346071055381268,-0.356961443238669,-0.0200380121059697,0.0543296904957978,102.576152193714,93.4417388235192,122.071760934013,128.587059867198
34.47,907.420984434494,-8.30820610937444,-0.497243184576754,0.114870127078875,0.342274576465777,-0.404616231817173,-0.0206660354996604,0.0514167524516097,102.988467757065,93.4080002096727,121.283075760503,128.190558536931
34.48,907.6692912459,-8.28435928764504,-0.512514351708317,0.118269788637246,0.33794665229887,-0.464819236969827,-0.0212708321755176,0.0478831834207306,103.331801910002,93.3861049692292,120.356413214853,127.60593319624
34.49,907.917526616847,-8.25982222106452,-0.527244891989049,0.12162282534672,0.333007898937537,-0.526027230320399,-0.0218531291214316,0.0446059718925961,103.565747243918,93.2711086160048,119.323241581854,126.910026852813
34.5,908.16569040062,-8.23460127243872,-0.541346813236263,0.124923060357716,0.327430420901126,-0.594116601381385,-0.0224093689022382,0.0411872425320071,103.687092842828,93.1147819889293,118.188431844957,126.056658966604
34.51,908.413782628673,-8.20870397500418,-0.55483405895719,0.128163532337229,0.321081519702178,-0.682530731289035,-0.0229399275614948,0.0372234211743115,103.71892336958,92.9514162912773,116.948460952061,125.036393187069
34.52,908.66180386149,-8.18214035232089,-0.567724595875902,0.131335566022448,0.313826180987735,-0.774142546103674,-0.0234453271414619,0.0335956986229099,103.633929137316,92.6681021853675,115.63788429404,123.947237057051
34.53,908.909754687476,-8.15492145886171,-0.579852203653836,0.134429955082962,0.305624062466806,-0.873625607725605,-0.0239188233083947,0.0299298378186641,103.429176087026,92.3129447142259,114.280060241272,122.758779618339
34.54,909.157635877017,-8.12705956088999,-0.591172042273843,0.137436599568016,0.296328522861663,-0.995739708098769,-0.0243583917741916,0.0258466537723842,103.12815422918,91.9240473844518,112.884449854375,121.46689044556
34.55,909.4054487308,-8.09856967192495,-0.601612671015857,0.140343611893932,0.28583222122181,-1.11172733944473,-0.0247609562519049,0.0222209472122931,102.688576881196,91.406245809363,111.519872884112,120.167197034758
34.56,909.653194418448,-8.06946692637974,-0.610823390748763,0.143139379752813,0.274190660319783,-1.22683195222335,-0.0251123859222936,0.0186974866414993,101.967643915266,90.824816177707,110.366872215037,118.833834234852
34.57,909.900874104432,-8.03976662163345,-0.618631750066202,0.14581230270277,0.261348080979044,-1.354474355877,-0.0254056017545895,0.0149098928246362,101.202533665657,90.1997106068032,109.142400248311,117.413350275383
34.58,910.148489329585,-8.00948611702187,-0.624881113562148,0.148349994909496,0.247314747375857,-1.46056580857844,-0.0256342836749586,0.011696663629975,99.4418731303912,88.5939325399867,106.771259408719,114.815088893117
34.59,910.396041110103,-7.97864207449843,-0.629154638757691,0.150741984082629,0.232337997587312,-1.54650053704162,-0.0257820073525609,0.00870179479823824,97.7040345249196,87.0191821025037,104.61380075979,112.353055513566
34.6,910.643530186446,-7.94725054362682,-0.631262043934388,0.152979548956915,0.216498134929125,-1.63698717611791,-0.0258412315000398,0.00554942544312749,96.1770967517265,85.6819584959026,102.824456624016,110.166139337931
34.61,910.890957701018,-7.91532886130946,-0.631060893578005,0.155053982860009,0.199855938545385,-1.7018411073866,-0.0258063292552268,0.00300781568107968,94.8615506164371,84.5289735283047,101.410665377368,108.330148978489
34.62,911.138324666905,-7.88289278626702,-0.628156355276487,0.156958842049303,0.182676786731675,-1.74611682861748,-0.0256618286183285,0.000716466448080128,93.6995473632768,83.5887625648937,100.373094106961,106.761116660593
34.63,911.385632130446,-7.84995706596315,-0.622417899100403,0.158689796747003,0.16514535686664,-1.77295720045219,-0.0254027866374199,-0.00134720622206978,92.660449169851,82.8196246928226,99.6291253883725,105.401503649555
34.64,911.632881369229,-7.81653682082682,-0.613890817841731,0.160244065690528,0.147355361436281,-1.80073214708905,-0.0250312237787142,-0.00354489653549683,91.7284332409125,82.1817609136265,99.0810312856534,104.172531822922
34.65,911.880074219357,-7.78264945330487,-0.602698310697394,0.161619215701773,0.129404618622269,-1.8009435756818,-0.0245522564289686,-0.00520906533944556,90.8371188965453,81.5865341818595,98.6663862165933,103.059341866286
34.66,912.127212548715,-7.74831192862234,-0.588722501654515,0.162815212018973,0.111547449592514,-1.783947322084,-0.0239614913914861,-0.00671196301806711,89.8792978212638,81.0403109696646,98.4300275842035,101.984628865785
34.67,912.37429836552,-7.71354145081666,-0.572119855680055,0.163833777540199,0.0939134528379661,-1.75767110558933,-0.0232654461120596,-0.00812024754656979,88.8716573181138,80.5259946201785,98.294748894824,100.921667143359
34.68,912.6213340661,-7.67835693057177,-0.553199403941072,0.1646774194926,0.0765105261992016,-1.74092228919273,-0.0224766090749725,-0.00979510750892608,87.9185832349928,80.0231859735749,98.1116169939899,99.8406701397623
34.69,912.868322721653,-7.64278087324937,-0.532343343294356,0.165348080439751,0.0593334466451572,-1.70859758451749,-0.0216103180979911,-0.0111837486706867,87.1231570852848,79.4911903622649,97.738181592018,98.7751954985717
34.7,913.115267657613,-7.60683714149795,-0.509714907220774,0.165848956111334,0.0425181557983622,-1.67234989809446,-0.0206732746646142,-0.012637710823217,86.3988357583019,78.9629739870678,97.303965220507,97.7124885771181
34.71,913.362172550264,-7.57055162120853,-0.485724920753619,0.166183470509846,0.0259786845634103,-1.65741564423116,-0.0196818521081694,-0.014487875798705,85.6116882926085,78.3546869918388,96.7733695227371,96.5519816709061
34.72,913.609041709218,-7.53395463286567,-0.460837408588358,0.166353309785272,0.00957849088988963,-1.6404851148275,-0.0186544946949046,-0.0162254373197286,84.2068190447973,77.1060937910246,95.4900576432445,94.6712761053258
34.73,913.855879540387,-7.49707871249104,-0.435252161312636,0.16636009669939,-0.00666792794354603,-1.62992386447008,-0.0175991717007986,-0.018127520969305,82.9913779113274,76.0164327234986,94.3979408043308,93.02231674532
34.74,914.102690925376,-7.45995884727005,-0.409340431465035,0.166204737820325,-0.0229124330630967,-1.64389711605622,-0.0165305190994181,-0.0204432117734861,82.0121784738787,75.1282988982304,93.5699216002396,91.6623892364858
34.75,914.349481502215,-7.42263434029375,-0.383473494902677,0.165886052085659,-0.0393121768025314,-1.65734396840046,-0.0154631634117744,-0.0226806465087426,81.2769492579808,74.4390840047344,92.9772876831068,90.6342119473243
34.76,914.596257266745,-7.38514643987964,-0.357773518698971,0.165402543994777,-0.0559014506708828,-1.68607662862156,-0.0144018666099393,-0.0252513917852723,80.7897236598361,73.9439664324809,92.6215222637582,89.8873610516134
34.77,914.843024619408,-7.3475390969813,-0.33243343888771,0.164751588629834,-0.0727556082915167,-1.70748917513211,-0.0133541787591099,-0.0276874261861338,80.5045049468395,73.6581800323824,92.5035102233386,89.4245879530319
34.78,915.089790048724,-7.30985700010047,-0.307437040629767,0.163930965523487,-0.0898341580877375,-1.73462657105884,-0.0123194097761274,-0.0303412220199942,80.4398284822352,73.5750810714306,92.618179508905,89.2135463712928
34.79,915.336560106472,-7.27214563604234,-0.282508043219413,0.162938996175167,-0.106796402790205,-1.66649759820003,-0.0112867510972203,-0.0313948960912548,80.5340879451099,73.7237074160782,92.95008611106,89.3025729744148
34.8,915.583340171792,-7.23444106419415,-0.256777850965875,0.161781948823676,-0.122916131381485,-1.57947408396211,-0.0102221620314588,-0.0325280906725963,80.6756332451242,74.0640443342885,93.5156903369395,89.4726463933388
34.81,915.830135230951,-7.19677627464867,-0.230517693380031,0.160468491179043,-0.138164299736277,-1.49226079309242,-0.0091366396900383,-0.0336380332244849,80.8159720782871,74.4370044267069,94.0809080503876,89.6423205864249
34.82,916.076950304438,-7.15918525333532,-0.204008991254213,0.159007394982852,-0.152512305011602,-1.39753689448246,-0.00804155178236691,-0.0345652687733477,80.9297263927,74.7853164857344,94.5908718734459,89.8084154037684
34.83,916.323790270902,-7.12170193057265,-0.177485742499503,0.157407958409957,-0.165943321779294,-1.3105307415616,-0.00694634698210347,-0.0356061032837084,81.0862410745218,75.0812002162765,94.9958541189293,89.9630572606872
34.84,916.57065994048,-7.08436120386199,-0.151264214235433,0.155678918183396,-0.178515971693864,-1.22426254625726,-0.00586364799402862,-0.036585836176188,81.3056113940911,75.3412773404182,95.3602969871872,90.1967343092282
34.85,916.817563929429,-7.04719802807284,-0.125500337216195,0.153828891296074,-0.190216822533692,-1.13439482383532,-0.00479968827720075,-0.0374729025173174,81.63003592253,75.6525408697739,95.7287678370407,90.5158987958674
34.86,917.064506541909,-7.0102461514578,-0.100225273839544,0.151866968713224,-0.200958754875855,-1.03180479216996,-0.00375578527835118,-0.0381316260777873,82.0750297126903,76.0638506824601,96.1407150693678,90.9520941327077
34.87,917.311491660232,-6.97353693515014,-0.0754867877723744,0.149803205634893,-0.210695989448162,-0.934787810069323,-0.00273391087320855,-0.0387972048152464,82.6026980865483,76.5630864094224,96.6840110798974,91.515531606282
34.88,917.558522928894,-6.93710090747457,-0.0514704289118716,0.147647292437546,-0.21947825501678,-0.838361453098069,-0.00174145801939891,-0.0393478708720098,83.2563761250744,77.1095296908902,97.2465615843225,92.2079286652991
34.89,917.805603709509,-6.90096737587787,-0.028232658345125,0.145408837100956,-0.227285089287961,-0.737728795869779,-0.000780817487774798,-0.0396784508904384,83.9817161619457,77.7051484339331,97.8945687863048,93.0513171149679
34.9,918.052737017687,-6.86516350595948,-0.00581979822170731,0.143097725237729,-0.234117720960615,-0.643693983507765,0.000146055687965954,-0.0399933782572722,84.7398173899829,78.3117218571841,98.6411434640394,94.0093971029473
34.91,918.29992559773,-6.82971522850519,0.0156459669595085,0.140723311662206,-0.24003625981763,-0.552842589061416,0.00103419049088831,-0.0402024380955684,85.5588743390943,78.8937620883431,99.3660398336095,95.0488471135722
34.92,918.547171899561,-6.79464704442674,0.0361103401488761,0.13829458073883,-0.245072015467761,-0.466003228724679,0.00188114085068897,-0.0403106295559302,86.3789129116196,79.4361313438243,100.149912526921,96.1944180082159
34.93,918.794478089309,-6.75998169937256,0.0555671551018284,0.135820195346951,-0.249244936728194,-0.378412935321538,0.00268630234474142,-0.0402576121225257,87.105840752796,79.9291744783979,101.057029879679,97.438732764482
34.94,919.041846064219,-6.72573973359854,0.074012989815993,0.133308715644224,-0.252591541939406,-0.301151951273766,0.00344922491486804,-0.0402059141139152,87.6639650687248,80.3300980647781,102.085824334151,98.7021715901846
34.95,919.289277486287,-6.69194022598122,0.0913930756278038,0.130767810775707,-0.255209376000176,-0.229983101140423,0.00416756750600072,-0.0400954019974177,87.9334739478516,80.4425078117172,102.841404364087,99.6740470183036
34.96,919.536773671771,-6.65860069294131,0.107725430871012,0.128204556358879,-0.257130124401248,-0.160761122013519,0.00484164351882246,-0.039876281146375,88.2054874584217,80.4844964356409,103.440336122946,100.596276649831
34.97,919.784335564503,-6.62573658240216,0.123053110992556,0.125625743842582,-0.258400727616468,-0.0998565027190905,0.00547286141466408,-0.0396778185187756,88.4596589025082,80.4566659641141,103.97348147724,101.480922050275
34.98,920.031963829035,-6.59336175827986,0.137373345850167,0.123037393248526,-0.259104000045862,-0.0456826542511901,0.0060609228869701,-0.0394502737154933,88.6188730012156,80.3659482558413,104.507839927003,102.330391144478
34.99,920.279658928348,-6.56148845313346,0.150741772776985,0.120444859359728,-0.259295018108726,0.00321734779775874,0.00660785229195788,-0.0391535128500588,88.5880864617826,80.2306759492307,105.124471655511,103.125259879984
35,920.527421134297,-6.53012699140184,0.163216766740602,0.117852939970138,-0.259038951028123,0.0445347502027657,0.00711605352032812,-0.038879251044146,88.3838307215723,80.0481048431287,105.773620180322,103.804807248969
35.01,920.775250537421,-6.49928613766654,0.174845074515275,0.115265720468349,-0.258400960223283,0.0805977991520681,0.00758752792260407,-0.0385836571117158,88.0396928158878,79.8382182105867,106.359866362213,104.30916850026
35.02,921.023147019071,-6.4689730962084,0.185697125854359,0.112686756947845,-0.25742615828741,0.11263884740822,0.00802517607644192,-0.0382363833055379,87.4432204082659,79.3936276860796,106.486006678385,104.336388430405
35.03,921.271110162848,-6.43919341625581,0.195850757912344,0.11011916629224,-0.256167006440796,0.137736626997835,0.00843239092116019,-0.0379012169641375,86.6782836619567,78.7913038352442,106.31714877427,104.02659988564
35.04,921.519139201266,-6.40995128380862,0.205363792208028,0.107565430177757,-0.254683721216674,0.158480951089131,0.00881184790893031,-0.0375439835286084,85.8416497075788,78.1335940161217,105.945675671888,103.496525273992
35.05,921.767233148745,-6.38124958642427,0.214310637819144,0.10502758882182,-0.253009889264685,0.176590903956086,0.00916681369083689,-0.0371408262437616,84.960629797436,77.4788368833061,105.457750685,102.819809058027
35.06,922.015390850463,-6.35308994749022,0.222755698738124,0.102507397410866,-0.251176797139037,0.190399308806048,0.00950018926084576,-0.0367320083201379,84.0611608178575,76.8579877208467,104.918768251196,102.025755086176
35.07,922.263611030828,-6.32547299023412,0.23075125910808,0.100006204058066,-0.249224982393805,0.201449749497728,0.00981440627958058,-0.036278592957335,83.1561343292789,76.31227362798,104.339778100917,101.133798133819
35.08,922.511892326517,-6.29839843306475,0.238344227137126,0.0975250879412582,-0.24717399581275,0.210523053458877,0.0101116300473291,-0.035807263917886,82.2670429955272,75.83551286452,103.744085454338,100.163710444018
35.09,922.760233309176,-6.27186533990206,0.245564212510907,0.0950649460879231,-0.245038536343147,0.218845925048455,0.0103933074141375,-0.0352994574925615,81.4036961971412,75.4278914177243,103.132763155654,99.1423645568154
35.1,923.008632507279,-6.24587219519393,0.252441304621067,0.0926266026872238,-0.242820608913898,0.227422674807156,0.0106608619106467,-0.0347474654195978,80.5732791235179,75.0913626991439,102.504791094734,98.0880312641905
35.11,923.257088417337,-6.22041696979706,0.25899288914476,0.090210891823829,-0.240519801593389,0.235745732822291,0.0109152040281512,-0.0341679360407217,79.8017565145973,74.8143132776497,101.848531274844,97.0003913668309
35.12,923.505599508281,-6.1954972970284,0.265224226239542,0.0878186515983099,-0.238132388013894,0.244960686852416,0.0111566976674137,-0.0335539801212688,79.11353070694,74.5922473049375,101.142093971166,95.8990432639774
35.13,923.754164225614,-6.17111050994561,0.271137991618036,0.0854507918509961,-0.235651529097321,0.254531390169305,0.0113855363804005,-0.0329073138877671,78.4950835070603,74.4355922334879,100.427149915029,94.8129452691017
35.14,924.002781009821,-6.14725370797219,0.276726848334444,0.0831082605501896,-0.233075148760321,0.264262946514283,0.0116015142739876,-0.0322339139523722,77.946405506404,74.3475489673789,99.7332121623905,93.7431771757542
35.15,924.251448317415,-6.12392386953628,0.281972198085408,0.0807920275443117,-0.230400264853057,0.274408891919638,0.0118039444008156,-0.0315364765993662,77.4598466449649,74.3252198769609,99.0653310793757,92.7154839816394
35.16,924.500164629512,-6.10111790857121,0.286854389855583,0.0785031114273039,-0.227619909370092,0.285474367578207,0.0119920727447931,-0.0308150053097495,77.0402504053002,74.3520550119425,98.4354722717633,91.7384163476609
35.17,924.748928457487,-6.07883265093956,0.291353356756157,0.0762426161005936,-0.224725766171733,0.297215419294122,0.0121651093475294,-0.0300792940649563,76.6791954725643,74.4220328952739,97.8385236725836,90.8264335703642
35.18,924.997738344623,-6.0570648587162,0.295445664024987,0.0740117171636123,-0.221710379094835,0.309831780440971,0.0123221151903315,-0.0293256107157035,76.3780771310881,74.5199942171966,97.2793240723439,89.9783857911465
35.19,925.246592867933,-6.03581120434941,0.299109005847559,0.0718116736361579,-0.218566043767175,0.323045609032807,0.0124621843914516,-0.0285621801678327,76.1284200068852,74.6378553553571,96.7530614218066,89.199421605716
35.2,925.495490637048,-6.0150682887851,0.302314656024376,0.0696437946296453,-0.215290853412327,0.336025607376774,0.012584151026466,-0.0278021794051713,75.9223058080291,74.767806194638,96.2552570668072,88.4935854223501
35.21,925.744430295846,-5.99483270367578,0.305032394514241,0.0675093788683104,-0.211885349137707,0.349298218368474,0.0126867854022355,-0.0270346654102285,75.7601039980031,74.8979886967701,95.7888019370382,87.8564932976297
35.22,925.993410520236,-5.97510095297139,0.307240078951456,0.0654097468808917,-0.208348122446397,0.362226837524991,0.0127691728976306,-0.0262796622371283,75.6321438707306,75.0264439006431,95.3485554930839,87.2927132754925
35.23,926.242430018861,-5.95586947319971,0.308912724971426,0.0633461895785907,-0.20468309550162,0.374966382836484,0.0128302696491462,-0.0255230809461583,75.5325022391996,75.1450092039195,94.9467905277795,86.7980399127131
35.24,926.4914875449,-5.93713460113479,0.310028359013307,0.0613199527279989,-0.200898842047769,0.386284091455923,0.0128691213537969,-0.0247862756347532,75.4389124400419,75.2192275769355,94.5974284959939,86.4187108972235
35.25,926.740581899803,-5.91889259515719,0.31057577709022,0.0593322034544308,-0.196995204624442,0.398787545951309,0.0128852432315779,-0.024051576419774,75.3626874908477,75.1930688030051,94.2741714726658,86.1733496225022
35.26,926.989711925304,-5.90113940802061,0.310555472760578,0.0573841784245057,-0.192967276646307,0.410952270301355,0.0128786311100627,-0.0233312444381956,75.2962575802374,75.1007075532626,93.9429389185947,85.9932444708697
35.27,927.238876490164,-5.88387077795876,0.309951863507576,0.0554770769153028,-0.188825363490781,0.42145616439332,0.0128486391884548,-0.022639675837769,75.2325593280643,74.9685960654558,93.5883531717186,85.8377404086144
35.28,927.48807447794,-5.86708235809675,0.308747668291491,0.0536119353160216,-0.184587461930597,0.430390919090482,0.0127945607433294,-0.0219554838316131,75.174310481502,74.8091203869629,93.2141885587571,85.6897202866648
35.29,927.737304785124,-5.85076965991427,0.306936028315241,0.0517896251611769,-0.180271631619746,0.436957044560826,0.0127161011296444,-0.0212989153017589,75.117897944347,74.6394791716654,92.8256824524397,85.543859278493
35.3,927.986566318301,-5.83492808317546,0.304517364013692,0.0500107874855062,-0.175901538833022,0.441550130551337,0.0126132288765962,-0.0206458699876008,75.0618439391283,74.525252092673,92.4294122236331,85.3300608106371
35.31,928.235857996062,-5.81955272097374,0.30151846300531,0.0482758675797879,-0.171495334658863,0.444212689240486,0.0124869927807132,-0.0200146888236,75.0066929851471,74.4365647221864,92.0354551882599,85.1042760118059
35.32,928.485178747139,-5.80463833376616,0.297965179948969,0.0465851250869588,-0.167068744395897,0.446100617264214,0.0123384005401167,-0.0193808423103258,74.9599289763069,74.3364378517606,91.6539568741118,84.9077115866647
35.33,928.734527525288,-5.79017932835793,0.293887864453518,0.0449387436692696,-0.162625907354297,0.447441158398466,0.0121686275837206,-0.0187625696707813,74.9171669088256,74.2153397609232,91.2860424496109,84.753086231349
35.34,928.98390332218,-5.77616982845367,0.289311788600811,0.0433368597016519,-0.158169690844783,0.448945837933213,0.0119786509333504,-0.0181374222420362,74.8752612937403,74.0688832313429,90.9300699285704,84.6309437932625
35.35,929.233305164003,-5.76260360280019,0.284271327718327,0.0417796044250569,-0.153703298233453,0.449409344964864,0.0117698228168554,-0.0175246298215968,74.822635563242,73.9022735381326,90.5782077284308,84.5236932559098
35.36,929.482732106099,-5.74947408834914,0.278800220259316,0.0402670354628622,-0.149231469312137,0.450298262839147,0.0115434711917148,-0.0169031632584034,74.7555458212542,73.7097216191841,90.2277553130717,84.4243302659477
35.37,929.732183233075,-5.73677429111689,0.272941145232013,0.0387992317473264,-0.144751386782614,0.451020806176948,0.0113012811066009,-0.0162916132651351,74.6649708192756,73.4864980091162,89.8729855085051,84.3283894866124
35.38,929.981657652581,-5.7244968272767,0.266731702670698,0.0373762662592458,-0.140263756041903,0.45186079083065,0.011044745269,-0.0156714856651186,74.5487242912915,73.2287037747297,89.5106265956737,84.2287929656086
35.39,930.231154497955,-5.71263384860027,0.260217744843708,0.0359982008527159,-0.135773679368795,0.451557592182874,0.0107756957223274,-0.0150618490498823,74.4015823036368,72.9357127904699,89.1350956690397,84.1203015507775
35.4,930.480672922236,-5.70117710144983,0.253438424525516,0.0346650065309236,-0.131288493504323,0.451160042204711,0.0104957044890298,-0.0144451430280708,74.2235855954106,72.6068811588076,88.7447223277807,83.99750957881
35.41,930.730212102149,-5.69011788531307,0.246442900364272,0.033376635698581,-0.126808681425403,0.450486618524385,0.0102067308039309,-0.0138305711017634,74.0051244794333,72.2450636325718,88.3488120908559,83.8584782364296
35.42,930.979771236847,-5.67944706417716,0.239269169334045,0.0321330080823459,-0.122340135308548,0.449042104475758,0.00991031728102875,-0.0132280341570041,73.7403781830802,71.8537861818567,87.948797622564,83.6979561064092
35.43,931.229349551137,-5.66915519420871,0.231951043856937,0.030933985789919,-0.11788582102536,0.4475869327264,0.00960785334250955,-0.0126222844940611,73.4344101794917,71.4432523469099,87.5308297186615,83.4941245288351
35.44,931.478946288189,-5.65923247211862,0.224527017479646,0.0297793988033163,-0.113453519455362,0.444766159076033,0.00930090996741144,-0.0120314620987797,73.0921163299181,71.0146106737075,87.0918564056807,83.2515429733325
35.45,931.72856070512,-5.64966880777438,0.217030293680215,0.028668972317927,-0.109050704215621,0.441786868219193,0.00899085152874268,-0.0114418897151323,72.7200950222879,70.5653632538529,86.6338800988059,82.9789140570098
35.46,931.978192076269,-5.64045380754567,0.209495777105014,0.0276023902813508,-0.104683667807669,0.43757288035308,0.00867911389351596,-0.0108705708458126,72.3218807058741,70.0971972799699,86.160056384699,82.6829217439278
35.47,932.227839693338,-5.63157687913627,0.201950336078799,0.0265792340152406,-0.100361800480172,0.432871443731513,0.00836681700655065,-0.0103050843679991,71.9028356219322,69.6134485103768,85.6730227402591,82.3668211386037
35.48,932.477502869306,-5.62302721475063,0.19442607332054,0.0255990213293671,-0.0960926543694419,0.426862909817518,0.00805528807965194,-0.00976142746155853,71.4665075342086,69.119626666499,85.1743366093741,82.0313737447008
35.49,932.727180937746,-5.6147938584988,0.186949222816135,0.0246611519649779,-0.0918877709498737,0.420229166398301,0.00774562221478707,-0.00922793477034905,71.0172599506744,68.619763624963,84.6652469226784,81.6774443907469
35.5,932.97687325119,-5.60686572627952,0.179544259661209,0.0237649523101059,-0.0877546205362328,0.412322255588019,0.00743884707811911,-0.00871960103409464,70.5570491517298,68.1249548519333,84.1476491340881,81.2974337506238
35.51,933.226579180627,-5.59923174205544,0.172224194375536,0.022909631083212,-0.0837056731696492,0.403468187988267,0.00713553195686534,-0.00822507968597655,70.0894655106664,67.6453260021472,83.6245793438156,80.8890272125724
35.52,933.476298114024,-5.59188086964322,0.165005859609701,0.0220943004698747,-0.0797499549665598,0.393571536990496,0.00683638939111128,-0.00775790674925187,69.6207775511587,67.1775551926572,83.1027003184484,80.4685710035519
35.53,933.726029461318,-5.58480214610397,0.157906317202492,0.0213179759615227,-0.0758956409295713,0.383160480589114,0.00654213987817508,-0.00730673400582465,69.1559736738732,66.7199343192895,82.5850858040675,80.04548650011
35.54,933.975772656015,-5.57798463486415,0.150946206814226,0.0205796097233453,-0.0721506905391608,0.371473495859841,0.0062536437054368,-0.00688423289599166,68.6975720100883,66.2722779312572,82.0733558671216,79.6234203701564
35.55,934.225527155585,-5.57141752308259,0.144138359449582,0.0198780396473415,-0.0685260161680912,0.359168570496094,0.00597144919752975,-0.00647913035722921,68.2474058476447,65.8350610399127,81.5675980432187,79.2040733865778
35.56,934.475292442343,-5.56509014892301,0.137494651265155,0.0192120383436986,-0.0650267823044832,0.346168660542323,0.00569605796496074,-0.00610190890729087,67.8062293560742,65.4093052988114,81.0687355447926,78.7871122545015
35.57,934.725068022167,-5.55899209006884,0.131021481534544,0.0185803180891334,-0.0616576984893058,0.333016015185847,0.00542775008535879,-0.0057413057812338,67.3748077946258,64.9962269803637,80.576590473421,78.3725953846679
35.58,934.974853422412,-5.55311312180518,0.124734380548648,0.0179815692700938,-0.058420541733442,0.319726515304579,0.00516716658959706,-0.00540690078894307,66.9540907464427,64.5977403237659,80.0918954528029,77.9589364653538
35.59,935.224648187545,-5.54744317918568,0.118649728416735,0.0174144785848583,-0.0553133969700258,0.306682929635774,0.00491498145021263,-0.00508788956739453,66.5431719731947,64.2264205700513,79.6142018667707,77.5328510672922
35.6,935.474451876676,-5.54197240072568,0.112772613299844,0.016877740732001,-0.0523388683965235,0.293048558285467,0.00467141476805796,-0.00479350463121283,66.149923772975,63.8799046436372,79.1405313322921,77.1026549979686
35.61,935.724264063128,-5.53669125742033,0.107102854175288,0.0163700093110919,-0.0494990396683559,0.279578050862928,0.00443646668311234,-0.00451358652035115,65.782591227377,63.5525617181829,78.6709982796142,76.6820593486366
35.62,935.974084337141,-5.53159051364167,0.10164484212068,0.0158899432951174,-0.0467936209201648,0.265959781029209,0.00421031502162937,-0.00425545701748008,65.4390291131514,63.2438560364689,78.2175954964215,76.2796866233773
35.63,936.223912311822,-5.52666126318318,0.096398405686887,0.0154361941966498,-0.0442224268970317,0.252585138311292,0.00399295550692947,-0.00400959007552024,65.1162151777212,62.9532512430808,77.7838698997399,75.8978586353504
35.64,936.473747624116,-5.52189489912726,0.091367995903549,0.0150074347783573,-0.0417829156061014,0.239477056540396,0.00378456446111091,-0.00378243430439217,64.811301952146,62.6790246091989,77.3700455881226,75.5342356308179
35.65,936.723589932958,-5.51728311845417,0.0865557855895775,0.0146023714609285,-0.0394698084976811,0.227104663511245,0.00358522244320607,-0.00356548174039682,64.5212406117956,62.4199189839432,76.974546741773,75.1868636466727
35.66,936.973438918776,-5.51281790493088,0.0819626284105396,0.01421977351113,-0.0372782085728145,0.214942791289192,0.00339495623092515,-0.00336515266723632,64.2435966835965,62.1734519919459,76.5957066220507,74.8527532678495
35.67,937.223294281135,-5.50849158413357,0.0775833569136162,0.013858439477325,-0.0352047463645416,0.203344462024908,0.00321355282393952,-0.00317433665614313,63.9761950936426,61.9377888384123,76.230734834775,74.5302991068689
35.68,937.473155737853,-5.50429681161103,0.0734146155591246,0.0135172199641202,-0.0332439100694398,0.192213815664528,0.00304086930814397,-0.00299572415698458,63.7174575919295,61.7111589716487,75.8781210511996,74.2174272328915
35.69,937.723023022633,-5.50022657595515,0.0694497133585237,0.013195011098621,-0.0313920432965222,0.181343393661506,0.00287663109406767,-0.0028316674585881,63.4662846134586,61.4919080719735,75.5366157945216,73.9127724642488
35.7,937.972895883344,-5.49627421699697,0.0656816046140049,0.0128907364027277,-0.0296463614206936,0.17082048424339,0.00272055043596439,-0.00267628434184218,63.2217979832974,61.2794867187116,75.205023533432,73.6163686038821
35.71,938.222774081389,-5.49243338035133,0.0621069443183508,0.0126033519610615,-0.0280038636909274,0.160568958796331,0.00257248755267079,-0.00253408076993807,62.9838182572266,61.073674861175,74.8830975498349,73.3263105073322
35.72,938.472657388782,-5.48869802448501,0.058719385994157,0.0123318444963005,-0.0264606788141253,0.150801303993494,0.00243218424940257,-0.00239978068930538,62.7504815438082,60.8808717390997,74.5695294886821,73.0344507317203
35.73,938.722545586047,-5.48506241447388,0.0555126614935033,0.0120752460990075,-0.0250125671005844,0.141390041028233,0.00229938250055191,-0.00227733668608205,62.5232038180674,60.6994787883958,74.2674159715098,72.7462471588125
35.74,938.972438463673,-5.48152112388474,0.0524802476612539,0.0118326282750185,-0.0236549323951889,0.132564389164486,0.00217381334488749,-0.002162390314615,62.3029997547991,60.5261461380131,73.9781137887672,72.4688008513468
35.75,939.222335824187,-5.47806900718528,0.049616095213751,0.0116031160953721,-0.0223829233110217,0.124072279796332,0.00205522618818324,-0.00205848015605751,62.0899474232361,60.3579450042072,73.7018673221955,72.2038033405853
35.76,939.472237482149,-5.47470121466708,0.0469116746591551,0.0113858708479936,-0.0211929852925425,0.116028361230297,0.00194327224560116,-0.00196191885623006,61.8829089824525,60.1936802794965,73.4371295150015,71.9511874814238
35.77,939.72214326383,-5.47141317764014,0.0443593556831853,0.0111800950301302,-0.0200813245926213,0.108248497091187,0.00183763803252262,-0.00187550040546,61.6810733890997,60.0322636283562,73.1829541804743,71.7088944098511
35.78,939.972053006486,-5.46820061200497,0.0419503458991341,0.0109850200379367,-0.0190450108937891,0.100850456741869,0.00173796413842996,-0.00179584466608387,61.4830031947312,59.8732290231361,72.9373533351456,71.4754308215595
35.79,940.221966556513,-5.46505949896891,0.0396771889798106,0.0107999127138222,-0.0180806548951329,0.093708208191491,0.00164394372228106,-0.00172508655458606,61.2881277193213,59.7157665512354,72.699489230522,71.2489042339354
35.8,940.471883768406,-5.46198608280447,0.0375318545302425,0.010624067495766,-0.0171853853000923,0.0869323200864529,0.00155524718223397,-0.00166020816082953,61.0957144870754,59.5598061100769,72.4680732668553,71.0287778759401
35.81,940.721804503564,-5.45897684937062,0.0355079749250283,0.0104568122834423,-0.0163560936924254,0.0803857820448958,0.00147161077936751,-0.00160283763491736,60.905888032646,59.4049477869147,72.2429050845941,70.8141433391685
35.82,940.971728629874,-5.45602851850225,0.0335989516733361,0.0102975007311664,-0.0155899712721763,0.0742151884543581,0.00139276149130829,-0.00155032342808636,60.7184899972279,59.2515156958687,72.0232872669526,70.6051563735223
35.83,941.221656021138,-5.45313802706803,0.0317991128882276,0.0101455219271362,-0.014883406233487,0.0683575066046833,0.00131846222108711,-0.00150386717463061,60.533883018087,59.0993904090373,71.8094024497598,70.4013024810032
35.84,941.471586556466,-5.45030252372322,0.0301024641480252,0.0100002974436687,-0.0142330479703009,0.0628928541789048,0.00124846303212443,-0.0014612640445998,60.3520517453004,58.9490797427888,71.6008236258533,70.2029155438384
35.85,941.721520120095,-5.44751935116196,0.0285039771903739,0.00986128644204494,-0.0136351885988387,0.0577559167144562,0.0011825520740452,-0.00142346284468227,60.1735437592169,58.8006613626722,71.3978667753596,70.0096763357665
35.86,941.971456601044,-5.4447860385934,0.026998424312194,0.00972798184323291,-0.0130863901779394,0.0530066484836826,0.00112050968843379,-0.00138869021618095,59.9983408941007,58.6546720770224,71.2001365861358,69.8218469229833
35.87,942.221395892628,-5.44210028568404,0.0255812741261945,0.00959991387753763,-0.0125829960621753,0.0485846405703656,0.00106214375631385,-0.00135770403192825,59.8269494239465,58.5112224616924,71.0079482866999,69.6391061013546
35.88,942.471337892133,-5.4394599563,0.0242476793809144,0.00947664578247317,-0.0121217792481838,0.0445025088326084,0.00100725000746949,-0.00132914462853829,59.6594839313382,58.3708764317198,70.8210034705267,69.4618572486784
35.89,942.721282500835,-5.43686306463785,0.0229934483137496,0.00935777363281722,-0.0116996065447846,0.0407038103635569,0.000955650598255316,-0.0013036091341142,59.4964884732543,58.2336778242199,70.639559838702,69.2898842147285
35.9,942.971229623579,-5.43430776929486,0.0218139878995165,0.00924292203310114,-0.0113136769240318,0.0372013095292242,0.00090715223601995,-0.00128005638985876,59.3386708213438,58.0999448110298,70.4621992086605,69.1233702040953
35.91,943.221179167903,-5.43179236383198,0.020705218618789,0.00913174540066668,-0.0109609268179444,0.0339997701444016,0.000861581539163933,-0.00125895218493278,59.1882996412443,57.9694876739938,70.2872726165383,68.9620528337839
35.92,943.471131043572,-5.42931526771588,0.0196629948361423,0.00902392728132034,-0.0106385936579335,0.0310641072830985,0.00081876299088702,-0.00123956022881708,59.0444853738588,57.843550216677,70.1173517503963,68.8072754827836
35.93,943.721085163357,-5.42687501842107,0.0186832940071425,0.00891917715055359,-0.010344292223529,0.0283404715333562,0.000778527062552682,-0.00122220736422347,58.906885975216,57.7224978419651,69.9541076269273,68.6592099240156
35.94,943.971041443555,-5.42447026556833,0.0177621829990415,0.00881722595914545,-0.010075933335952,0.0258350058261408,0.000740708627926092,-0.00120632595180695,58.7749908602844,57.6066642881537,69.7976855030803,68.5181158553523
35.95,944.220999804215,-5.42209976069544,0.0168962861753345,0.00871782600865233,-0.00983141573670712,0.0235297754967832,0.000705165379167938,-0.00119196359100981,58.6486605467772,57.4958902634823,69.6481243469596,68.3836612367094
35.96,944.470960168943,-5.41976234875496,0.0160824354785619,0.00862074944554184,-0.00960884007286992,0.0214076475174333,0.000671764084876181,-0.00117903558792317,58.5277219016394,57.3898910449577,69.5051905784721,68.2553888588571
35.97,944.720922464644,-5.41745696080092,0.0153177631125908,0.00852578665941924,-0.00940641164141099,0.0194661537738338,0.000640384225491166,-0.00116724823005813,58.4117758653339,57.2886556287365,69.3683128236888,68.1331605069611
35.98,944.970886621261,-5.41518260565095,0.0145997481001379,0.00843274577925766,-0.00922240658877265,0.017689772708385,0.000610919796271,-0.00115656115117652,58.3007764786475,57.1918378979916,69.237347472451,68.0164160851413
35.99,945.220852571534,-5.41293836321193,0.0139260464112661,0.00834145129617212,-0.0090552472966148,0.0160673945620827,0.000583272555407739,-0.00114681448003476,58.1943908573239,57.0994686169656,69.1118137403374,67.9050682991232
36,945.470820250797,-5.41072337835336,0.0132945377582056,0.00825174294498003,-0.00890344907406587,0.0145909974836343,0.000557353799562925,-0.00113786686537911,58.0926605757527,57.0113104296694,68.9916992243885,67.7987203991508
36.01,945.72078957213,-5.40853378002879,0.0142950382311568,0.0081671884159626,-0.0072269625357812,0.38747935042404,0.00059517852199078,0.0052126106346954,57.8976621040436,57.0300154952499,68.8791641042819,67.6876335835457
36.02,945.970759933931,-5.40632401841286,0.0201523673630489,0.00812202358200043,-0.00152115874117786,0.761785117943369,0.00082265371475624,0.01041638450187,57.5133311188959,57.3124797605079,68.9748096143633,67.4078408091299
36.03,946.220730178059,-5.40404138076056,0.0289593777283493,0.00815301675162484,0.00749534384084708,1.04997754426564,0.00116356483590557,0.0149152722166984,57.22621144709,57.7936006228919,69.2837099610702,67.2821497437785
36.04,946.470699002822,-5.40164500362106,0.038854605225088,0.00828862541697118,0.0189953068838042,1.26064475691935,0.00154388251637588,0.0187867356082656,57.2630408052107,58.4898284551491,69.8991744239581,67.5870279965067
36.05,946.720665262524,-5.39910384314383,0.0484266701801878,0.0085495412467757,0.0322245562559594,1.39584907098352,0.00190773699833838,0.0219320123071776,57.6951835108044,59.4020534922771,70.8524544233271,68.3911164419724
36.06,946.970628153381,-5.39639481447504,0.0566454901117039,0.008949136033018,0.0465156185183693,1.47628536306728,0.00221461266480335,0.024636723716897,58.4585809399676,60.4759336101974,72.0609839408448,69.60084552745
36.07,947.2205871689,-5.39349957512381,0.0629414716962637,0.00949525853317325,0.0613732525336996,1.50931008599657,0.00244236470034548,0.0268516223089527,59.4236230879919,61.6214363539854,73.3954819689851,71.0392735254524
36.08,947.470542025865,-5.39040272538438,0.0670215156582791,0.0101912415029875,0.0764276703464785,1.51970233212612,0.00257985815153052,0.0289603346514575,60.4544450846005,62.7464928132524,74.720461713256,72.5446305275133
36.09,947.720492456697,-5.38708896555301,0.0689199448169172,0.0110380038531364,0.0914828046666535,1.50880684966141,0.00262889954595014,0.0308329051253756,61.4519156719776,63.7976256897604,75.9657369369485,73.9955334774224
36.1,947.970438128434,-5.38354247488574,0.0687526300922649,0.0120345774119145,0.106411538563041,1.49811657690023,0.00259448029549812,0.0328713073025109,62.372322095699,64.7644833326475,77.1059275560576,75.3480214266081
36.11,948.220378471974,-5.3797450654807,0.0668020132792722,0.0131797676720987,0.121200427805442,1.47934552774375,0.00248810785417109,0.0348182538179152,63.225118797766,65.6939755273591,78.1826006901537,76.5920935315245
36.12,948.47031270471,-5.37567691159778,0.063273076797138,0.0144717983493494,0.135821129074816,1.46790912809116,0.00231818016525922,0.037065043164183,64.0600228729932,66.62409199863,79.27019830087,77.8225269775259
36.13,948.720239738291,-5.37131557831416,0.0584396522129307,0.0159093864096411,0.150308057300797,1.45034321919637,0.00209573217723084,0.0392275042156477,64.9527770987904,67.6091922979823,80.4528170757683,79.1241255269679
36.14,948.970158302428,-5.36663749992599,0.0524485894877642,0.0174909373457408,0.164657283294208,1.44357751169616,0.00182672655980886,0.0417042553896925,65.9770570943081,68.6956490178467,81.7768169735865,80.5689940878187
36.15,949.220066851886,-5.36161690043458,0.0455182492952615,0.0192155920140487,0.178911570595732,1.42772688597203,0.00151990669189174,0.0440155526695239,67.166947240609,69.9338506441803,83.3260266825641,82.2036596633753
36.16,949.469963730796,-5.35622786284467,0.0376611585952923,0.0210819012006879,0.193018896459919,1.41677659389972,0.00117584437127994,0.0465931153892223,68.5397541661371,71.3359186287573,85.1330251076901,84.0689309612148
36.17,949.719847086087,-5.35044357218688,0.0289841248193854,0.0230885799458776,0.206962064880394,1.39116903667669,0.000798845655672952,0.0488976674511539,70.0952088052494,72.9300594129654,87.2143973301865,86.1372761048438
36.18,949.969715044101,-5.34423818552038,0.0194138078562045,0.0252331895798535,0.220637073558937,1.36571333927097,0.000386129524515369,0.0514181891098111,71.8237177578154,74.6612252143462,89.5579169893639,88.4535577378336
36.19,950.219565603307,-5.33758601075934,0.00899634939383308,0.0275129955859555,0.233986789894301,1.32278415084717,-6.03776837804035e-05,0.0535740238000398,73.6297492787858,76.3986625946783,91.9246564653356,90.826397301014
36.2,950.469396766771,-5.33046302714811,-0.00235042338447425,0.0299238691599135,0.246896066222727,1.27937046279668,-0.000543792880128465,0.0559160817924531,74.9499331150171,77.5843703157074,93.6871542605107,92.7036847741963
36.21,950.719206159638,-5.32284588496825,-0.0145877064246603,0.0324613380485302,0.259309113905167,1.21936952865197,-0.00106245750555118,0.0578279407845857,76.3645548077318,78.8090724908353,95.5797582474584,94.7198223276117
36.22,950.968991418817,-5.31471329137835,-0.027787261672961,0.0351195486480655,0.271106713189405,1.15847421333219,-0.001619078709079,0.0599148350302912,77.8917352034174,80.1063080213247,97.6223600932208,96.8732633377677
36.23,951.218750118966,-5.3060449002247,-0.0418902670965643,0.0378922706311462,0.282235631860857,1.08221121514175,-0.00221114483608589,0.0615278466631451,79.504719531678,81.5159733045171,99.8074619640621,99.0936786412425
36.24,951.468479971025,-5.296822496363,-0.056928859299736,0.0407720556907754,0.2925986755208,1.00675106690917,-0.00283971076765574,0.0633198668637212,81.2014998205615,82.9500278016489,102.096005108712,101.437830045581
36.25,951.718178619148,-5.28702873555932,-0.0727845590390514,0.0437513392766251,0.302187968731263,0.924378066663603,-0.00349988733928281,0.0646066671579985,82.9622676545956,84.4006395095165,104.449606743516,103.855670579576
36.26,951.967843852452,-5.27664799657291,-0.0894497668336762,0.0468219770134239,0.310956545237848,0.843891218416722,-0.00419116451138251,0.0660767869728659,84.7267239754546,85.8018036770604,106.866834459292,106.360014180664
36.27,952.217473419554,-5.26566562630594,-0.106804270617161,0.0499758845033042,0.318901522055168,0.756672754012752,-0.00490857970481424,0.0670096412670993,86.4618705115139,87.1765005136675,109.304245787492,108.863545591119
36.28,952.467065215231,-5.2540685454223,-0.124800219031127,0.0532044809543575,0.325990129879851,0.674223364304193,-0.00565003029346137,0.0681287852561012,88.1242868291876,88.457144332254,111.7433803987,111.376364666867
36.29,952.716617023433,-5.24184452029935,-0.143318591222468,0.0564995236663704,0.332260925286916,0.59025501426584,-0.00641066810423464,0.0686860667547314,89.6141967350828,89.5778315873063,113.944818330007,113.659196248519
36.3,952.966126653494,-5.22898296100242,-0.162316026713981,0.0598527349454638,0.337717280893068,0.512228524362771,-0.00718861918125177,0.0694308008398111,90.1021649488588,89.7421973083029,114.860377681289,114.782032291482
36.31,953.21559148057,-5.21547401380426,-0.181657753490107,0.0632562917693272,0.342396645062867,0.432385402292971,-0.00797844258065341,0.0695879098103335,90.588040641647,89.9191424592381,115.724828368015,115.83571750092
36.32,953.465008985372,-5.20130914065954,-0.201284931674166,0.0667023386725647,0.346304632266031,0.35850224206613,-0.00877769236685312,0.0699319815804191,91.0783548537903,90.0535293775765,116.575346681222,116.909285205643
36.33,953.714376624934,-5.18648039729088,-0.221046412033012,0.0701835419963572,0.349505409603392,0.289920353070919,-0.00958030932597378,0.0700750521861356,91.5830256193848,90.1526159652104,117.401458754299,118.002253892689
36.34,953.963691914435,-5.17098054273642,-0.240876607620176,0.0736930318594315,0.352020654556725,0.219450970067983,-0.010383729038681,0.0695919334492735,92.1381347847933,90.2743553610799,118.152815501193,119.044548354286
36.35,954.212952674739,-5.15480368532124,-0.260721189933367,0.077223897054651,0.353862517256121,0.156246336217112,-0.0111858106317737,0.0692937719275071,92.7053529760701,90.3469591728363,118.83510694345,120.069068846534
36.36,954.462156740517,-5.13794460201732,-0.280488988229469,0.0807698068403191,0.355084815837879,0.0930212677929798,-0.0119829785327346,0.0683604785924937,93.2864553349811,90.4675484751786,119.407613644545,120.94699579805
36.37,954.711302177869,-5.12039922756516,-0.300133539700265,0.0843245529365262,0.35570201459863,0.0355963326829475,-0.012773423672233,0.0676137296853553,93.8454993161715,90.5717504618102,119.881824346115,121.718291505771
36.38,954.960387017509,-5.10216399979442,-0.319544161561081,0.0878824515078703,0.355776600502008,-0.0164318071139805,-0.0135528860824453,0.0666469874117641,94.3893058700601,90.6673131492353,120.236819456745,122.368603584514
36.39,955.209409364241,-5.08323610002126,-0.338694704504791,0.0914382831524222,0.355330802404795,-0.0704237340641753,-0.0143204398139606,0.0650270662858647,94.9431416979581,90.7884563760695,120.444488919854,122.868741465117
36.4,955.458367639387,-5.06361396537863,-0.357556456577106,0.0949867610736127,0.354368270073092,-0.119144648131526,-0.0150750488281207,0.0636001812052074,95.5082492671339,90.8392134228443,120.488500160011,123.290169675659
36.41,955.707260276797,-5.04329648945947,-0.376049821838116,0.098522976586397,0.352917454015712,-0.169548420469903,-0.0158136600869427,0.0615255955287277,96.0799513462173,90.9002736219739,120.357454521643,123.544988703275
36.42,955.956085974337,-5.02228369866936,-0.394171047515884,0.102042041906196,0.35099709743221,-0.213495009890386,-0.016536234630468,0.0596542949713415,96.6097974313776,90.8852476945891,120.092002884273,123.708512170388
36.43,956.204843422395,-5.00057612243423,-0.411832116130943,0.105539527616388,0.348640577505807,-0.257878396913536,-0.0172393935655374,0.0575710455843915,97.097358758341,90.8410161631841,119.689078475239,123.735063894833
36.44,956.453531419498,-4.97817490071437,-0.429019090085054,0.109010949668505,0.345810580006877,-0.309770442318634,-0.0179226197163247,0.0548461006360425,97.5592868208773,90.8125819256709,119.139008250604,123.591989067557
36.45,956.70214914629,-4.95508253200301,-0.4457324862388,0.112451229366641,0.3424677287391,-0.359490821663925,-0.0185859551618947,0.0523473975245559,97.9580767405428,90.702611942501,118.465848602565,123.356140213831
36.46,956.950695800516,-4.9313021246844,-0.461889428638187,0.115855400088817,0.338631838554388,-0.409881397446911,-0.019226174371215,0.0496678707473999,98.2912600299327,90.5575054149211,117.667149438492,122.977032323321
36.47,957.199170722106,-4.90683762740028,-0.477495878430215,0.119218319762769,0.334239767778497,-0.472833941310701,-0.0198434826403934,0.046386111193555,98.575670377066,90.4224015166149,116.735645282826,122.423037313592
36.48,957.4475737044,-4.8816948145988,-0.492567471390736,0.122533826218613,0.329212334011947,-0.535973100435227,-0.0204384374206535,0.0433756924876883,98.7756985015166,90.1965598167683,115.69628507112,121.776072195622
36.49,957.69590454351,-4.85588018005596,-0.506989465476318,0.125795555101574,0.323532355996698,-0.604785451796593,-0.0210064673584704,0.0402409020748977,98.8899040748055,89.9301131727656,114.556721091922,120.989193081035
36.5,957.944163192993,-4.82940123432569,-0.520763293505387,0.128996478028433,0.317079038557083,-0.693050785190328,-0.0215474969658632,0.0365773146096864,98.9381761238312,89.6714774826039,113.319344833562,120.037309304558
36.51,958.1923501363,-4.80226793070787,-0.533896583521331,0.132127977324253,0.309737177794867,-0.78101907245487,-0.0220616645804251,0.0332643485338049,98.889698942155,89.3142930652827,112.01688035694,119.019138707217
36.52,958.440465843796,-4.77449096255039,-0.546193557651797,0.135181230213274,0.301503282610044,-0.87332141451406,-0.0225411085996196,0.0299250238893087,98.7380718663556,88.9013236628823,110.676901724782,117.907477803021
36.53,958.688510913887,-4.74608188382148,-0.557592692376076,0.138146873655995,0.292264167548044,-0.985223176655119,-0.0229832005955007,0.026172169290661,98.5070622000884,88.4690554158263,109.310352092601,116.698486468633
36.54,958.936486441659,-4.71705473955172,-0.568025615995537,0.141014029934183,0.281935820975824,-1.08859157804773,-0.0233850618878971,0.0228754675435245,97.7212680109526,87.535590928754,107.370079085023,114.873922248434
36.55,959.184393252078,-4.68742346622973,-0.577141165294882,0.143772374967691,0.27060598795001,-1.18747001310161,-0.0237326567140267,0.0196711224743421,96.1481315392138,86.0035684298319,104.948151194281,112.370892519185
36.56,959.432231785304,-4.65720200520417,-0.584803894394663,0.146411924862947,0.258248190192837,-1.29683635392424,-0.0240204610433333,0.0161810141220911,94.5545855654656,84.5986480093247,102.859611277624,110.009536453335
36.57,959.680002879279,-4.62640660017114,-0.590935689896458,0.148922106639452,0.244883012547609,-1.38546647282206,-0.0242452790253736,0.0132403013757996,93.1991587616027,83.3084294075566,100.972797103899,107.921609759115
36.58,959.927707329721,-4.59505286577977,-0.595152165794748,0.151294086506275,0.230713454504107,-1.46001250820201,-0.0243919160852514,0.0104841514307591,92.0354509644414,82.2007175477449,99.3862413721365,106.082286033805
36.59,960.175345963009,-4.56315564952071,-0.59729628569668,0.15352030605206,0.215787296946906,-1.53976670133864,-0.0244541193862925,0.00753365839095661,91.0333057165412,81.2836780986756,98.0956107789808,104.453059129693
36.6,960.422920057813,-4.53073131968369,-0.597285247546437,0.155593156476287,0.200172154154986,-1.59352849101684,-0.0244286401923254,0.00516922321773401,90.1257491794842,80.4598014904737,97.0462968543827,103.035164967794
36.61,960.670430756341,-4.49779489902418,-0.594762940728127,0.157507263252406,0.184117536698208,-1.6290894852432,-0.0243015325019494,0.00302503543962787,89.254853918891,79.7448669129706,96.2290652719753,101.739999673
36.62,960.917879159933,-4.46436042783636,-0.589624544753239,0.159259158197126,0.167788355636188,-1.64911595724541,-0.0240688479243951,0.00108105942417675,88.4156402323825,79.1162465771943,95.5922390827576,100.542904077038
36.63,961.165266564213,-4.43044241789437,-0.581939697978253,0.160846735985979,0.151258300846948,-1.67299191416861,-0.0237335361516291,-0.00102688316683,87.6201350787085,78.5599749929955,95.0797793064461,99.4014359179904
36.64,961.412594766992,-4.39605756395984,-0.571820572924541,0.162267916334083,0.134585190488896,-1.67224064695068,-0.0233002224974738,-0.00260795852603735,86.8401121848617,78.0119372179401,94.6429462855127,98.3384020088425
36.65,961.659865488596,-4.36122202096996,-0.559147599956875,0.163522791351567,0.118019955181337,-1.65366595519293,-0.0227644609333477,-0.00402640815504785,85.5386250722977,77.0200885911146,93.7353460323204,96.7015502771804
36.66,961.907080284943,-4.32595198001847,-0.544038627105979,0.16461322459028,0.101691279014678,-1.62575963092442,-0.0221311680512948,-0.00533433403978705,83.9375239018062,75.8321506092561,92.6898321129188,94.8046630744592
36.67,962.15424091043,-4.29026496289787,-0.526775007155309,0.165541847818832,0.0856024456791557,-1.60916428944161,-0.0214117218837042,-0.0068911530728992,82.5089372220852,74.8111340813214,91.8539873142758,93.0949794804596
36.68,962.401349831408,-4.25418169548329,-0.507685694277476,0.166310621670267,0.0697418096595954,-1.5755651673411,-0.0206193209491383,-0.00811806317235489,81.3028556643165,73.9327668132013,91.1494923282705,91.6176380737818
36.69,962.648409773712,-4.21772361468953,-0.486875807985597,0.166922836755218,0.0542575071786382,-1.53689892893594,-0.019758300272085,-0.00937553739522802,80.3372524282527,73.1896650270739,90.5007839635076,90.3022997438741
36.7,962.895423860175,-4.1809137029634,-0.464726651998022,0.167382183036687,0.0390863617550503,-1.51741278486208,-0.0188438498692052,-0.0110128132035582,79.5508023664052,72.5468790154545,89.9220642580913,89.1079054041108
36.71,963.142395992878,-4.14377901137471,-0.441679609519236,0.167690798436275,0.0241037537574856,-1.49526354794322,-0.01789349003932,-0.0125156289241148,78.8667343004769,71.9614939384131,89.3967837369519,88.0484351617096
36.72,963.389330449514,-4.10634844481755,-0.417920408932421,0.167850807513531,0.00932283807972149,-1.48024473964832,-0.016914618904574,-0.0141905230421001,78.2506480026345,71.4281537885112,88.9390867436709,87.0789174473073
36.73,963.636231945903,-4.06865321824962,-0.393828642295489,0.167863527389097,-0.00542484602921624,-1.4924444864774,-0.0159221916067763,-0.0163140170000057,77.6989637257843,70.9320825937449,88.5542285583742,86.189167703208
36.74,963.883105927815,-4.03072894904424,-0.369791752938012,0.167727934529831,-0.0203251731827439,-1.50710180302916,-0.0149314466447992,-0.0183896546612213,77.2139954266357,70.4711713045645,88.2186827307144,85.4260106336636
36.75,964.129958167409,-3.99261339770548,-0.345963749713137,0.167442383107471,-0.0354496117717031,-1.54216124310244,-0.013948392167337,-0.0208619577367346,76.8421388188734,70.0620959968308,87.9539627438638,84.7736941473957
36.76,964.376794890154,-3.95434755242567,-0.322579999593627,0.167003608422984,-0.0509255903943045,-1.57457000937207,-0.0129822167619375,-0.0232610522305333,76.5817694261953,69.7447896619487,87.798097255982,84.296867571328
36.77,964.623622457475,-3.91597368240395,-0.299654918299237,0.166408246284857,-0.0667672842844518,-1.61925046611691,-0.0120333977388173,-0.0259638368728375,76.4646551591474,69.5618954433549,87.8136756519578,83.9862142522941
36.78,964.87044746918,-3.87753622686054,-0.277285791086376,0.165652086258078,-0.0830183190667034,-1.65344079675462,-0.0111057015023511,-0.0285170288632548,76.5293252101484,69.5441480690831,87.9950912391118,83.9178981236228
36.79,965.117276396168,-3.83907916118433,-0.255034973965938,0.164732419869097,-0.0992827230164213,-1.61166103980577,-0.0101819290715741,-0.0299087563484544,76.73453362249,69.7462217653366,88.4143412086495,84.1182573625072
36.8,965.364114691542,-3.80063862603565,-0.232154989755618,0.163653196027729,-0.114929133370295,-1.53603460388187,-0.00923283391260535,-0.031042365491999,77.0087158666944,70.1439927448312,89.0261187797233,84.4446243236132
36.81,965.610967275549,-3.76224658712851,-0.208707850649108,0.162421757762507,-0.129819688681808,-1.46526744046994,-0.00826113364331368,-0.0323348971187219,77.2941940322141,70.5932166563193,89.6960804159866,84.7842163520367
36.82,965.857839146181,-3.72393628410039,-0.18507679914795,0.161045195780278,-0.144026476972125,-1.39797418952864,-0.00728218376628217,-0.0336129391111174,77.5758798232909,71.0217248235902,90.3323585086723,85.1373872576638
36.83,966.1047353312,-3.68574228842407,-0.161476532093829,0.159530335783382,-0.15752412831409,-1.32104573476796,-0.00630466047607369,-0.0347058364415757,77.9168895386939,71.4295866596662,90.8744244784439,85.5335846358735
36.84,966.351660635935,-3.64769860470864,-0.138021343635766,0.157884743135938,-0.170259012681289,-1.24744755516125,-0.00533322405030124,-0.0358753554161548,78.3165290264649,71.834914563205,91.4354222738225,85.9990405022143
36.85,966.598619691131,-3.60983934473747,-0.114908827381788,0.156115843601128,-0.182246005677992,-1.16898122143537,-0.00437576756646663,-0.0369549371780219,78.82451279071,72.2829136998971,91.9849396236336,86.5488708699474
36.86,966.845616846271,-3.5721977054333,-0.0921535396974143,0.154231549106336,-0.193390616476895,-1.07811255401876,-0.0034329785976407,-0.037799506863111,79.4300910757504,72.8249922648092,92.604602581213,87.22593363896
36.87,967.092656062068,-3.53480471420166,-0.0697917800058558,0.152240770863357,-0.203638037980273,-0.99043599986696,-0.00250638991533042,-0.0386381455520425,80.1167774394785,73.4449413289222,93.3402532508289,88.0229997323017
36.88,967.339741066749,-3.49769054868081,-0.0479749380643244,0.150152276496357,-0.21301120120289,-0.90126834587211,-0.00160207850171314,-0.0393449581101275,80.9148169476372,74.1047685289914,94.0956830114595,88.9388761803867
36.89,967.586875298813,-3.46088411037658,-0.0267389781234162,0.147974972068935,-0.221469816151103,-0.805444560053652,-0.000721648926509276,-0.0398134519729402,81.7621888959767,74.8058153604843,94.9397701513132,89.9968562263393
36.9,967.834061848993,-3.42441210190864,-0.00610803806637947,0.145718267724596,-0.22899073695713,-0.713959803173736,0.000133809771152058,-0.0402450342590005,82.6285052095946,75.5072026090181,95.8624316402558,91.1421413079941
36.91,968.08130353029,-3.38829991768784,0.0138032641583953,0.143391264343681,-0.235616539377617,-0.62453781073012,0.000959597043518896,-0.0405507200953119,83.530739191167,76.1820537803508,96.747640110072,92.329158020815
36.92,968.328602857662,-3.35257153917039,0.0329481571863743,0.141002834368276,-0.241360665225667,-0.536268744290025,0.00175354853595909,-0.0407358790381794,84.411289814496,76.80556496133,97.6737105935832,93.5919453044599
36.93,968.575962049703,-3.31724908127132,0.0513253425540838,0.138561747679085,-0.246227559224333,-0.447549581898135,0.00251523982210649,-0.0407421172327235,85.1653763539859,77.3662640854545,98.7164944717126,94.9274016012489
36.94,968.823383057202,-3.28235253157269,0.0689137560307531,0.136076717495851,-0.250247335643864,-0.366880881869609,0.00324355350014413,-0.040733264500787,85.745830456486,77.8103814955103,99.8280351601547,96.246326849533
36.95,969.070867590839,-3.24790042524988,0.0856587634709701,0.133555727826639,-0.25350175109174,-0.292084383924382,0.00393613290886525,-0.0406510489073138,86.1784108128057,78.1244413387687,100.831647974077,97.4410261359685
36.96,969.318417064535,-3.21390968932335,0.101566045357362,0.131006230368378,-0.256020557652123,-0.218867441704585,0.00459284050768804,-0.0404496437967782,86.5245850467017,78.2603475580588,101.509768409365,98.4220206541226
36.97,969.566032488243,-3.1803952813087,0.11665435589642,0.128435401845743,-0.25785158585292,-0.154168652993275,0.00521414758821664,-0.040259007489968,86.789451082629,78.2735244681126,102.070595875836,99.2973572904124
36.98,969.813714544434,-3.14737066756445,0.130907609582667,0.125849654890731,-0.259073645068429,-0.0957567840926983,0.0057992358394155,-0.0400313037451681,86.9335321531063,78.2051542910292,102.601784332717,100.096927695488
36.99,970.061463704092,-3.11484774666726,0.144358050466414,0.123254765314038,-0.259741465943318,-0.0424294742869648,0.00634922443316142,-0.039728830342197,86.8189819329269,78.0250496806548,103.1238268584,100.744433550243
37,970.309280213675,-3.08283661133195,0.157049570110793,0.120655973210496,-0.259916298874087,0.00339257237545406,0.00686595645566362,-0.0394435979430534,86.4915163643328,77.7543119375023,103.602029696282,101.198218773106
37.01,970.557164100579,-3.05134585879518,0.169004088235233,0.118057795497548,-0.259669649123239,0.0431408896387592,0.00735044510861291,-0.0391343264582971,85.9851572947765,77.410471449485,103.947441125315,101.411022663748
37.02,970.805115162162,-3.02038266974271,0.180272180051598,0.115464157205205,-0.259050838647872,0.0785858394867469,0.00780480563017275,-0.0387715568483344,85.3877999132429,76.9884343436306,104.043489338316,101.384782398958
37.03,971.053132943531,-2.98995266456138,0.190911460368479,0.112878527892891,-0.258110980355197,0.107723152345582,0.00823164091106623,-0.0384183556117837,84.7214532164737,76.487079182699,103.916044426597,101.122821897535
37.04,971.301216717821,-2.96006014663456,0.200970702247424,0.11030378187609,-0.256907087458493,0.132266389987975,0.00863319906067268,-0.0380419871782398,83.9969931200002,75.944691010883,103.620651483824,100.6741535641
37.05,971.549365550259,-2.93070816530988,0.2105060501103,0.107742333985489,-0.255477612112371,0.153637966685212,0.00901201652708998,-0.0376201426531973,83.2220231972744,75.4050519273682,103.223037473094,100.089016715128
37.06,971.797578345864,-2.90189857898412,0.219569272602263,0.105196269953973,-0.253856794262776,0.170630999350067,0.00937048295855578,-0.0371920189767154,82.418407773488,74.8924829430606,102.769193384903,99.3767374943839
37.07,972.045853884185,-2.87363228362209,0.228199182397059,0.102667249237407,-0.25208832668061,0.184121985655182,0.00971047163226619,-0.0367338144742246,81.6021658287415,74.4365265460796,102.270214130467,98.557294201864
37.08,972.294190850904,-2.84590936499852,0.236431811517504,0.100156605402571,-0.25019470611551,0.196279349003331,0.0100337002525608,-0.0362309372994792,80.787992454756,74.0412098522169,101.736447002738,97.6679365625206
37.09,972.542587859551,-2.81872918515248,0.244297068533648,0.0976655320354622,-0.24818696283653,0.207233043717465,0.0103416089548156,-0.0357053441242318,79.9961606046297,73.7000971824214,101.185983435715,96.7205969699919
37.1,972.791043476355,-2.79209056251571,0.251811863126998,0.0951951198842758,-0.246071741714866,0.218177227587023,0.0106350868467135,-0.0351379596140608,79.2310618028392,73.4205759164452,100.613326308894,95.7385905831973
37.11,973.03955622914,-2.76599183181083,0.25898700746344,0.092746438923605,-0.243850989135015,0.228707162138847,0.0109147761566378,-0.0345442090551804,78.5220285749895,73.193639632129,100.009057681947,94.7233908101607
37.12,973.288124614046,-2.74043098544725,0.26582356010144,0.0903205447623946,-0.241522857698443,0.239867364051109,0.0111808611681856,-0.03391791259406,77.8905312102034,73.0179347910987,99.359190552085,93.6969444457714
37.13,973.536747101884,-2.71540571756167,0.272318021983529,0.0879185416561582,-0.239082364118918,0.251371038967444,0.0114332897369762,-0.0332614903876949,77.3241500709628,72.907175517496,98.7032642085629,92.684729620995
37.14,973.78542215857,-2.6909135110831,0.278456491481628,0.0855415615676417,-0.236529175518187,0.262606365132818,0.0116715898748556,-0.0325801082524853,76.8244692835543,72.862494833424,98.0701421810076,91.6903336792658
37.15,974.034148262996,-2.66695171301817,0.284220501535558,0.0831907230768946,-0.23386436663598,0.273918976748215,0.0118950809514408,-0.0318775956859357,76.384724467808,72.8790829538171,97.4634618286574,90.7412898343581
37.16,974.282923915789,-2.64351757993089,0.289588289470758,0.0808671560901222,-0.231084851960482,0.285698324035691,0.0121029267970133,-0.0311528071798868,76.0097709088144,72.9410980315491,96.894378670235,89.8435042768464
37.17,974.531747645921,-2.62060828045794,0.294539344175592,0.0785720423600079,-0.228183876370719,0.298257041127298,0.0122943200762537,-0.0304107853653794,75.6936343872406,73.0414276039483,96.3602383285675,89.0073204745736
37.18,974.780618012225,-2.59822088261304,0.299049948855689,0.0763066294210222,-0.225156711051751,0.310976304840372,0.0124683129322386,-0.0296630899930593,75.4289435433307,73.1719865040385,95.8564937589111,88.2387657100216
37.19,975.029533604948,-2.57635240718576,0.303092845491639,0.0740721883304136,-0.222000959815898,0.324098433448498,0.0126238070026617,-0.0289020221077176,75.2164750364675,73.3183825534906,95.3866516207912,87.5340289392857
37.2,975.278493045683,-2.55499978775502,0.306644695554259,0.0718700267490446,-0.218713917308748,0.337195187212829,0.0127598513341258,-0.0281458464405889,75.0452104047466,73.4760279210836,94.9439103845157,86.8998764765444
37.21,975.527494986288,-2.53415989651893,0.30967816499374,0.0697014486694885,-0.215296765776426,0.350288901409795,0.0128753321508455,-0.027382932827827,74.9154262468072,73.6329151004599,94.5312768678223,86.3313701715379
37.22,975.776538110771,-2.51382952609665,0.312169085962979,0.0675677515324274,-0.211751638446957,0.362822758253823,0.0129692576764456,-0.026634098579013,74.8169512585264,73.7863037079691,94.1425065173995,85.8329895568595
37.23,976.025621134988,-2.49400539521475,0.314097691121644,0.0654701959552388,-0.208080563113396,0.375461551985082,0.0130407855972175,-0.0258838352583324,74.7407809295163,73.9292806229557,93.7944083387488,85.3994522782182
37.24,976.274742813549,-2.47468407193654,0.315446652437798,0.0634100153891613,-0.204290803971876,0.386825867934427,0.0130891683432815,-0.025143909851119,74.6711747087753,74.0362297579919,93.4916576445992,85.0590703834082
37.25,976.523901946124,-2.4558620113073,0.316202965342908,0.0613883611400532,-0.200387388958276,0.398073530428874,0.0131138414970399,-0.0244281267119774,74.6146066796146,74.0446744021883,93.2057161946225,84.8533920156429
37.26,976.773097367143,-2.43753546674094,0.316362482746241,0.0594063677043714,-0.196369469706588,0.409611217504284,0.0131146205823513,-0.0237166773677844,74.5716099107303,73.981279732697,92.9122072816448,84.7147466631801
37.27,977.022327939054,-2.4197004269908,0.315919213736898,0.0574651655630179,-0.192243426949929,0.41953401088359,0.0130912398230618,-0.0230340337583376,74.531089698747,73.8767087259274,92.5967381049776,84.6031526987619
37.28,977.271592538848,-2.40235276599796,0.314858323258936,0.0555657390838509,-0.188025292460276,0.428263560324788,0.0130430892575871,-0.0223585618134837,74.4942847461218,73.7436546470499,92.2622307680026,84.4983552102293
37.29,977.520890054313,-2.38548819467397,0.313176031055681,0.0537089375063523,-0.183730779592309,0.43467344638987,0.0129699980086805,-0.0217114802952299,74.4573297694739,73.5969821710233,91.9129710194782,84.3975823725018
37.3,977.770219383433,-2.36910229428683,0.310873769769796,0.0518953814298081,-0.179384824865955,0.438879683774595,0.0128719773163034,-0.0210681690351111,74.4193797416066,73.4998766375208,91.5545694730399,84.2305777582531
37.31,978.019579438801,-2.35319035930065,0.307974970790048,0.0501254686252744,-0.175009608316954,0.440725032103845,0.0127499440322551,-0.0204472364175125,74.3792962904516,73.4301024160003,91.1942405321218,84.042954670151
37.32,978.268969138069,-2.33774740505519,0.304504095498561,0.0483993987715224,-0.170617212731929,0.44260272455977,0.0126048489590325,-0.0198225308374903,74.3454873957078,73.3491595242748,90.8437486147799,83.8791777201311
37.33,978.518387425548,-2.32276807288506,0.300496111541743,0.0467173400227332,-0.166210797137272,0.443474490684433,0.0124380513063998,-0.01921315601827,74.3138213060413,73.2471567797167,90.504720338085,83.7537821376221
37.34,978.767833277756,-2.3082466768241,0.295981694291285,0.0450793863775988,-0.161795787350216,0.444624870006354,0.0122507460822582,-0.0185960263420393,74.281254879658,73.1169595284714,90.1744729144799,83.6586460916392
37.35,979.017305703782,-2.29417714273588,0.290999422186948,0.0434856486468,-0.157368493998601,0.445861627638125,0.0120444434144325,-0.0179800662216964,74.238695314176,72.9602100185167,89.8472335753737,83.5808502015615
37.36,979.266803743513,-2.28055301654865,0.28558179514462,0.0419362305233159,-0.152934693879565,0.445949021683105,0.0118204284903887,-0.0173752721308466,74.1762850445711,72.779290833794,89.5147557302121,83.5033687051848
37.37,979.516326459574,-2.26736751970614,0.2797638501063,0.0404311498494351,-0.148499700618674,0.446388457272419,0.0115800885918905,-0.0167601086073393,74.0924450809556,72.5678785816381,89.1758051055113,83.4233527188549
37.38,979.765872941409,-2.25461343765882,0.273590087253058,0.0389704438964836,-0.144060165803705,0.446834648822602,0.0113251879631938,-0.0161532386460796,73.9799089582103,72.322756712145,88.8262365302918,83.3379152694294
37.39,980.015442297875,-2.24228314978757,0.267100099934859,0.0375541572142876,-0.13961535462047,0.447485171816412,0.0110573043872885,-0.0155362859573805,73.837862225411,72.0420104454482,88.4643753190423,83.2413675442052
37.4,980.26503366189,-2.23036856586344,0.260340174356899,0.0361823373830857,-0.135168424498548,0.447327838747774,0.0107782911052457,-0.0149286202322061,73.6621366104923,71.7262103184543,88.08582721875,83.1292914821417
37.41,980.514646186542,-2.21886118592796,0.253350295362691,0.0348549641958829,-0.130725578230945,0.446817135186117,0.0104897456357469,-0.014313095446664,73.4453752520605,71.3774087780161,87.7018799696363,82.9985305786792
37.42,980.764279049215,-2.20775206494768,0.246176222827147,0.0335719732377132,-0.126292446796805,0.445480410047008,0.0101935226469917,-0.0137075454089056,73.1836844716842,70.9969088656354,87.308240094204,82.8447893915613
37.43,981.013931449282,-2.19703187686119,0.238855190974846,0.0323332322799146,-0.121873276704734,0.444300133572476,0.00989114094573862,-0.0130965165984986,72.8826222817256,70.5853121510898,86.8950143051749,82.6594937257401
37.44,981.263602604741,-2.18669092583815,0.231425587117038,0.0311386174775946,-0.117467240267218,0.442547704717575,0.00958416801635425,-0.0124977805328286,72.5435207674649,70.1570659053908,86.4572512906327,82.4276806402166
37.45,981.51329174796,-2.17671921479822,0.22391959865778,0.0299879414115598,-0.113084010070221,0.440103974922449,0.00927392770317076,-0.0118985994689155,72.17327950653,69.7127876037643,85.9968753532576,82.1564932827312
37.46,981.762998124781,-2.16710643777361,0.216371854833365,0.0288809545389001,-0.108728341653956,0.436894697378672,0.00896184079204788,-0.0113157653816476,71.776607073443,69.2524668183211,85.5181685075803,81.8566905855621
37.47,982.012720998487,-2.15784206202482,0.208809204811942,0.0278173297328586,-0.104408870180021,0.433050032443403,0.00864902415005359,-0.0107370824053093,71.3589732352291,68.7773491296307,85.0252582052403,81.5350048183953
37.48,982.262459651245,-2.14891534794145,0.201258638822949,0.0267966739515948,-0.100132715621047,0.428118919127252,0.00833659925050343,-0.0101786999012141,70.924380539714,68.2916479485293,84.5215091750465,81.1958024852766
37.49,982.512213387446,-2.14031542979867,0.193744048428108,0.0258184917408385,-0.0959103006334471,0.422364814858838,0.00802556640864071,-0.00962906045281049,70.4776277126021,67.7997703090751,84.0082368437328,80.8399198069387
37.5,982.761981533034,-2.13203126959811,0.186294480255621,0.0248821997229799,-0.0917509503232233,0.415472502179191,0.00771712841923002,-0.00910333121966163,70.0218831345877,67.3060605245767,83.4870685777467,80.4684360710355
37.51,983.011763434032,-2.12405177028684,0.178927091342423,0.0239871094290205,-0.0876641685044432,0.407889916095234,0.00741201798007957,-0.00859042555674976,69.5598854480558,66.8187198134588,82.9596014713077,80.07632978293
37.52,983.261558456377,-2.11636582808163,0.1716565641286,0.0231324522191175,-0.0836596060178476,0.398877170896841,0.00711086686764907,-0.00810420291358348,69.0937179619953,66.3494953251039,82.4287995139207,79.6580870484167
37.53,983.511365984102,-2.1089624468833,0.164492489861742,0.0223173329126275,-0.0797487665500374,0.389206822168266,0.00681409721415581,-0.00763371190747935,68.6297838111963,65.8950257137646,81.9004754251055,79.22962041321
37.54,983.761185423583,-2.10183069313034,0.157453680019107,0.021540781017369,-0.0759387532778029,0.378551179764984,0.00652249485601414,-0.00719115521314744,68.1724441814322,65.4531452362344,81.3785622100579,78.8005608785418
37.55,984.011016205028,-2.09495971352594,0.150555635499658,0.0208017354799922,-0.0722382540500433,0.367231343536046,0.0062367122910522,-0.00676594690158766,67.7243651423497,65.0233637184601,80.8641368541135,78.3752168144064
37.56,984.260857783332,-2.08833875415574,0.143813691755864,0.0200990606543128,-0.0686558257483,0.354818858137322,0.0059573922695559,-0.00636901871128636,67.2868459907054,64.6057982592493,80.3582436129809,77.954914913093
37.57,984.510709638943,-2.0819572574348,0.137234913245639,0.019431527759868,-0.065198376598798,0.342195364444686,0.00568484277556769,-0.00598934842267595,66.8605408875104,64.2011846927468,79.8607640649176,77.5399125203133
37.58,984.760571276703,-2.07580487663178,0.130829295526515,0.0187978812528367,-0.0618673343881644,0.329278855911729,0.00541948130330004,-0.00563141340814616,66.4456761815051,63.8104675171251,79.3722887438359,77.1295376044745
37.59,985.010442224172,-2.06987148395474,0.124606468890302,0.0181968314550196,-0.0586677896293679,0.315888808190451,0.00516171208078785,-0.00529939236867384,66.0429803559292,63.4338418633714,78.8927970300353,76.723670544266
37.6,985.260322027453,-2.06414715303082,0.11858155320185,0.0176270634160345,-0.0555976969318647,0.303051349306901,0.0049121556556196,-0.00498275707989565,65.6520397646551,63.0804456106756,78.4219827684175,76.3124147755863
37.61,985.51021024773,-2.05862214177654,0.112761799247023,0.0170872910973643,-0.0526575853576853,0.289736642876832,0.00467111699868592,-0.00468981608597009,65.280084491942,62.7534622082085,77.9528641622993,75.8940399448551
37.62,985.760106459529,-2.0532870269999,0.107146797876154,0.0165761979414644,-0.0498491560902432,0.276549968003776,0.00443858271363216,-0.00441144587276962,64.9326971064282,62.4479928646113,77.4914246751594,75.4849364717329
37.63,986.010010254328,-2.04813268334601,0.101739889666124,0.0160924708966159,-0.0471724673285868,0.263197875784818,0.00421468798552091,-0.004154171017221,64.6084696396618,62.1622443945247,77.0485776230116,75.0947696528064
37.64,986.259921247081,-2.04315031022238,0.0965409993982688,0.0156347881068299,-0.0446273571891538,0.250081442384534,0.00399943123290784,-0.00390930225694829,64.3047909084723,61.8947087046991,76.6270888873003,74.7264735516273
37.65,986.509839077475,-2.0383314038715,0.0915538438381567,0.0152018466958301,-0.0422117998739438,0.237126427251271,0.00379295894253492,-0.00368249192652927,64.0188765203676,61.6430493713484,76.2267075871183,74.3777959147702
37.66,986.759763407927,-2.03366777049437,0.0867795371080907,0.0147923694270795,-0.0399211198174798,0.224974522575257,0.00359530948016723,-0.00346607957367752,63.7475202875155,61.4057026450284,75.8453340093394,74.0464458395317
37.67,987.009693922685,-2.02915149483966,0.0822205938454687,0.0144051481402443,-0.0377491046127902,0.213121235552117,0.00340657443770319,-0.00326558417912281,63.4879642473742,61.1801804449332,75.4812831645026,73.7290067317499
37.68,987.259630324978,-2.0247749804041,0.0778728445285974,0.0140390114133438,-0.0356923096784652,0.20179084612016,0.00322658049153662,-0.00307500716522125,63.2378347285614,60.9645886337382,75.1316593743062,73.4237511689936
37.69,987.509572336656,-2.02053095434066,0.0737319755334904,0.0136928349540975,-0.0337462639256686,0.190749101533662,0.00305514741126365,-0.00289912983373532,62.9956713317613,60.7568103112847,74.7949064177721,73.1282227533643
37.7,987.759519695873,-2.01641248702933,0.0697910967766614,0.013365527421679,-0.0319074259106537,0.180219214733544,0.00289199313424852,-0.00273259400682042,62.7598230530892,60.5556507623557,74.4689481485067,72.8415100930575
37.71,988.009472155019,-2.01241296974545,0.0660449818355597,0.0130560429844629,-0.0301717947284065,0.169854714361493,0.00273690169348467,-0.00257958475422149,62.5298058831032,60.3599445317495,74.1534529894069,72.5624643596074
37.72,988.259429480264,-2.00852611381805,0.0624880686342494,0.0127633551132616,-0.0285378317622592,0.159821691779757,0.00258964607872955,-0.00243552514652313,62.3049431389756,60.1693033918402,73.8471122965835,72.2910997654077
37.73,988.509391449437,-2.00474592647539,0.0591158325418813,0.0124864716980593,-0.0270011919038922,0.150168351091601,0.00245003984901608,-0.00230366062241239,62.084540726135,59.9864855124857,73.5496046793949,72.0215841522231
37.74,988.759357849511,-2.00106672511052,0.0559206721365685,0.0122244358302377,-0.0255587184776111,0.140887235454912,0.00231777484193729,-0.0021799754029239,61.8676712655668,59.8156293586498,73.2610454844858,71.7513318733923
37.75,989.009328476161,-1.99748312818077,0.0528965287063898,0.0119763291479483,-0.0242062680892747,0.131998415493351,0.00219260173496282,-0.00206731908153662,61.656489272066,59.6528600535984,72.9845100232311,71.4881321061342
37.76,989.25930313574,-1.99399004313114,0.0500372817578856,0.0117412740646074,-0.0229393718340916,0.123634677719747,0.00207426836382603,-0.00196232952499843,61.4512104609896,59.4954182311761,72.7202006522372,71.2365366882005
37.77,989.509281646274,-1.99058264822095,0.0473366665999473,0.0115184417761125,-0.0217536081658082,0.115596983160008,0.00196251642518232,-0.00186748670959525,61.2515956303712,59.3411425390309,72.4678251000655,70.9966582288939
37.78,989.75926383737,-1.98725640345474,0.0447865356886532,0.0113070378504437,-0.0206456656267382,0.107948992605596,0.00185701307246253,-0.00177998405948512,61.0564226594719,59.189325857621,72.2256172483424,70.7676755706494
37.79,990.009249549905,-1.98400703782631,0.0423795049363365,0.0111063045716179,-0.0196120854184253,0.100572860901752,0.00175745539704995,-0.00170156140986676,60.8648222174608,59.0389152825377,71.9923556101959,70.5471952615612
37.8,990.259238634222,-1.9808305483045,0.0401075264405139,0.0109155129312908,-0.0186499547578549,0.093551492355464,0.0016635141216846,-0.00162969086122813,60.6755822763849,58.8896320652809,71.7661950736413,70.3338981122937
37.81,990.509230948854,-1.97772318285582,0.0379636488360652,0.0107339675193255,-0.017755980296252,0.0868101427702427,0.00157490299292759,-0.00156553386032884,60.4884238295343,58.7408434475001,71.5464509922582,70.1261818691393
37.82,990.759226359422,-1.97468143414845,0.0359408153281164,0.010561001648905,-0.016927294947009,0.0803897541997045,0.00149133158682661,-0.00150693791579452,60.3028618597163,58.5926704321987,71.3320059850461,69.9237214334456
37.83,991.00922473776,-1.97170201962905,0.0340333306524951,0.0103959795506659,-0.0161608627900172,0.0742566835986465,0.00141256329068312,-0.00145463082365077,60.1192786291388,58.4449143607847,71.1227969602879,69.7258204363872
37.84,991.259225961604,-1.96878187459182,0.0322351178721391,0.0102382953594069,-0.0154534360377705,0.0685001779467918,0.00133834566073505,-0.00140681255006186,59.9375628753784,58.2980022254764,70.9182153323272,69.5326469605827
37.85,991.509229913848,-1.96591813819116,0.030540915299003,0.0100873797360237,-0.0148012808685581,0.0631044854598642,0.00126845805232694,-0.00136352565723485,59.7581133313618,58.1521021367152,70.7183542575508,69.3439626203675
37.86,991.759236482188,-1.96310814287141,0.0289452971345039,0.00994269909262987,-0.0142009488430838,0.0580427234798349,0.00120267329912806,-0.00132457353765434,59.5814516548207,58.0074788963171,70.5233570596887,69.1596938007137
37.87,992.009245558996,-1.96034940632021,0.0274430417823495,0.00980375338093419,-0.013649037091448,0.0533431325257747,0.00114077232664445,-0.00128885812310962,59.4076660300536,57.8647274800205,70.3328481307332,68.9801678701968
37.88,992.259257040822,-1.95763961720519,0.0260294449235277,0.00967007791814623,-0.0131420453557505,0.0489781670390903,0.0010825565649612,-0.00125647350284651,59.2373613647055,57.7239931944893,70.1471355128805,68.8051234806274
37.89,992.509270828029,-1.95497662613871,0.0246997420162706,0.00954124153371917,-0.0126766566812635,0.0449505431625163,0.00102782523208869,-0.00122673333269555,59.0706900613014,57.585930061523,69.9659760650574,68.6349582574148
37.9,992.759286824712,-1.95235843488339,0.0234494841353613,0.00941684607125812,-0.0122496664526444,0.0412293338914562,0.000976390365195641,-0.00119960509372862,58.9082516944946,57.4507016007377,69.7897103195301,68.4694855825856
37.91,993.009304938509,-1.94978318723209,0.0222742975421401,0.00929652375348159,-0.0118581430581312,0.0377930966513101,0.000928067449647126,-0.00117472870335903,58.7501220841927,57.3188502599377,69.6180714048342,68.3090391536002
37.92,993.25932508025,-1.94724915922662,0.0211700673433872,0.00917993477826955,-0.0114994294567289,0.0346057548100139,0.000882682846818704,-0.00115193476520508,58.5969506307394,57.190492827312,69.4512140133976,68.1534470726237
37.93,993.509347163412,-1.94475475310803,0.0201324494464476,0.00906676443215593,-0.0111710411385623,0.0316887008573255,0.000840053965072143,-0.0011311221670598,58.4507004757791,57.0658024466197,69.2863034846322,68.0027450862226
37.94,993.759371103539,-1.94229848916024,0.0191576178477827,0.0089567245954446,-0.0108702435398341,0.0290296264788658,0.000800018432624062,-0.00111198739977889,58.3116642824518,56.9453423651331,69.1253572647887,67.857575152953
37.95,994.009396818433,-1.93987899630186,0.0182417074225387,0.00884955227917881,-0.0105947647550446,0.0265774216596387,0.000762413482288274,-0.00109464895582908,58.1790550208158,56.8301110307984,68.9701432364091,67.7189021371225
37.96,994.259424228971,-1.93749500662668,0.0173809969435256,0.0087450052431541,-0.0103426017727307,0.0243264115483022,0.000727082915298512,-0.00107867855069651,58.0527244621769,56.7201933170795,68.821608195263,67.5866997058198
37.97,994.509453259516,-1.93514534666096,0.0165720897913457,0.00864286084235522,-0.0101119021768859,0.0222440102956822,0.000693884167352328,-0.00106429627420988,57.9322463757363,56.6157648970502,68.6796163199779,67.4610869923893
37.98,994.759483837798,-1.93282893121697,0.0158118038083454,0.00854291347647782,-0.00990097992787497,0.0203402249297202,0.000662683981117529,-0.00105094599940943,57.8175504994664,56.5164839919374,68.544148016987,67.3415958210396
37.99,995.009515894723,-1.93054475397973,0.0150974225021892,0.00844497484427098,-0.00970817738899877,0.0185836912070159,0.000633368311272104,-0.00103896431885205,57.7082070717409,56.4223129607259,68.4146844303587,67.2280860723368
38,995.259549364157,-1.928291881995,0.0144263688775339,0.00834887161832409,-0.00953200842735264,0.0169889262816922,0.000605829435347135,-0.00102769780083704,57.6041481632059,56.3328931649132,68.2911044648094,67.1200576606443
38.01,995.509584203694,-1.92607394765924,0.0114530284842275,0.00824899343680072,-0.0116381083995262,-0.536610869885902,0.000488582618551601,-0.0104401924436478,57.7533326962154,56.0552287545475,68.3143983980418,66.9956876165688
38.02,995.759620128524,-1.92395491049017,0.00210657134783666,0.00809609943549769,-0.0190478392988879,-0.927435517798723,0.000122691378289925,-0.0153800268453732,58.5708944450385,56.0599117956614,68.6056734153299,67.8872554249174
38.03,996.00965654556,-1.92199090776596,-0.00927845141151792,0.00785098387685274,-0.0294934507145325,-1.16584870493544,-0.000320083905510177,-0.019346482733571,60.3586221412976,57.0562642730974,70.0266724157463,69.8802896592122
38.04,996.259693204415,-1.92021473969469,-0.0205595889659154,0.00748991465369647,-0.0418782428431148,-1.32059172236722,-0.000754903443733329,-0.0226517383549825,63.054921927513,59.1596124761958,72.6969008581727,72.9895382491999
38.05,996.509730435699,-1.9186487936645,-0.0305478204555204,0.00699768342703943,-0.0554610323669059,-1.40635995647565,-0.00113493781402866,-0.0252672877100488,66.3870518302222,62.1241131059933,76.4340146426267,77.0236681753186
38.06,996.759769191549,-1.9173090096587,-0.0385141418665902,0.00636578584951524,-0.0696616221999903,-1.44740095371916,-0.00143173790201579,-0.0275254551272719,70.0365870402664,65.597074660555,80.8089054645867,81.5682798011833
38.07,997.009810818714,-1.9162083830124,-0.0441601948013685,0.00559025759177431,-0.0840875424039097,-1.45167573690105,-0.00163397536292964,-0.0294001387767925,73.551313604602,69.058716736487,85.0998222247683,85.9316390577863
38.08,997.259856719997,-1.91535860397135,-0.0474168526348247,0.00467060620179095,-0.0984708243291101,-1.44287579693303,-0.00173941482357277,-0.0312747468268969,75.7299723658519,71.2325226965668,87.9257586950072,88.7023984457509
38.09,997.509907635044,-1.91477255462594,-0.0484772339057335,0.00360781388227595,-0.112702380726647,-1.42090639283066,-0.00175614826359584,-0.0330142488997591,77.9595298369863,73.4597101325094,90.8206315709595,91.5733827205345
38.1,997.759964088142,-1.91446456652984,-0.0475613974867976,0.00240397072563681,-0.126721315523056,-1.40382198570413,-0.00169326522483152,-0.035003259255989,80.2976358943056,75.795961206253,93.8380329689255,94.6042411072621
38.11,998.010026455612,-1.91445181602913,-0.0450047245596322,0.00106085438494243,-0.140568234127885,-1.38504831085196,-0.00156430886131524,-0.0369707972979364,82.7516070266389,78.2648452154519,96.9926536090827,97.8015260704219
38.12,998.260095002181,-1.91475348641581,-0.041017919819785,-0.000419694452922276,-0.154235414774471,-1.36925286663276,-0.00137785116793512,-0.0390834018827623,85.3139209283126,80.8683015608268,100.311849513438,101.189912760696
38.13,998.510169828792,-1.91539085003494,-0.0358933311515339,-0.00203621977712243,-0.167810211421248,-1.36851087717672,-0.00114559536667118,-0.0415548270115685,87.9762542667545,83.5894939379731,103.806630614712,104.801225285631
38.14,998.760250759604,-1.9163881503379,-0.0298767520016622,-0.00378848024055115,-0.181366970797418,-1.36246465294195,-0.000877341111109115,-0.0439307655063167,90.7659364721658,86.429291197595,107.474230454827,108.655958465952
38.15,999.010337475599,-1.91777034631867,-0.0230113709443371,-0.0056759512225679,-0.194873289817554,-1.36108819364188,-0.000574868371979841,-0.0466050543245665,93.7047658239437,89.3962369569659,111.302256293421,112.772147664001
38.16,999.260429323528,-1.91956345829208,-0.0153756914634683,-0.00769830561528194,-0.208313630142376,-1.34594536010561,-0.000241374775314222,-0.0490656053841328,95.9660257196026,91.6459729511083,114.314745530644,116.054827263408
38.17,999.510525081061,-1.92179260168673,-0.00688605499267141,-0.00985413525482216,-0.221589970376047,-1.33117243179016,0.000126351850578737,-0.0517634886670709,97.2854359486728,93.0118495912206,116.30127192298,118.166446917812
38.18,999.760622865022,-1.92448288905815,0.00242323486575367,-0.0121418115491298,-0.234659794234196,-1.30042811591446,0.00052686092814098,-0.0541445457065943,98.7020286902364,94.5547104444894,118.494947139468,120.44440226183
38.19,1000.0107207805,-1.92765782931189,0.0126756874609363,-0.0145583509900419,-0.247391378761758,-1.26582029410033,0.000964899164656134,-0.0567211648710951,100.186736778249,96.2719792115107,120.946895886878,122.93888193063
38.2,1000.26081682776,-1.93134005225361,0.0238679036776642,-0.0171001573429459,-0.259708275568177,-1.21408569025414,0.00144018647722204,-0.058906701638712,101.74630964104,98.1219418848846,123.595360397198,125.605085137471
38.21,1000.51090911218,-1.93555020059646,0.0360869769972132,-0.0197621701006917,-0.27148054615775,-1.15850708247076,0.00195601940324141,-0.0612766845047968,103.331645003835,100.073008597848,126.402541684774,128.419097203792
38.22,1000.76099563669,-1.940307836457,0.0492926788897792,-0.0225387443522977,-0.282642444892539,-1.0888206134576,0.00251064652950735,-0.0632115368227978,105.030458251854,102.157682342468,129.303167541197,131.338807878734
38.23,1001.01107450933,-1.94563071107431,0.063494840094971,-0.0254230604755405,-0.29310069045424,-1.01936220946163,0.00310421528940782,-0.0653370356254565,106.734915686536,104.35460904523,132.345523182362,134.359157885574
38.24,1001.2611437179,-1.95153580676401,0.0785959019180262,-0.0284081422544684,-0.302842011486594,-0.942231374025337,0.00373267007177755,-0.0669954220564458,108.466216491622,106.611655084534,135.49057969878,137.466642105274
38.25,1001.51120137179,-1.95803844751067,0.0945835128935169,-0.0314863615937339,-0.311807889144077,-0.865696723071334,0.00439531320018448,-0.0688486483561131,110.144716794562,108.867024054255,138.75829081197,140.698925237052
38.26,1001.76124547999,-1.96515310550662,0.111325613584432,-0.0346500580261252,-0.320005329887496,-0.787029677123976,0.00508674093566945,-0.0705646251300806,111.794736336009,111.088995887281,142.103555782709,144.037037751
38.27,1002.01127405455,-1.97289324675435,0.128768985865701,-0.0378914045106777,-0.327402878457554,-0.704436618757641,0.00580467146897273,-0.0717583764071766,113.452515480441,113.321367118617,145.479395484181,147.392204453278
38.28,1002.26128528039,-1.98127056339856,0.146881508214972,-0.0412022921814021,-0.334004361369491,-0.627720315771823,0.00654767705784634,-0.073152259625844,115.160756048223,115.69211318575,149.129132572017,151.015164228128
38.29,1002.51127732021,-1.99029585378727,0.165541577359608,-0.0445749941263711,-0.339829575723347,-0.547408130565334,0.00731079175315208,-0.0739994695429593,117.286833630894,118.481487787704,153.269281036861,155.192111450688
38.3,1002.76124870886,-1.99997876497018,0.184672892031617,-0.0480016158772486,-0.344876841573243,-0.47238437980473,0.00809084147423133,-0.0750440243279595,119.263228882805,121.145853605081,157.371637833619,159.326299701817
38.31,1003.0111979784,-2.01032827610171,0.204148357663082,-0.0514746203547747,-0.349171946483007,-0.395538901133711,0.00888268820811942,-0.0755174170912948,121.117846134366,123.642503291595,161.246095278203,163.207816113195
38.32,1003.26112378506,-2.02135235409561,0.223886822641405,-0.0549864737140375,-0.352734444204471,-0.326129987769689,0.00968300385569763,-0.0761879075791613,122.73164480615,126.032424533458,165.030064883132,166.867727622004
38.33,1003.51102464092,-2.03305835514092,0.243755394079283,-0.0585302450146957,-0.35562606817114,-0.260190544920343,0.0104865528856985,-0.0766688485481569,124.209617825542,128.34990249444,168.687324985603,170.317195349006
38.34,1003.76089905554,-2.04545306041953,0.263669748441748,-0.0620993919502047,-0.357872767788801,-0.195999921865434,0.0112900033077879,-0.0765374063197892,125.658891206629,130.611106043479,172.158114279119,173.538103029486
38.35,1004.01074575419,-2.05854209993863,0.283585339884562,-0.0656875814400462,-0.359506244368125,-0.137366620997467,0.0120916202703339,-0.0765959040004417,126.971132276931,132.791868791982,175.49146091266,176.577099406011
38.36,1004.26056337933,-2.07233047284428,0.303402493413232,-0.0692889488778294,-0.360563748117699,-0.0799108739456854,0.0128874707812562,-0.0760260432031436,128.344561523288,134.917630357779,178.534054672036,179.366342735047
38.37,1004.51035074582,-2.08682232166628,0.323074287797086,-0.0728978823195379,-0.361087392289458,-0.0302535996767966,0.0136758095219797,-0.0756423819055299,129.612690412877,136.999726385479,181.409971496676,181.931550797742
38.38,1004.76010655127,-2.10202122364568,0.342505505383284,-0.0765094352633321,-0.361139593957927,0.0154759814126992,0.0144529953110107,-0.0750356162324302,130.84087291225,139.100754136478,184.097449440474,184.216519087576
38.39,1005.00982953574,-2.11793033823987,0.36164185393186,-0.0801190496587918,-0.360741995986616,0.0604801138682462,0.0152169604113514,-0.0737722297284535,132.110218191857,141.2093187077,186.569705436543,186.226574107442
38.4,1005.2595187128,-2.13455191941045,0.380463778108912,-0.0837223552862834,-0.359931946979021,0.0984759062349677,0.0159670514009501,-0.0726887380458497,133.259111734372,143.268108550472,188.913679129221,188.036417760255
38.41,1005.50917304294,-2.15188766545989,0.398918627285769,-0.0873155131132804,-0.358743804853526,0.137581682248914,0.0167012979653589,-0.0709430141247988,134.454783098147,145.287453112689,191.015257399816,189.578144814127
38.42,1005.75879172179,-2.16993858895442,0.416975735401451,-0.0908947118064733,-0.357185447369662,0.1723168118942,0.0174185691173924,-0.0693740550187886,135.531588462702,147.234555071612,192.973129651325,190.919533139457
38.43,1006.00837385823,-2.18870535860047,0.434572293103119,-0.0944564683875535,-0.35528895760223,0.205781129882044,0.0181164884953238,-0.0675671962391051,136.581991461009,149.115763248138,194.732697842244,192.037792614723
38.44,1006.25791867403,-2.20818813487264,0.451699146580858,-0.0979974457327673,-0.353054332884554,0.241553799991688,0.0187947508952645,-0.0650918017964963,137.860397921991,151.125678225677,196.469010209698,193.136824646547
38.45,1006.50742582281,-2.22838615589586,0.468352218142558,-0.10151413479048,-0.350469366982257,0.275678311259361,0.0194532270828047,-0.0627994817225026,139.462991975505,153.534601380512,198.682492667506,194.706162896874
38.46,1006.75689507398,-2.24929828694919,0.484467534365979,-0.105003116275262,-0.347542694534576,0.310588022132063,0.0200894220544829,-0.0602776314198464,140.978088815953,155.763663448708,200.582849393441,195.958684149667
38.47,1007.0063263491,-2.2709229354364,0.500037149449859,-0.108460835690284,-0.344234583925299,0.353244040582912,0.0207030075557325,-0.057103311329442,142.485293878613,157.808988118254,202.090783489687,196.829798666171
38.48,1007.25571991394,-2.29325737598089,0.515064886884944,-0.111883105531294,-0.340494575602183,0.396370978100291,0.0212941154589559,-0.0541342765772564,143.797529309327,159.621557940788,203.276691760894,197.381159251918
38.49,1007.50507591819,-2.31629833051489,0.529484226188903,-0.115265589661907,-0.336310540374212,0.443027585527888,0.0218600898824754,-0.0509680854669555,145.003091999679,161.204725888049,204.105801724574,197.603835707894
38.5,1007.75439462927,-2.34004173564012,0.543302511736248,-0.118603528303231,-0.331604583516343,0.502503545093843,0.0224011207862392,-0.0471952316168822,146.190149736696,162.584791270037,204.566215714292,197.482730579748
38.51,1008.00367673091,-2.36448185552917,0.556536856495015,-0.121891071093034,-0.32628542724147,0.564990241736249,0.022917773891949,-0.0436749580519448,147.148252250145,163.730714545254,204.779560550091,197.104647574534
38.52,1008.25292278557,-2.38961204691784,0.569103096252792,-0.125121911437066,-0.320307263377428,0.635768905606351,0.0234066395491598,-0.040022637513655,147.979950610998,164.654798918492,204.719990720757,196.480737617517
38.53,1008.5021335061,-2.41542441884596,0.581017161957779,-0.128288821570671,-0.313526880942665,0.727707230206184,0.0238681575732278,-0.0358517897766479,148.777789599964,165.400247343878,204.392482622782,195.604683557386
38.54,1008.75131009501,-2.44190848247569,0.592301742380255,-0.131382770607199,-0.305799284466869,0.824090134893015,0.0243030345859761,-0.0320235584102479,149.340756888035,165.960066956467,203.925841326205,194.57135500362
38.55,1009.00045364912,-2.46905247954702,0.602801715113233,-0.134394063916586,-0.297069431856772,0.929813632404321,0.0247049926611232,-0.0281822925060431,149.779469330949,166.347828674104,203.313420510145,193.426086292062
38.56,1009.24956547799,-2.49684325035898,0.612466936039199,-0.13731199556412,-0.287185047443869,1.05764543883704,0.025071790202603,-0.0239704340481395,150.17540044684,166.584980669356,202.578767615699,192.200223957879
38.57,1009.49864739919,-2.52526489524718,0.621208945347185,-0.140124104430233,-0.276044080340501,1.17948315415705,0.0253996376946373,-0.0202377538860522,150.34595136402,166.45300170788,201.846330245042,191.209626559043
38.58,1009.74770096088,-2.55430123738788,0.62868106123821,-0.142818250673538,-0.263715313866992,1.29687584534365,0.0256746982905115,-0.0166476516293167,150.416104354469,166.269144284035,201.089179159613,190.179268923564
38.59,1009.99672771875,-2.58393602882049,0.634619706489328,-0.145382780152619,-0.25024384920617,1.40879671540302,0.0258864913513645,-0.013227863838359,150.42936001733,166.056677266789,200.345273705739,189.203709397211
38.6,1010.24572931137,-2.61415276551725,0.638806014560226,-0.147806424239044,-0.235629413665593,1.52800702206562,0.0260262869503824,-0.00963676427958349,150.461781607249,165.792288066291,199.616703008048,188.319310010794
38.61,1010.49470766622,-2.64493358681788,0.641023625569837,-0.150077659886459,-0.219931023853369,1.62223075151823,0.0260855550052756,-0.00665023077948944,150.384366401787,165.454653019083,198.969819847762,187.631861865485
38.62,1010.74366442406,-2.6762620677389,0.640813794706393,-0.152187083876716,-0.203388023290874,1.69768328437073,0.0260463557654578,-0.00392038710990214,150.319037102127,165.01480777245,198.355297293049,187.179348721476
38.63,1010.99260115852,-2.7081227075206,0.638020499402452,-0.154127122909255,-0.186122717071199,1.77041662310983,0.0259027246225037,-0.00108703515041623,150.327644278414,164.522631212466,197.761766722727,186.893407245385
38.64,1011.2415198327,-2.74049830142542,0.632604381399472,-0.15589087455128,-0.168260840099258,1.81336580163191,0.0256533639922489,0.00116437422235898,150.289975834817,164.018382849735,197.242706275062,186.78280077341
38.65,1011.49042230424,-2.7733724030123,0.624294677902112,-0.157474016950048,-0.150068680973595,1.83807108396088,0.0252879418302455,0.00319679304093104,150.293111209506,163.478397122384,196.745372894181,186.841866350848
38.66,1011.73931044658,-2.80672901938905,0.613068833702192,-0.15887419841885,-0.131718401550101,1.84529854579839,0.0248059163863315,0.00506585574934772,150.340809229024,162.909283756258,196.273594612169,187.051376781938
38.67,1011.98818642231,-2.84055087031653,0.599119970614253,-0.1600905944298,-0.113301851765362,1.85546244576977,0.0242151877712796,0.00713021270850836,150.468518562482,162.210062969075,195.819794869966,187.483803565254
38.68,1012.23705304436,-2.87481745807085,0.58271857322959,-0.161122461750516,-0.0948606954109587,1.84702436089161,0.0235267110990187,0.00882775166677818,150.579321941727,161.412311999406,195.41464574129,188.102464067923
38.69,1012.48591334338,-2.90950736125046,0.563915996533912,-0.161970634431985,-0.0765640622098812,1.82833253535083,0.0227428007532156,0.0105120507685126,150.727738696343,160.70817573246,195.009360294579,188.649783633845
38.7,1012.73477070461,-2.94459743325226,0.543066921123721,-0.162636861817716,-0.0584200724537883,1.82122023604415,0.0218776718168964,0.0125208116982237,150.923847204731,160.180779475192,194.612276655124,189.021885925622
38.71,1012.98362926808,-2.9800602383205,0.520590297284841,-0.163122090126532,-0.0403765467390878,1.80560757510282,0.0209480223326219,0.0143469450238519,151.084498732788,159.838887125418,194.272597191619,189.234461561801
38.72,1013.23249349136,-3.01586642077014,0.496655194958828,-0.163427836513965,-0.0224995237722511,1.79026186350142,0.0199606718315503,0.0162847666824207,151.258958490508,159.57019644245,193.975589842441,189.398662507139
38.73,1013.48136822252,-3.05198418702557,0.471652327085649,-0.163555477022047,-0.00469486931717163,1.79519409453045,0.0189310665891769,0.0186004781536543,151.461238298319,159.320378443286,193.750737995619,189.570096582864
38.74,1013.73025901428,-3.0883772944113,0.445982428335304,-0.163504728300249,0.0131643063310728,1.79797964315079,0.0178749967790138,0.0208068323387682,151.637670737167,159.134997305274,193.646170299911,189.744674943024
38.75,1013.9791717404,-3.12500730675785,0.419834465307817,-0.163275191259389,0.0310953406461758,1.81428880621455,0.016799916698218,0.0233350420833265,151.843452580863,159.006313093383,193.65209125678,189.943444808936
38.76,1014.22811273291,-3.1618325127884,0.393483821947448,-0.162865446807449,0.0491735538856699,1.82428593480352,0.0157166409378381,0.0257221242854032,152.088315215202,158.925524785093,193.765399891404,190.224076942754
38.77,1014.47708845403,-3.19880988880965,0.367003541507116,-0.162274410194227,0.0673660905863361,1.8408996178484,0.0146280548443041,0.0283353475637143,152.415468989932,158.921436982992,193.988221801219,190.569016038951
38.78,1014.72610558205,-3.23589430493499,0.340542831099977,-0.161500660097664,0.085671150570254,1.84364909387806,0.0135400189978295,0.0307339633603435,152.797418825341,159.01756605273,194.362887063833,191.014999606978
38.79,1014.97517066142,-3.27304114795929,0.313730999420005,-0.160544650400971,0.103653674985896,1.76564613602775,0.0124382038555665,0.0318520022785316,153.24121501276,159.182007713968,194.787348057395,191.711490163435
38.8,1015.22428923152,-3.31021382416139,0.285922133958574,-0.159413844658498,0.120682431486893,1.66113404396051,0.0112976546224513,0.0328421780266682,153.872801484217,159.304777348471,195.165024363723,192.593622121827
38.81,1015.47346638999,-3.34737901256054,0.257296897728225,-0.158118666246227,0.136611900385454,1.54562034413878,0.0101257880974579,0.0336341190475713,154.589571321244,159.358700897618,195.518950448798,193.580900665972
38.82,1015.72270715578,-3.38450357388422,0.228186253825293,-0.156670472965078,0.151420464072769,1.43923248788455,0.00893586647425257,0.0345590363273783,155.306440597701,159.472241056167,195.882771225947,194.467929276732
38.83,1015.97201662918,-3.42155265592166,0.199048699272065,-0.155079899743754,0.165197262493488,1.33795207247949,0.00774602585255536,0.0354502943480775,155.925783497531,159.683917768926,196.356651070182,195.24373859565
38.84,1016.22139986743,-3.45849039613379,0.17015162447495,-0.153357123204756,0.177944560218141,1.23071987079386,0.00656685070655496,0.0361512518333966,156.493918515845,160.066875555408,196.907189338625,195.857027342461
38.85,1016.47086167494,-3.49528171944761,0.141667028491581,-0.151512706242417,0.189643604332,1.12958598337903,0.00540511765694813,0.0369075070016329,157.121967069213,160.575419797176,197.458770803376,196.39853046605
38.86,1016.72040661275,-3.53189173487456,0.113836668893549,-0.149556750253919,0.200347024058599,1.02865688849488,0.00427027703608468,0.0375744285650706,157.780283305508,161.211132000068,198.080594232578,196.890592189623
38.87,1016.97003891971,-3.56828663508122,0.0867092194379461,-0.147499448239274,0.209990841141544,0.917195250980257,0.00316425220813411,0.0380276521503403,158.452955876563,161.99814898389,198.809432295015,197.354752097101
38.88,1017.21976239824,-3.60443515688168,0.0603437315033336,-0.145351722217396,0.218554399328728,0.813538650168852,0.00208937162186766,0.0384906647250013,159.126870263463,162.815338071635,199.661731691991,197.912471688342
38.89,1017.4695805691,-3.64030703005116,0.0349252173253254,-0.143123916547096,0.226106402535009,0.712623790427012,0.00105287392799167,0.0388606657944679,159.76286657214,163.795488705012,200.654427950551,198.402276453978
38.9,1017.71949665268,-3.67587325948312,0.0105450815457312,-0.140825995163902,0.232679428441909,0.616563983185765,5.84232387465172e-05,0.0391347912585449,160.429081271931,164.813370728228,201.7187475385,198.971386551338
38.91,1017.96951355149,-3.71110640983832,-0.0127280441440384,-0.138467501400005,0.23830908499841,0.521595259601494,-0.000891212536419703,0.039239811904051,161.041712108488,165.843418205828,202.947393727562,199.622401024703
38.92,1018.21963384417,-3.74598102748158,-0.0348589333535863,-0.136057796243161,0.243025165328559,0.433776035148311,-0.00179450316777185,0.0393516440975077,161.482220315496,166.961621985528,204.409082134991,200.262997447149
38.93,1018.46985982382,-3.78047303469788,-0.0557559025298528,-0.13360558398334,0.24690180814832,0.352291109125479,-0.00264757971706593,0.0393993643211282,161.75186062717,168.028487907545,206.096056652571,201.034071114084
38.94,1018.72019353665,-3.81455992588294,-0.075421529578904,-0.131118952536989,0.249987978249605,0.274064839449092,-0.00345019560703152,0.0393255714392513,161.873828209995,168.87201772395,207.966235946117,202.096144252883
38.95,1018.97063678965,-3.8482213281351,-0.0938609881369864,-0.128605554900157,0.252346071362113,0.206213267698128,-0.00420230598472917,0.0392717499770076,161.918509370138,169.422810215713,209.881654319401,203.444811502608
38.96,1019.22119115449,-3.88143821339347,-0.111038417856732,-0.126072115202023,0.254069291157633,0.145481040549274,-0.00490229888382947,0.0391800713816493,161.868416869145,169.896899077577,211.809510950124,204.772742155978
38.97,1019.47185793554,-3.91419329981749,-0.127023724017688,-0.123524668346057,0.255207111808258,0.0876254429588928,-0.00555252705037395,0.0390045730265102,161.689251052814,170.4765177822,213.754020967872,205.876477080405
38.98,1019.72263814612,-3.94647144831883,-0.141877088687922,-0.120968894960781,0.255801448691274,0.0367010928314498,-0.00615509257285564,0.0388532954882956,161.376599766344,170.977909486919,215.689765146489,206.950039615202
38.99,1019.97353254908,-3.97825907672704,-0.155625926916779,-0.118409858695375,0.255914322834601,-0.00939785184147774,-0.00671086187146758,0.0386799904801013,160.956674376519,171.243847286094,217.584829108523,208.143665410047
39,1020.22454172707,-4.0095443026767,-0.168343819230899,-0.115852097136679,0.255595417648771,-0.0508003847771966,-0.0072226413178594,0.0384491651230174,160.501597280033,171.129093493668,219.347874769845,209.566972085401
39.01,1020.47566608366,-4.04031713827748,-0.18010757096599,-0.113299665274945,0.254897935654317,-0.0855573149092086,-0.00769358336418594,0.0382373455057854,160.057120407172,170.73224510468,220.877764852766,211.065455080153
39.02,1020.72690582796,-4.07056912931267,-0.190971001709058,-0.110756010756972,0.253877979217512,-0.116120233090913,-0.00812592745671958,0.0380061091475867,159.608054410192,170.186302928828,222.171129264588,212.464643816878
39.03,1020.97826098153,-4.10029333181378,-0.201014554490781,-0.108224153960501,0.252570756732528,-0.143598531736553,-0.00852301296179468,0.0377291934133109,159.156525764251,169.645579254696,223.214816295073,213.594610989739
39.04,1021.22973131539,-4.12948444248483,-0.210324437969494,-0.105706755047959,0.251022077223842,-0.164448352929418,-0.00888861258947042,0.0374592874267933,158.715283066599,169.088621236606,223.995965568277,214.500448847478
39.05,1021.48131634693,-4.15813868095913,-0.218994147647826,-0.103205835849272,0.249300189083582,-0.17970630292581,-0.0092267527171425,0.037167167430425,158.30994550709,168.504222105041,224.530438260407,215.228852174882
39.06,1021.73301539588,-4.18625370665053,-0.227111110137462,-0.100722906604648,0.247440219135736,-0.192676541108687,-0.00954122567102855,0.0368304957803,157.99354618133,167.866384060151,224.803613666874,215.833570201353
39.07,1021.98482764212,-4.21382836966016,-0.234740100204637,-0.0982592188157778,0.245467821469319,-0.202608807714245,-0.00983492847229928,0.0364783419114699,157.799402908186,167.176576864323,224.798871208109,216.348337710477
39.08,1022.23675214564,-4.24086237645433,-0.241925842155471,-0.0958157443627896,0.243408099229794,-0.21071333106902,-0.0101099516218995,0.036090312267383,157.716613216124,166.451687166853,224.559121888801,216.775284538703
39.09,1022.48878786894,-4.26735618401852,-0.248714919221082,-0.0933932758175944,0.241274414694281,-0.217710781631016,-0.010368427084717,0.0356562531079709,157.745121252272,165.712799861609,224.114289513707,217.110904280553
39.1,1022.74093368983,-4.29331098875162,-0.255155984040835,-0.09099247470428,0.239082464880121,-0.222956061013319,-0.0106125386958355,0.0351919836370359,157.880417317121,164.988974894332,223.477082798479,217.359367044545
39.11,1022.99318841546,-4.31872857790092,-0.261277287272602,-0.0886138562909523,0.236841486743116,-0.228081705959506,-0.0108436622211818,0.0346833904468664,158.125965918512,164.335565028552,222.674097183103,217.462090214242
39.12,1023.24555079787,-4.34361115568397,-0.267100644946594,-0.0862579431140519,0.234544076901849,-0.234271146933979,-0.0110628317010469,0.034138963227985,158.467378950455,163.818102798949,221.723869070829,217.390138597975
39.13,1023.49801953643,-4.36796128013164,-0.272638892076832,-0.083925350706253,0.23218104967083,-0.241354694020679,-0.0112706690922589,0.0335552789918095,158.929079009847,163.390526915836,220.633665012593,217.211545174968
39.14,1023.75059330105,-4.39178177520768,-0.27789263507764,-0.0816167747485077,0.229745665742148,-0.249049668068159,-0.0114672992150208,0.032937199917058,159.499008387445,163.029188497447,219.443759115441,216.962290642248
39.15,1024.00327075446,-4.41507561558468,-0.282852232215165,-0.0793329778971531,0.227230501042054,-0.257589058897136,-0.0116524192137327,0.0322851427420081,160.144928692997,162.734356952368,218.185097185145,216.666843323025
39.16,1024.25605055921,-4.43784588416012,-0.287503559358616,-0.0770748087037663,0.224626762410025,-0.266909245248785,-0.0118255252702466,0.0316076664931519,160.849444822945,162.499465907742,216.895990765308,216.328612667959
39.17,1024.50893138594,-4.46009573222414,-0.291827766694596,-0.0748432002046107,0.221925535121781,-0.27721534209998,-0.0119859079791068,0.0309009141820639,161.588129573384,162.330738950223,215.595032761287,215.96014689085
39.18,1024.76191191818,-4.48182837939904,-0.295803651327291,-0.0726391801507626,0.219118126674774,-0.288151953520048,-0.0121327510397405,0.0301793288993521,162.347521433054,162.219847370817,214.310968243883,215.561395748703
39.19,1025.01499085387,-4.50304708187059,-0.29940704374793,-0.0704638492138555,0.216196396523819,-0.300179265590085,-0.0122651109487006,0.0294351772780784,163.107152472263,162.170777830737,213.055265723618,215.142794894203
39.2,1025.26816690972,-4.52375517589328,-0.302615003510005,-0.0683184019760276,0.213152206577461,-0.312697711277474,-0.0123820829804776,0.0286786292406455,163.854472840774,162.175374774675,211.847138163661,214.707096024809
39.21,1025.52143882059,-4.54395605537856,-0.30540030488453,-0.0662040903067278,0.209981315491177,-0.325462209516113,-0.0124825904871795,0.0279240068481198,164.575580903618,162.224649490584,210.705705962881,214.257540532378
39.22,1025.77480533816,-4.56365315321156,-0.307734354732398,-0.0641221863982993,0.206682244510736,-0.338523213074073,-0.0125655001420395,0.027157633236794,165.253672168883,162.320154722985,209.638071133604,213.804407856767
39.23,1026.02826523879,-4.58284997516608,-0.309591225451782,-0.0620739815480828,0.203255191176873,-0.351074223843042,-0.0126297809999889,0.0264019997061582,165.881543154968,162.449074984239,208.660628436175,213.348368630958
39.24,1026.28181732201,-4.60155007424008,-0.310946323555215,-0.0600607374122299,0.199701674963803,-0.363929879345272,-0.0126744400801583,0.0256402454670881,166.447989929209,162.602998636049,207.774266925925,212.910540765761
39.25,1026.53546042355,-4.61975713671031,-0.311779659448786,-0.0580837055859083,0.196027630513383,-0.375343947239688,-0.0126986307791163,0.0248953678273331,166.881652113477,162.728887052616,207.069463946053,212.534707957793
39.26,1026.7891934133,-4.6374749232739,-0.312076468785042,-0.0561440592448093,0.192234115604798,-0.387919638377268,-0.0127017477092539,0.0241482516462709,167.042111133993,162.862193930202,206.655671380565,212.186329808858
39.27,1027.0430151938,-4.65470750049272,-0.311838386130202,-0.0542430557541032,0.188312362221162,-0.40055821432298,-0.0126838489455135,0.0234226007825558,167.044015542997,163.016724022536,206.406774521434,211.823122531332
39.28,1027.29692469859,-4.67145917647528,-0.311051766178787,-0.0523819440002125,0.184269053942478,-0.412373347838082,-0.0126443896987687,0.0226998530029339,166.969975179998,163.202330697247,206.226985836016,211.432313017835
39.29,1027.55092088879,-4.68773445518504,-0.309705880477708,-0.0505618898446353,0.180114299166764,-0.422882384113033,-0.012582941176573,0.021991287873191,166.860572035116,163.410291063321,206.077187511202,211.011343892164
39.3,1027.80500273737,-4.70353799789992,-0.307786800785894,-0.048783912154647,0.17586849381504,-0.430489978329108,-0.0124989434482665,0.0213079234458106,166.780805221246,163.629444293405,205.885537706096,210.563783662788
39.31,1028.05916921425,-4.71887459211624,-0.305295733100619,-0.0470487508882888,0.171560831932936,-0.435724057371141,-0.012392419969335,0.0206256627727867,166.846954692631,163.856191895871,205.54310007185,210.101149966053
39.32,1028.31341930308,-4.73374934264086,-0.302253742691105,-0.0453569137123184,0.167211310723069,-0.439093191910749,-0.0122641941783032,0.0199623510167521,166.935922868712,164.084327195152,205.191687903631,209.634517871962
39.33,1028.56775199771,-4.74816764484877,-0.298681057733247,-0.0437087413803535,0.162830693360374,-0.442220551039256,-0.0121150420096183,0.0192934141937836,166.974933183949,164.316459295546,204.896372140587,209.175984296464
39.34,1028.82216632355,-4.76213524919555,-0.294606213184092,-0.0421045386709455,0.158420882208169,-0.445017024897227,-0.0119460564038568,0.0186378091267641,166.948298777683,164.54156516799,204.674651503925,208.729377217485
39.35,1029.07666134179,-4.77565822762715,-0.29005485101982,-0.0405445867182359,0.153982580338698,-0.447974599048695,-0.0117582196222767,0.0179744659634763,166.856022627346,164.757609025502,204.514054566511,208.29741149938
39.36,1029.33123614327,-4.78874303698155,-0.285058022853176,-0.0390291649844396,0.149518917221251,-0.450135581739206,-0.0115527328600253,0.0173234249387235,166.70390109798,164.953152480493,204.407971967769,207.87902912563
39.37,1029.58588985232,-4.80139646167844,-0.279643220930708,-0.0375584966618707,0.145033027067812,-0.452580661356896,-0.0113306623574992,0.0166651880217786,166.493687205256,165.127098284751,204.343652445826,207.475006660431
39.38,1029.84062161781,-4.81362570571536,-0.273848280984567,-0.0361328051702272,0.140527409446019,-0.453992882483096,-0.0110934906819695,0.0160188789428634,166.248100783423,165.26924090316,204.295457653747,207.083548672839
39.39,1030.09543061779,-4.82543836601007,-0.26770745011034,-0.0347522291385552,0.136011001457578,-0.45501068428523,-0.0108425650792367,0.0153669254188808,165.973573161479,165.380654978474,204.251073841388,206.703833701179
39.4,1030.35031604506,-4.83684247318716,-0.261261189500143,-0.0334168588922813,0.131488115725821,-0.455369684029646,-0.0105794761544185,0.0147273543092558,165.663081560059,165.45533035841,204.220297934628,206.336698004888
39.41,1030.60527712413,-4.84784643741342,-0.254544947048162,-0.0321267268867461,0.126963375189398,-0.455546213404534,-0.0103056231319553,0.0140840709696408,165.311319310674,165.494850142364,204.20203106335,205.981383014188
39.42,1030.86031310377,-4.85845909358615,-0.247600416895578,-0.0308818468630422,0.12243880555883,-0.455209570852237,-0.010022640988058,0.0134553937013434,164.921032248552,165.479887020143,204.196289328484,205.654566129804
39.43,1031.11542326681,-4.86868962665919,-0.240458355728624,-0.0296821747759283,0.11792177153875,-0.454197615636523,-0.00973175873591741,0.0128272504145343,164.495449476927,165.396746187793,204.192725383107,205.366778700707
39.44,1031.37060692163,-4.87854757318471,-0.233157602238315,-0.0285275877791012,0.113423482140411,-0.45138690514797,-0.00943453640365422,0.012217349302363,164.040992010489,165.261746602599,204.184427510279,205.092698925023
39.45,1031.62586339879,-4.88804281347439,-0.225737131382207,-0.0274178087617322,0.108957421849123,-0.448063913042363,-0.00913254605553243,0.0116118911684213,163.57412433377,165.088936710653,204.147688292074,204.819044426091
39.46,1031.88119204856,-4.89718558737726,-0.218238183417122,-0.0263524938972693,0.104528635661089,-0.443903287371917,-0.008827440256022,0.0110195131487835,163.12336619084,164.879945815093,204.059292516504,204.543469963842
39.47,1032.1365922402,-4.9059863938202,-0.210688000724525,-0.0253312174124903,0.100147873880582,-0.438413724688761,-0.0085203252780605,0.0104496941126237,162.6742697694,164.637138145714,203.938600694565,204.264481385888
39.48,1032.39206336493,-4.91445584509952,-0.203109442436576,-0.0243534343667179,0.0958253324759103,-0.432264702077537,-0.00821213920965755,0.0098899083021298,162.216740416465,164.367261664353,203.796280181053,203.981287744625
39.49,1032.64760483047,-4.92260471930342,-0.195533981697636,-0.0234185150365318,0.091571507474803,-0.424668554222028,-0.00790415748004204,0.00935553030987566,161.751213254639,164.073288773387,203.637415577994,203.691959977931
39.5,1032.90321606378,-4.93044390905087,-0.187988942648088,-0.0225257078414178,0.0873961396430241,-0.416587419630808,-0.00759749156216428,0.00883479729574179,161.279579010484,163.760234319311,203.461254307872,203.39649896973
39.51,1033.15889651011,-4.93798442969349,-0.180502890520935,-0.0216741899970061,0.0833085764127915,-0.406952073591021,-0.00729329789010121,0.00834183547690984,160.807178418736,163.43002275506,203.269085419236,203.095425325536
39.52,1033.41464563547,-4.94523730041134,-0.173095266039123,-0.0208630050267576,0.0793211081415583,-0.396656122508248,-0.00699238063821201,0.00786521625114333,160.345422199454,163.088333696531,203.04825465125,202.786422532572
39.53,1033.67046292681,-4.95221351702404,-0.165786254145201,-0.0200911146925502,0.0754424252255007,-0.384928304182264,-0.00669557080365218,0.00741704841210221,159.929995079038,162.735403415685,202.767042731948,202.468862294744
39.54,1033.92634788308,-4.95892397999911,-0.158593860631959,-0.0193573567469177,0.0716837113362934,-0.372778991543646,-0.00640360483772349,0.00698576035097432,159.545712257919,162.377098499684,202.447796308477,202.144747073511
39.55,1034.18230001912,-4.96537951679168,-0.15153927163334,-0.0186605152586235,0.0680491826748616,-0.359855465902465,-0.00611733552259689,0.00658202274629235,159.177027395941,162.014843038118,202.110760409016,201.816279078335
39.56,1034.43831886434,-4.97159082144467,-0.144639445081564,-0.0179993097105985,0.0645440654511085,-0.346996294183945,-0.00583744884725712,0.00619480077059936,158.816470102997,161.653138580287,201.766932831873,201.485283438639
39.57,1034.6944039666,-4.97756847765463,-0.13791523677683,-0.0173724674629775,0.0611651711267214,-0.334125935925317,-0.00556477146189113,0.0058339861926308,158.464200881332,161.293169466305,201.418439110468,201.151277518027
39.58,1034.95055489388,-4.98332289642181,-0.131377395537636,-0.0167787029181914,0.0579170270668376,-0.320760639557417,-0.00529974244224347,0.00548991566687171,158.12066641604,160.960810983772,201.064388306031,200.788302460038
39.59,1035.20677122668,-4.98886429850738,-0.125039093156628,-0.0162166885179257,0.0548033083152881,-0.307056644422066,-0.00504288156468497,0.00517132279149048,157.788550324817,160.653530811892,200.705624999297,200.403971508667
39.6,1035.46305256463,-4.99420263727418,-0.118904432836895,-0.0156850660917835,0.0518253786988145,-0.293524112382007,-0.00479435261875611,0.00486757087201229,157.469570748452,160.361063768506,200.34251408653,200.012005775558
39.61,1035.71939851746,-4.99934759232495,-0.112980160841317,-0.0151824899481889,0.0489819358054793,-0.27983764551897,-0.00455442478645211,0.00458613618175541,157.186883496367,160.077239848029,199.950988143207,199.618944413171
39.62,1035.97580871305,-5.00430853466876,-0.107268193451304,-0.0147076044242696,0.0462737603231378,-0.266449534738387,-0.00432317503183577,0.00431744284072279,156.949996187213,159.799879360952,199.52664173623,199.229135073794
39.63,1036.23228278762,-5.00909455234357,-0.101774757475542,-0.0142590797780277,0.0436974150262242,-0.253161221229157,-0.00410084014228253,0.00406806212308113,156.737164032418,159.528674520414,199.095472085647,198.846974899513
39.64,1036.48882039796,-5.01371442833722,-0.0965021314056975,-0.0138355996105269,0.0412517331614889,-0.240241422256485,-0.00388750476290487,0.00382966274649821,156.534266429941,159.265015211915,198.671824331576,198.472780149426
39.65,1036.74542121754,-5.01817665954313,-0.0914538035164871,-0.0134358828600164,0.0389324784149149,-0.227601448164281,-0.00368329681521735,0.00360829894922396,156.335557000806,159.00771766613,198.259714298681,198.106446689651
39.66,1037.00208493405,-5.02248942962133,-0.0866303587337729,-0.0130586793402503,0.0367361994078803,-0.215557326679997,-0.00348823078960545,0.00339661392451564,156.140230980827,158.75669514132,197.861445422053,197.748403897968
39.67,1037.25881125568,-5.02666062993456,-0.0820319961177696,-0.0127027938212132,0.0346573532503719,-0.203869477432092,-0.00330230309509955,0.00320026333197469,155.948785020673,158.510079410429,197.47063129254,197.398356342018
39.68,1037.51559990222,-5.03069781803759,-0.0776542331345457,-0.0123670708304286,0.0326918745215842,-0.192751066599344,-0.00312532900564099,0.00301300558494792,155.761449541298,158.267311124536,197.088000132176,197.055968848781
39.69,1037.77245060923,-5.03460823162332,-0.0734930649830854,-0.0120504086746753,0.0308344564942584,-0.182036517832996,-0.00295714064947988,0.00283997412727898,155.578298398868,158.027546555593,196.71252568118,196.721108590245
39.7,1038.02936312494,-5.03839877133342,-0.0695419301401804,-0.0117517496677037,0.0290804386386113,-0.171894105234804,-0.00279747117312658,0.00267580459260846,155.398644796621,157.790312716813,196.343960465859,196.39312786209
39.71,1038.28633720889,-5.04207602143389,-0.0657950198646561,-0.0114700848060385,0.0274261645704557,-0.161891100431076,-0.00264608367302896,0.0025252116134178,155.222077243636,157.555474317253,195.982187625471,196.071738940964
39.72,1038.5433726328,-5.04564623341594,-0.0622439663206469,-0.0112044264170407,0.0258691214803259,-0.152333449509784,-0.00250264272238489,0.00238340116956082,155.047851639937,157.323282213493,195.627479484786,195.756021326456
39.73,1038.80046917749,-5.04911533841435,-0.0588811350443421,-0.0109538270768065,0.0244052440906427,-0.143056674365027,-0.00236683974435775,0.00225410279361202,154.875653699,157.093387677725,195.27971627437,195.446286347396
39.74,1039.05762663262,-5.05248893793757,-0.055697246622957,-0.0107173700024849,0.0230313892237996,-0.134214330684814,-0.00223830313023042,0.00213312209969623,154.705356577731,156.865928980198,194.93948338147,195.142492736091
39.75,1039.31484479808,-5.05577232658773,-0.0526850308170328,-0.0104941804448649,0.0217430339124626,-0.125790631322527,-0.00211673786436076,0.00202200128181568,154.536908116262,156.640589135704,194.606424963171,194.844771895257
39.76,1039.57212348145,-5.05897050428302,-0.0498364430874524,-0.0102834239150813,0.0205368114885099,-0.117578819279234,-0.00200182129383884,0.00192189074212949,154.379516032557,156.417116937721,194.269500681373,194.552942514515
39.77,1039.82946249594,-5.06208817335658,-0.0471427626655996,-0.0100842875202541,0.019410883379301,-0.109655051981405,-0.00189320567128984,0.00182924682513075,154.237282137428,156.195234086554,193.926961148026,194.267361839294
39.78,1040.08686166008,-5.06512975578133,-0.0445967575041405,-0.00989598653725885,0.0183620716578671,-0.102011235591083,-0.00179059882815109,0.00174610395046748,154.100329592029,155.975672892698,193.590098935391,193.989571021176
39.79,1040.34432080019,-5.06809939853501,-0.0421909550869336,-0.00971776643352225,0.0173869615603536,-0.0948037552649758,-0.00169369895996136,0.00166937055052697,153.962642199707,155.758478155598,193.265103339339,193.719474490588
39.8,1040.60183974931,-5.07100099643822,-0.0399192266132335,-0.0095489142189752,0.016481392411683,-0.0879545774015118,-0.00160225541455951,0.00160078722840845,153.822182938924,155.543611815667,192.953325123223,193.457463141093
39.81,1040.85941834737,-5.07383819792943,-0.0377747992023773,-0.00938875333836549,0.0156417403866724,-0.0815107975292664,-0.00151599277034856,0.0015378169090276,153.679248147817,155.330875205324,192.654413057513,193.203103275589
39.82,1041.11705644166,-5.0766144193521,-0.0357512682485527,-0.00923664543716667,0.0148645402038854,-0.0753143305023297,-0.0014346498414928,0.00148182420991199,153.53445379056,155.120713334423,192.366598800545,192.955429298232
39.83,1041.37475388436,-5.07933284425993,-0.0338415372019019,-0.00909197811152013,0.0141472860100598,-0.0694729067828894,-0.0013579391290293,0.00143062510877917,153.388208933003,154.923060407803,192.088835652036,192.702666295632
39.84,1041.6325105326,-5.08199644170741,-0.0320399651262208,-0.00895417352564783,0.0134861481573458,-0.063966887571923,-0.00128562687258068,0.00138507178481808,153.240940348215,154.735745980442,191.820666133482,192.449118199996
39.85,1041.89032624723,-5.08460797285806,-0.0303402399993861,-0.00882268772780241,0.0128778549188436,-0.0588241124380645,-0.00121745439322107,0.00134333979179077,153.093466816637,154.552973231374,191.562245664081,192.200515873081
39.86,1042.14820089378,-5.08717000514644,-0.0287368907306991,-0.0086970118688805,0.012318959902077,-0.0539925736418467,-0.00115319567053723,0.00130610882774499,152.946007458327,154.372331202246,191.312922913309,191.959540267102
39.87,1042.40613434255,-5.08968492134809,-0.0272244656894991,-0.00857666888623833,0.0118062459881727,-0.0495161307322009,-0.00109262587893369,0.00127191371412787,152.798899457609,154.192857837509,191.072724550659,191.726640117543
39.88,1042.66412646849,-5.09215493549883,-0.0257982632369203,-0.00846121600382949,0.011336359374817,-0.0453437898757433,-0.00103554945704904,0.00124128616648015,152.651993549431,154.014589521573,190.841078551458,191.501879683937
39.89,1042.9221771509,-5.09458210154724,-0.0244535442067915,-0.00835024124090241,0.0109062490979571,-0.041496622637078,-0.000981770207001062,0.00121314675560278,152.505455084827,153.837578704435,190.617895203486,191.284469169097
39.9,1043.18028627289,-5.09696832678932,-0.0231861328270977,-0.00824336417909233,0.0105128525548507,-0.0379275212042427,-0.000931114344268946,0.00118790366377517,152.359280916759,153.662284109865,190.402491758577,191.074094968251
39.91,1043.43845372106,-5.09931538002326,-0.0219918532745974,-0.00814023230440472,0.0101534692894945,-0.034638569175751,-0.000883409110353344,0.00116477742839348,152.21393124515,153.488917659194,190.194668815966,190.870023869919
39.92,1043.69667938593,-5.10162490306415,-0.0208669924967737,-0.00804052041689243,0.00982545329884463,-0.0315933799215784,-0.000838500394226506,0.00114403869094488,152.06953399652,153.31788732537,189.993592497861,190.671943280431
39.93,1043.95496316108,-5.1038984183851,-0.0198078893115164,-0.00794392774543775,0.00952642980243219,-0.0287910172626499,-0.000796237048970967,0.00112512704664785,151.926567934456,153.149289267701,189.798956475344,190.47913220695
39.94,1044.21330494285,-5.10613733891619,-0.0188112592888721,-0.00785017716456078,0.00925412818996104,-0.0261991967544715,-0.000756483274571994,0.00110818227851072,151.785241885535,152.98357871016,189.610070372117,190.291443561146
39.95,1044.47170462998,-5.10834297520105,-0.0178739176573069,-0.00775901271552419,0.00900648181492157,-0.0238164379919567,-0.000719107973816795,0.00109281418182261,151.646113065318,152.820923644291,189.426831292511,190.108379896809
39.96,1044.73016212386,-5.11051654371182,-0.0169929859022763,-0.00767019884535007,0.0087815274399116,-0.0216191284433765,-0.000683992609064373,0.0010790360414613,151.509372531392,152.661767034703,189.248678195323,189.929896370309
39.97,1044.98867732808,-5.11265917355749,-0.0161657192477746,-0.00758351847632096,0.00857747361543156,-0.0195996769543391,-0.000651024560950066,0.00106659351010863,151.37548467831,152.506190973555,189.075516763111,189.755535121456
39.98,1045.24725014838,-5.11477191346348,-0.0153896171066448,-0.00749877204652702,0.00839261840311211,-0.0177448394962678,-0.000620101273313346,0.00105538246016488,151.244609487887,152.354606391279,188.906914024502,189.585351436143
39.99,1045.50588049242,-5.11685573804583,-0.0146623340599024,-0.00741577630335845,0.00822538066369819,-0.0160453779328734,-0.000591126794419833,0.00104525985446619,151.117192856635,152.207082200801,188.742889336749,189.419033012995
40,1045.76456826986,-5.11891155355372,-0.0139816832137555,-0.00733436333611991,0.00807426633501051,-0.014491349751501,-0.000564011826904122,0.0010360896923493,150.993383548297,152.063861405428,188.583149056357,189.256558447455
40.01,1046.02331335184,-5.12094335160048,-0.0149625839519248,-0.00725812705153951,0.00638630086800193,-0.389203152940865,-0.000599565465540776,-0.00532882137481059,150.700843286826,152.122829248825,187.822547977681,189.684578552753
40.02,1046.28211511496,-5.12299697692366,-0.0207581325423587,-0.00722135601992438,0.000691437171550108,-0.757785769259982,-0.000816523518684094,-0.0104781620554716,151.136101224023,151.548226948862,186.585595793197,190.577855230534
40.03,1046.54097238607,-5.12512462511426,-0.0293921926273492,-0.00726034189435677,-0.00826824170734779,-1.04348486449065,-0.00113856846903302,-0.0149695574860722,151.830198808625,150.868702899129,185.412413721261,191.628022653691
40.04,1046.79988382535,-5.12736685378103,-0.0390004007438551,-0.00740321122416876,-0.0196644925510761,-1.24533720171471,-0.00149408756468548,-0.018688268807606,152.515385712535,150.379719749997,184.708643873854,192.698251432978
40.05,1047.05884821348,-5.1297538990093,-0.0481371039462019,-0.00766992154927957,-0.0327306251234627,-1.37965909462208,-0.00182785979862268,-0.0218164708171491,153.091621419347,150.196516426354,184.578563302657,193.759107989035
40.06,1047.31786455922,-5.13230874366021,-0.0558254926515931,-0.00807361610313442,-0.0468252662119231,-1.45122317344263,-0.00210285569586365,-0.0243141091049448,153.585953409487,150.297757823871,184.937261895427,194.790331997901
40.07,1047.57693214225,-5.13504900508396,-0.0614481508350614,-0.00862144247699585,-0.0614349739449412,-1.48621943746792,-0.00229594373815611,-0.0265392817517498,154.011084458888,150.62804879504,185.621192154469,195.790022897308
40.08,1047.83605037779,-5.13799027427641,-0.0647982360226461,-0.00931674541769436,-0.0762321358416865,-1.4886935893043,-0.00239972782334468,-0.0284168756473311,154.415174584874,151.088737471674,186.481915517363,196.746451328631
40.09,1048.09521875197,-5.14114732867173,-0.0658490238769368,-0.0101598747602873,-0.090994752998849,-1.48315288414397,-0.00241368408637223,-0.0303482076061285,154.795723779828,151.615358438624,187.397162045659,197.693858559314
40.1,1048.35443665576,-5.14453651388519,-0.0648113593065832,-0.0111501665215455,-0.105648766010751,-1.46577580947754,-0.00234628382654188,-0.0321454979070277,155.19490478943,152.138534248916,188.315780419102,198.646549404402
40.11,1048.61370336072,-5.14817563944631,-0.0618884415402383,-0.0122860030709609,-0.120142261509596,-1.45477795933335,-0.0022056487298282,-0.034204080711071,155.585587890556,152.669665936935,189.21931002707,199.642118032726
40.12,1048.87301787394,-5.15208537252898,-0.0573964288747792,-0.0135661667340206,-0.134514226177418,-1.43946959015542,-0.00200410327942314,-0.0362005454117008,156.079686661937,153.229712976262,190.064999152457,200.658628136327
40.13,1049.13237898989,-5.1562880541527,-0.0515151414759332,-0.0149892102347534,-0.148756972314462,-1.43207615442317,-0.0017487318285191,-0.0385220868468051,156.621634145009,153.87388380089,190.928237124858,201.751584405056
40.14,1049.3917851795,-5.16080832998273,-0.0444743364868299,-0.0165542548307458,-0.162904462708671,-1.41782152580459,-0.0014484616590553,-0.0407325067363862,157.263481469673,154.573679866291,191.879791512898,202.980302330708
40.15,1049.65123477589,-5.16567152214966,-0.036349645814504,-0.0182599905691162,-0.176929488738624,-1.41068535032264,-0.00110631298418819,-0.0432431858095684,157.949297989197,155.350998193418,192.972639182061,204.409038995783
40.16,1049.91072582827,-5.1709043806603,-0.027283486109952,-0.0201055160081788,-0.19083994235735,-1.39129148201882,-0.000727814829028388,-0.0455427487416432,158.71125428851,156.198954320363,194.275513678995,206.033533566045
40.17,1050.17025632134,-5.17653322329942,-0.0172488503602062,-0.0220890358943945,-0.204559119388041,-1.37475568037702,-0.000312030314241166,-0.0480893457177211,159.515011297488,157.141652542948,195.763316239623,207.884197360942
40.18,1050.42982400435,-5.18258474501976,-0.00631224873897404,-0.0242086975893413,-0.218046864363992,-1.34158978702974,0.000138411712731345,-0.0503233329479836,160.476169866573,158.220836748245,197.391048753501,209.861935885565
40.19,1050.6894266478,-5.18908431492958,0.00560122357969131,-0.026461316419742,-0.231189162416438,-1.30842748352923,0.000626207604525734,-0.0527635084398896,161.440277245778,159.451632919352,199.238656745159,211.99523233931
40.2,1050.94906180942,-5.19605689060567,0.0184580832260987,-0.0288433732496998,-0.243923958774982,-1.25617939054161,0.0011499417089,-0.0548140103341129,162.454241106232,160.779712814362,201.315570183194,214.262698135054
40.21,1051.20872718477,-5.20352543316136,0.0323429565051767,-0.0313498127307286,-0.256118984135741,-1.20260305732888,0.00171266115370856,-0.0570525343306217,163.397042139207,162.18234031894,203.622193424312,216.688478116623
40.22,1051.46842031753,-5.21151200762656,0.0472072123951884,-0.0339751678004173,-0.267721378200142,-1.13323875816915,0.00231234351374236,-0.0588511961506446,164.359388004394,163.61851138282,206.100305221629,219.20542178655
40.23,1051.72813895282,-5.22003659846446,0.063089374622465,-0.0367126524492774,-0.278618031472958,-1.06396143426998,0.00295028489208402,-0.0608386096160195,165.519932197828,165.342265305709,208.92984482981,222.115912147683
40.24,1051.98788072288,-5.22911828003378,0.0798977390767691,-0.0395552503610678,-0.288782959998541,-0.983337470017307,0.003622788463897,-0.062352345291624,167.016236314216,167.320134273561,211.988868946074,225.302495071823
40.25,1052.24764360602,-5.23877419820058,0.0976315420538691,-0.042495044624464,-0.298141951428244,-0.904221189160884,0.0043295568174908,-0.0640615836685213,168.341063625772,169.189300999918,215.037684352231,228.471726357529
40.26,1052.5074253941,-5.24902053340656,0.116170685410791,-0.0455240697392374,-0.306684632958957,-0.817006309217932,0.00506578640763757,-0.0652666795147293,169.575177350178,170.898344324811,218.031546949533,231.538199361945
40.27,1052.76722401453,-5.25987181672156,0.135478255951052,-0.0486337977549962,-0.314381496382983,-0.736561893902359,0.00582985015244295,-0.0666726994402338,170.557929547305,172.424037090534,220.991476688072,234.543052080509
40.28,1053.02703717321,-5.27134151361495,0.155440052317537,-0.0518160975415268,-0.321260163738223,-0.650284715208962,0.00661722614594972,-0.0675460711926391,171.480994631412,173.842276289718,223.846727623669,237.363593694862
40.29,1053.28686277469,-5.28344159683917,0.175984665748788,-0.0550625175109291,-0.327302164670172,-0.570086944007784,0.00742497468493096,-0.0686192236390038,172.188532799671,175.129110202255,226.64255311171,240.086540258531
40.3,1053.54669851333,-5.29618336183332,0.19694963768344,-0.0583650180356182,-0.332553212193508,-0.490973591986559,0.00824675921600027,-0.0695251957348194,172.79134674673,176.267374585472,229.348247262473,242.719577706232
40.31,1053.80654212281,-5.30957731641709,0.218247604391806,-0.061715720353806,-0.337011354845117,-0.409701722629546,0.00907909599319763,-0.069852397748514,173.399707561648,177.276921330383,231.924736836833,245.211072888986
40.32,1054.06639162223,-5.32363245570981,0.239811583739808,-0.0651065987108033,-0.340677851762162,-0.333451093645001,0.00991930945975368,-0.0703823204294691,173.797479948355,178.156598387338,234.411870968489,247.560333589358
40.33,1054.32624488263,-5.33835707224202,0.261504823344732,-0.0685300611764725,-0.343599787072423,-0.258938276815691,0.0107621070507179,-0.070320075612101,174.123942860588,179.025261660752,236.769809789048,249.565645000168
40.34,1054.58610001394,-5.35375835543295,0.283246802974699,-0.0719787604538372,-0.345809449537878,-0.191136697429024,0.0116044352133512,-0.0704596787095718,174.207806439475,179.832284254757,239.013289179448,251.317614461018
40.35,1054.84595497509,-5.36984291344788,0.304913760367852,-0.075445929048084,-0.347357324860986,-0.125027033942172,0.0124416238872572,-0.069987185351651,174.303849727543,180.582001956232,241.005532441257,252.733266453631
40.36,1055.10580796523,-5.38661627561514,0.326449158507199,-0.0789250708863975,-0.348279993053757,-0.0659051602221338,0.0132715580629541,-0.0697135611611086,174.251433179682,181.254165914911,242.771127689,253.895818048008
40.37,1055.3656570291,-5.40408338142505,0.347734619145885,-0.0824103080903969,-0.348638115571319,-0.0110307551071861,0.0140898150949875,-0.0692328513735001,174.587058086834,182.251086449984,244.719560017882,255.324916227411
40.38,1055.62550041122,-5.42224851435324,0.368721619037105,-0.085896186813067,-0.348459111680925,0.0427183154522557,0.0148946689630798,-0.0681131585791853,175.022492104764,183.30393734553,246.370484835295,256.338854884648
40.39,1055.88533671821,-5.44111479192043,0.389370879595449,-0.0893774429921549,-0.347777389848844,0.089363975823282,0.0156847403354934,-0.0671914194772004,175.222195089181,184.291441056719,247.729380613886,256.916239872623
40.4,1056.14516438045,-5.46068482397508,0.409604267851822,-0.0928493945322423,-0.346637808830802,0.13629045282011,0.0164571991025027,-0.0656271195985297,175.409110960643,185.189023860743,248.690860856477,256.991023714883
40.41,1056.40498205774,-5.48096030575924,0.429392418442834,-0.0963074681242816,-0.345058740586644,0.176606587564459,0.0172110571614489,-0.0642607315883583,175.360207465946,185.962604107919,249.372210019342,256.690748613737
40.42,1056.6647882039,-5.501942415157,0.44866357308212,-0.0997476529565504,-0.343100436563536,0.213741009556227,0.0179437624929611,-0.0626777572884201,175.23392343522,186.64366778413,249.744226838957,256.020035544994
40.43,1056.92458133516,-5.52363175064991,0.467400212221553,-0.103166222638928,-0.340762333960319,0.254024876536019,0.0186547494267117,-0.0604433190316865,175.180377602447,187.27710801019,249.796858818362,254.972901211573
40.44,1057.18436031354,-5.54602783494475,0.485594597716615,-0.106559234716437,-0.338034253189215,0.291191685801365,0.0193438147059141,-0.058413376453593,174.951538622179,187.819150241385,249.630238256359,253.648378207884
40.45,1057.44412382211,-5.56912978137451,0.503165007145269,-0.109922975922275,-0.334942302813089,0.327695951964427,0.0200079682907869,-0.0561748561641005,174.689329936163,188.286575645808,249.201147749073,252.033323284572
40.46,1057.70387064857,-5.59293621375525,0.520103981232252,-0.113253754064896,-0.331461772632414,0.370551532681652,0.0206469828500766,-0.053300632980695,174.53956484359,188.709111061863,248.466579144687,250.103436440869
40.47,1057.96359999929,-5.61744445813703,0.536421586944777,-0.116547379664215,-0.327556963860868,0.411876605484046,0.0212612797489597,-0.0506529557731428,174.265091611436,189.02211135883,247.484208044397,247.947404159726
40.48,1058.22331093686,-5.6426513084058,0.552037719750375,-0.119799705565751,-0.323234532007329,0.455471828395255,0.0218478505188414,-0.0478248842301871,173.973725280857,189.220870300835,246.237656064099,245.562911280761
40.49,1058.48300267672,-5.66855291730223,0.566948981833052,-0.123006273668934,-0.318421442309712,0.511739006046919,0.0224065052521357,-0.0443996041739429,173.767783741874,189.330255068356,244.723280455709,242.924879590597
40.5,1058.74267490747,-5.69514382841554,0.581163872008036,-0.126161589199747,-0.313039641115811,0.568328557133868,0.0229375056736964,-0.0412429968994632,173.366737071912,189.292064917505,243.034940642026,240.112858714081
40.51,1059.00232714,-5.72241789282632,0.594579161200828,-0.129259932568235,-0.307067578087715,0.631266468545654,0.0234369093015851,-0.0379631421033634,172.904352135554,189.11257247347,241.149786051628,237.144695928448
40.52,1059.26195906108,-5.75036791338252,0.607206417157446,-0.132294856314177,-0.300377699937961,0.714017692647472,0.0239050099396315,-0.0341623225576435,172.605218067906,188.960076919371,239.260202409159,234.191929808112
40.53,1059.5215709242,-5.77898425825309,0.619058949324494,-0.135258278900492,-0.292848412995747,0.797950033525264,0.0243421697442576,-0.0307076811691779,172.303615002549,188.895434952854,237.548622367157,231.42831966033
40.54,1059.78116294887,-5.80825635611246,0.629969619674059,-0.138141739449454,-0.284450235340074,0.889342450593564,0.0247419460120331,-0.0272303884691529,171.929822498227,188.692552073505,235.738270594573,228.633753392593
40.55,1060.04073564035,-5.83817248733616,0.639896341023214,-0.140935944927159,-0.275042123878961,1.00244748658257,0.0251025327437108,-0.0233567284282657,171.562835639732,188.370635542419,233.827318221066,225.780315862732
40.56,1060.3002900618,-5.86871827215102,0.648764443465959,-0.143629923674864,-0.264533048619204,1.10771196218989,0.02542091880812,-0.0199437269765892,170.971179855046,187.845134112096,231.920737739317,223.049602238044
40.57,1060.55982699477,-5.8998792411877,0.656237195537628,-0.146213112557413,-0.252984999757142,1.2120739732525,0.0256842021242489,-0.0166406160679936,170.306447496139,186.850173885323,230.001469035436,220.749500034771
40.58,1060.81934727731,-5.93164068665743,0.662164202365357,-0.148675001416695,-0.240348947389422,1.32777813275068,0.025886516656636,-0.0130859057512525,169.667599183312,185.877296618566,228.080866061552,218.408167367142
40.59,1061.07885217717,-5.96398579454809,0.666398955804387,-0.151004414948012,-0.226648060149818,1.42207517661943,0.0260222872392296,-0.0100956472795459,168.951507267379,185.011909704959,226.337012712152,216.251031325505
40.6,1061.33834272149,-5.9968987411095,0.668497538269934,-0.153191918676082,-0.212077963996323,1.503663881348,0.0260747716689136,-0.00731731145287226,168.53844365565,184.346667171991,225.014556240024,214.729791922765
40.61,1061.59782003495,-6.03036483277988,0.668187839618847,-0.155229424152789,-0.196750753356566,1.57234637846537,0.0260337446925887,-0.00475033924974035,168.146288019616,183.589317413376,223.744837375342,213.460441668529
40.62,1061.85728534872,-6.064369289939,0.665391470808609,-0.157110074753407,-0.180766641289376,1.63952838907991,0.0258964036766254,-0.00204335452086227,167.825382259625,182.771508927722,222.491108842722,212.347351813212
40.63,1062.11674035012,-6.09889531634548,0.660066948994073,-0.158827462622812,-0.164219046906475,1.68078237688443,0.0256613668023629,8.24498543654725e-05,167.420645865561,181.924364086345,221.301628342822,211.410431848488
40.64,1062.37618653771,-6.13392722273641,0.651920234852423,-0.160377483949596,-0.147362402263991,1.70248279912616,0.0253178071129683,0.00198693918594287,167.03792024634,181.012019068392,220.119304534961,210.657013603285
40.65,1062.63562544894,-6.16944966480102,0.640983488166243,-0.161757844203477,-0.130294922496446,1.72625695632638,0.024867200723077,0.00403577799845424,166.72569774414,180.052751043981,218.943512067633,210.027300004556
40.66,1062.89505907142,-6.20544506548946,0.627399121213774,-0.1629665525621,-0.113112271809525,1.72121090233626,0.0243152114457349,0.00559101302632254,166.364760392645,179.066827907821,217.822068670813,209.564238580266
40.67,1063.15448943862,-6.24189581082599,0.611113851502012,-0.164004041253679,-0.0960606721737708,1.70306822906048,0.0236601520080116,0.00701954662563153,166.059355131619,177.881565900679,216.704943580416,209.415674531623
40.68,1063.4139187683,-6.27878384309512,0.592289902830375,-0.164872147241089,-0.0792250193023468,1.67878987161914,0.0229084499581337,0.00839502272892782,165.802064567364,176.566125907371,215.603484578032,209.470845791154
40.69,1063.67334967495,-6.31608926040021,0.571258046028356,-0.165573165456205,-0.0625900271428723,1.66567858415562,0.0220728154059037,0.0100641198571692,165.6024799804,175.300176798543,214.527192061529,209.489764617242
40.7,1063.93278548991,-6.35378829178302,0.548419919155063,-0.16610866363139,-0.0461341607010077,1.64027915986858,0.0211685974673602,0.011496057642348,165.365472949999,174.351889576729,213.508709436335,209.234965762102
40.71,1064.19222984451,-6.39185560408919,0.523933703658305,-0.166481119784332,-0.0299484936454026,1.61443609579467,0.0202019815599344,0.0130255075816335,165.148147874871,173.630566683221,212.5274263338,208.788620882073
40.72,1064.45168673772,-6.43026371992228,0.498203330076634,-0.166692940278225,-0.0139337202485534,1.61003169026418,0.0191882812794296,0.0149614640090752,164.963215796338,172.99074621355,211.61866433431,208.281504631485
40.73,1064.7111609319,-6.46898062274561,0.471672259744617,-0.166744766391711,0.00204905160379089,1.60549266594775,0.018144233389217,0.016809418525935,164.743910935705,172.392560406387,210.830353205521,207.803130789143
40.74,1064.97065758156,-6.50797200372592,0.444562738080277,-0.166636853073883,0.0180653522587433,1.62105212821167,0.0170782130077514,0.0190533102439947,164.547582200442,171.837330165695,210.153329634595,207.327911844062
40.75,1065.23018242003,-6.54719980260891,0.417224202828656,-0.166367842942411,0.0342464288475429,1.63568896620671,0.0160033398895881,0.0212222383488629,164.352609542635,171.341095330998,209.596251794085,206.894803945516
40.76,1065.48974145179,-6.58662404251091,0.38973916948283,-0.165936238697667,0.0505841910466537,1.65473057343799,0.0149226847595373,0.0235187617266677,164.215136313163,170.864523714758,209.145878358473,206.558233935108
40.77,1065.74934090117,-6.62620285475657,0.362319531441128,-0.165340086244883,0.0671711734598346,1.68842512796738,0.0138441672997685,0.0261199816769481,164.128811340729,170.477276233446,208.845340691773,206.261557473148
40.78,1066.00898737268,-6.66589121454718,0.335134380043618,-0.164576260712963,0.0840629426943281,1.71220236568006,0.0127740808499369,0.0285639009571835,164.069426246417,170.197423877872,208.729006732303,206.0637039435
40.79,1066.26868738163,-6.70564416479609,0.307804046325029,-0.163643078468056,0.100868967674553,1.66134761650835,0.0116983038499446,0.0298474227634705,164.055938558907,170.008562211359,208.688702070802,206.112909945455
40.8,1066.52844645642,-6.74542412975714,0.279687768673875,-0.162545316158172,0.117008309605657,1.5869191812988,0.0105930695600087,0.0310397465787656,164.231656662718,169.794569033045,208.637114761322,206.369997353079
40.81,1066.78826971065,-6.78519640373463,0.250918000071949,-0.161290421882419,0.132348950083521,1.5012770659281,0.00946363398544241,0.032056182351355,164.505462279348,169.530095307209,208.605031976664,206.771759426699
40.82,1067.04816218696,-6.82492641047394,0.221759636514271,-0.159886780646933,0.146862896437733,1.4239598055056,0.00832019769635766,0.0332239798091943,164.800700468147,169.352755449334,208.628697684514,207.110741522103
40.83,1067.30812901988,-6.86457787309286,0.192604158437196,-0.158342159316913,0.160622800231011,1.34937618150784,0.00717761092537848,0.0343654518277132,165.039081413918,169.290074832754,208.785544110746,207.388547655143
40.84,1067.56817530993,-6.90411357810114,0.163647801402278,-0.156664100474685,0.173602782750167,1.26553264960715,0.00604335452836876,0.0353144676702239,165.221147262784,169.420909832896,209.083453432631,207.547728984082
40.85,1067.82830589239,-6.94349723261766,0.13500128443814,-0.154860851148685,0.185752161027811,1.18474081609318,0.00492164455281758,0.0363133710862617,165.475185363193,169.687889188011,209.419265642363,207.681876681526
40.86,1068.08852536146,-6.98269281507009,0.10685006069367,-0.152940530575455,0.197084676532999,1.09940287470486,0.00381945709530802,0.0372092549922443,165.777292594744,170.085727927734,209.846529096061,207.811445172177
40.87,1068.34883796962,-7.02166558334369,0.0791942986113773,-0.150911782266075,0.207495735268345,1.00030292001688,0.00273686063699571,0.037871293132381,166.112747270639,170.643221624474,210.391773279956,207.945812739677
40.88,1068.60924752986,-7.06038343953851,0.0520606411744483,-0.148784350559958,0.21692462856029,0.904177173570741,0.00167492379849623,0.0385220458076349,166.465080068347,171.224989374226,211.065339590757,208.210882878049
40.89,1068.86975755724,-7.09881544188393,0.0256135049848086,-0.146567809214183,0.225406443842228,0.808655907281592,0.000639852581250558,0.0390549551626686,166.801678239188,171.973298614694,211.868106831363,208.42425820431
40.9,1069.13037126893,-7.13693193184059,-6.52187526342662e-05,-0.144271636461333,0.232940561134663,0.713538859593401,-0.000365154706885561,0.0394658493779649,167.208012211674,172.7654087399,212.707451169603,208.724813081791
40.91,1069.39109153985,-7.17470498503589,-0.0249135914839191,-0.141905259918953,0.239532933862197,0.618412660290325,-0.00133763344885199,0.0396807881182622,167.637506374829,173.556877509055,213.633066924184,209.130037567976
40.92,1069.65192092159,-7.21210861078516,-0.0488789520146005,-0.139478083771805,0.245198681704476,0.527464991368087,-0.00227542735257727,0.0398802729736153,167.916895053235,174.440064954389,214.781307454374,209.526442390151
40.93,1069.91286166087,-7.24911829228587,-0.0718709152301047,-0.136999117196873,0.249983679864197,0.441493261479214,-0.00317483770517558,0.0399933280816749,167.954072087279,175.27950788256,216.228771989106,210.06095054553
40.94,1070.17391575732,-7.28571112231802,-0.0938609201206701,-0.134476905869641,0.253928045177062,0.357272940499025,-0.00403443177235659,0.0399662950431915,167.807629985355,175.911344349088,217.890890989851,210.877279573271
40.95,1070.43508494777,-7.32186622705478,-0.114830423006809,-0.131919718505951,0.257074317142332,0.28218955078578,-0.00485322679423754,0.0399453351043764,167.588339993004,176.236866500381,219.600786598382,212.006160302429
40.96,1070.69637069772,-7.357564169201,-0.134726057492004,-0.129334955944567,0.25952367020212,0.215276168316195,-0.00562902616078853,0.0398767665675532,167.261420137153,176.467510674204,221.358098794222,213.161913459867
40.97,1070.95777424791,-7.39278711811943,-0.153559938052352,-0.126729269282695,0.26132835295079,0.152396872999896,-0.00636188376098545,0.0397644414930321,166.810991993111,176.793593322391,223.138658798709,214.120253465288
40.98,1071.21929658406,-7.42751899754544,-0.171357436188354,-0.12410892070321,0.262517224034691,0.0912559609953919,-0.00705246684122026,0.0395728409824449,166.247888395042,177.087115992892,224.913661927219,215.007358214986
40.99,1071.4809384161,-7.46174563370938,-0.188152002897973,-0.121479903142751,0.263132205327952,0.0373655100461411,-0.00770182567580192,0.0394047284858657,165.595044990068,177.170910703843,226.631028214817,215.998360833266
41,1071.7427002438,-7.49545443042572,-0.20395450519435,-0.118847529534883,0.26325015773058,-0.00894711603770934,-0.00831027439125737,0.0392186325725547,164.951757577527,176.877628709131,228.184733401917,217.23570519593
41.01,1072.00458241016,-7.52863425369629,-0.218792375182406,-0.116216394432344,0.262932708154906,-0.0511219080891832,-0.00887896828085038,0.0389826131218207,164.316841255582,176.298543922508,229.547500903779,218.56582005743
41.02,1072.26658507342,-7.56127564216941,-0.232725972091601,-0.113590639401855,0.262223401695496,-0.0875399112130076,-0.00941031644057849,0.0387640486749261,163.67626279677,175.539958906878,230.691152901458,219.858693767232
41.03,1072.52870817503,-7.59337070248133,-0.245811124994465,-0.110973869015201,0.261175081352813,-0.119832744883291,-0.00990658485675227,0.0385049661656536,163.042783712972,174.799632767509,231.599123063532,220.881353362998
41.04,1072.79095143386,-7.62491311146859,-0.258105517120279,-0.108369250266546,0.259831857386055,-0.146843797266496,-0.0103703063158549,0.0382570618630643,162.431748150317,174.039406804977,232.250274620026,221.703164928323
41.05,1073.05331432473,-7.65589783036407,-0.26965232130124,-0.105779451127596,0.258242034059644,-0.169650581660092,-0.0108034840942739,0.0379916444331393,161.907203188862,173.277826410749,232.612831116832,222.325259553697
41.06,1073.31579613505,-7.68632104011084,-0.280508097229692,-0.103206678267657,0.256455288103766,-0.18663927315717,-0.0112085983091923,0.0376901268166744,161.508170886249,172.480443738439,232.700373928676,222.816293220738
41.07,1073.57839596659,-7.71618020993136,-0.29074788935311,-0.100652578110579,0.254529396787395,-0.198468389353553,-0.0115888584913114,0.0373814406193562,161.222250603645,171.651906607891,232.5439958148,223.218661132635
41.08,1073.84111278563,-7.74547386561401,-0.300423941702631,-0.0981183020025008,0.252504362719554,-0.207267106479951,-0.0119465872818202,0.0370404211088082,161.052859447546,170.806195509821,232.172862914048,223.538959847148
41.09,1074.1039454577,-7.77420137936309,-0.309585662271336,-0.0956047186942633,0.250399148812107,-0.215009127557111,-0.0122839537440323,0.036654096981462,161.008379519103,169.959771466796,231.605942549807,223.775589316975
41.1,1074.3668927617,-7.80236287194077,-0.318274908631128,-0.093112575135878,0.248224575568685,-0.221508463392641,-0.0126028019882645,0.036237278435902,161.088336108858,169.136797053526,230.848503229688,223.936431638424
41.11,1074.62995341166,-7.82995903151911,-0.326517190113647,-0.0906425068654075,0.245990092347259,-0.227278141875505,-0.0129043436491331,0.0357755062967265,161.326103076842,168.361050112159,229.89581873117,223.995668826253
41.12,1074.89312607244,-7.85699095725223,-0.334326811504125,-0.0881950801153373,0.24370075600287,-0.232920449837143,-0.0131893422314501,0.0352772878405199,161.703658610632,167.727575761885,228.767873440977,223.879771401972
41.13,1075.15640935931,-7.88346008071629,-0.341719632466186,-0.0857708419799553,0.241357102139161,-0.238334669162883,-0.0134585107857857,0.0347370335642483,162.197684937205,167.212467121374,227.516615727687,223.639668131829
41.14,1075.41980184904,-7.90936814796686,-0.348705796814661,-0.0833703300674514,0.238959139458501,-0.244109292702436,-0.0137123386217648,0.0341574012080526,162.796384409437,166.782027419876,226.17890238794,223.321920699938
41.15,1075.68330210853,-7.93471711431147,-0.355285046677093,-0.0809941257504382,0.236498636258432,-0.2510259206294,-0.0139508931544323,0.0335369691257573,163.477589924897,166.429381408856,224.774003588572,222.958024948781
41.16,1075.94690870637,-7.95950910131665,-0.361452232767158,-0.0786429195907076,0.233963913443661,-0.259048914062806,-0.0141740279944399,0.0328834200474914,164.227674831512,166.14303857346,223.335359167738,222.553025005692
41.17,1076.21062022066,-7.98374635431049,-0.367196859087917,-0.0763175196706074,0.23134202859127,-0.268639162169305,-0.014381372437942,0.0321926997943588,165.020320069444,165.926994117926,221.879509028285,222.119556299387
41.18,1076.47443524241,-8.00743125697283,-0.372505761695829,-0.0740188790019866,0.228619092929334,-0.279378684087982,-0.0145724412115516,0.0314725237965705,165.843027697504,165.774028669687,220.424960991952,221.6588842898
41.19,1076.73835237636,-8.03056628491668,-0.37735546094055,-0.0717480566320731,0.225788156481342,-0.29034485240473,-0.014746359756343,0.0307362951801157,166.70771193624,165.67641833947,218.966787664183,221.171239207996
41.2,1077.0023702455,-8.05315392495823,-0.381717381077145,-0.0695061500536984,0.222844821558305,-0.302085595977951,-0.0149020447392968,0.0299732823635954,167.569969282368,165.637586027279,217.541071597882,220.668478829504
41.21,1077.26648749424,-8.07519672876002,-0.385569460985482,-0.0672943359871409,0.219780184504576,-0.31454461799819,-0.0150386508599559,0.0292040247964013,168.400764058462,165.644206455349,216.186720797452,220.152008541178
41.22,1077.53070278245,-8.09669732871312,-0.388886702377706,-0.0651138587869299,0.21658801843356,-0.327757095331506,-0.0151552186023413,0.0284152162916124,169.175163664527,165.698519152154,214.916899177287,219.631515043098
41.23,1077.79501479599,-8.11765846954093,-0.391645415145581,-0.0629660290961063,0.213263899854743,-0.340903535895728,-0.0152508340038873,0.0276305911772121,169.880915679271,165.785695030776,213.752484451331,219.107664582779
41.24,1078.05942224143,-8.13808299287996,-0.393825377092655,-0.0608521816129755,0.209802529777065,-0.355215370600103,-0.015324684570528,0.0268338316977112,170.504941325659,165.882390994338,212.695360340887,218.619203895864
41.25,1078.32392385683,-8.15797397013818,-0.395412130337724,-0.0587737247210727,0.20620007312779,-0.369217665132614,-0.0153761996759718,0.0260386714222472,171.048280360516,165.953003027806,211.745158289391,218.185901369457
41.26,1078.58851841018,-8.17733463577013,-0.396380980905966,-0.0567320426178178,0.202462775256639,-0.382329823740487,-0.0154044263833396,0.0252610708186767,171.452546374418,166.026212117416,210.965795801788,217.76330456023
41.27,1078.85320469546,-8.19616835463635,-0.396718536601341,-0.0547284698489456,0.198588955180857,-0.396723509668647,-0.0154088020825728,0.0244809897001344,171.540323279831,166.132422637891,210.512653881662,217.333346336505
41.28,1079.11798152805,-8.21447883529136,-0.396422141971716,-0.0527644343980643,0.194571191491724,-0.410705282194346,-0.0153892131293851,0.0237245386102671,171.422548551954,166.266900026552,210.264648403875,216.877931453655
41.29,1079.38284775745,-8.23227002937591,-0.395475649209058,-0.0508413323095629,0.190416770104542,-0.424070313887637,-0.015345040127801,0.0229722937807723,171.199812896859,166.428513676463,210.1099991041,216.396323154575
41.3,1079.64780226298,-8.24954613605912,-0.393866058515072,-0.048960474530259,0.186138567904632,-0.435432104359527,-0.0152757867359384,0.0222480516001608,170.924129818043,166.599577532588,210.002107350324,215.88911086898
41.31,1079.91284393154,-8.26631150625135,-0.391579869301246,-0.0471229754406421,0.181758498674992,-0.444637416209518,-0.015180927448035,0.0215286479931672,170.68052900773,166.779034144883,209.836723041973,215.362237983745
41.32,1080.17797165517,-8.28257076222848,-0.388625927225825,-0.0453297144223124,0.177304500078061,-0.450498306534172,-0.015060767279507,0.0208347257415069,170.596020600893,166.951234545617,209.510961167601,214.820721757711
41.33,1080.44318433553,-8.29832881094861,-0.385016728716888,-0.0435812754759429,0.172800811542652,-0.455076063082971,-0.0149157772141082,0.020140576421902,170.523875688232,167.125801356744,209.175960321291,214.275657862877
41.34,1080.70848089089,-8.31359090534663,-0.380776288556293,-0.0418781177451899,0.168253821639812,-0.459065800602723,-0.0147468486997643,0.0194643480173287,170.415849816232,167.294690763624,208.880094682926,213.733205745328
41.35,1080.97386027368,-8.32836261134313,-0.375923629076049,-0.0402206365342624,0.163668882736481,-0.46290816595364,-0.0145546803047579,0.0187835835881217,170.268587515684,167.456320456575,208.619117557379,213.200563193855
41.36,1081.23932146781,-8.34264984788315,-0.370485556681509,-0.0386092017591984,0.159049535045244,-0.46591601438384,-0.0143402649852754,0.0181183493108834,170.067629847486,167.598217834028,208.408695839284,212.680002390364
41.37,1081.50486348394,-8.35645887666427,-0.364489235337284,-0.0370441087563821,0.154403173210889,-0.468574906546113,-0.0141046212041102,0.0174482520990465,169.803991456044,167.721098426557,208.24819300263,212.173884130871
41.38,1081.77048535902,-8.36979637812787,-0.357972364135437,-0.0355256096194469,0.14973445178278,-0.470391741028544,-0.0138491669910399,0.0167828274102265,169.48026936707,167.817544905071,208.133216827085,211.68250343495
41.39,1082.03618615617,-8.38266949956249,-0.350977226474316,-0.0340538788965034,0.145052297959488,-0.471374649895045,-0.0135754999450634,0.0161314889328188,169.101251166795,167.883320910072,208.058549973392,211.204317698916
41.4,1082.30196496581,-8.39508584387467,-0.343545489697902,-0.0326290176229453,0.140360241220617,-0.472673406719287,-0.0132851956029046,0.015475336931692,168.672063893034,167.918895700665,208.009154020235,210.739450316216
41.41,1082.56782091294,-8.40705349824014,-0.335719717995167,-0.0312511396722107,0.135658610011079,-0.473007494003541,-0.0129798634814811,0.0148331678487658,168.202037044732,167.917012226133,207.976510554358,210.285451313085
41.42,1082.8337531477,-8.41858095954879,-0.327540179104461,-0.0299202685959122,0.130959224512047,-0.472665161056644,-0.0126610379170733,0.0141894281047185,167.694959389683,167.87239538443,207.948680621837,209.849398493124
41.43,1083.09976085522,-8.42967720208488,-0.319053304556895,-0.0286363575266532,0.126268145496266,-0.471111301922423,-0.0123304904567088,0.013560993543589,167.181437176533,167.758825106779,207.895230842622,209.448862781322
41.44,1083.36584324334,-8.44035160123071,-0.310301464871748,-0.0273992345363729,0.121600722756694,-0.468406155204095,-0.0119898602353837,0.0129331167127645,166.657317865368,167.594653306019,207.816373147418,209.063815708718
41.45,1083.63199954623,-8.4506139761293,-0.301333325219918,-0.0262086279588581,0.116963131830433,-0.465142321476683,-0.0116410115469622,0.0123217364892674,166.115717776922,167.388888041759,207.719696502476,208.680901024366
41.46,1083.89822902491,-8.46047450057378,-0.292189165182574,-0.0250642082337011,0.112360194668841,-0.461581979188654,-0.0112854941787196,0.0117135442497116,165.555320023493,167.1497500086,207.604425112723,208.295567951323
41.47,1084.16453096236,-8.46994370956258,-0.282911014282924,-0.0239656131502096,0.107796033860358,-0.457273858833446,-0.0109249242751768,0.0111253366674572,164.979096138768,166.877269107578,207.471722551483,207.905927795481
41.48,1084.43090466563,-8.47903239227521,-0.273530847860123,-0.0229124038036179,0.103280042322422,-0.451937110652197,-0.0105605475243913,0.0105454004535032,164.390527408188,166.577156436139,207.316841479698,207.509370530905
41.49,1084.69734946047,-8.48775161026329,-0.264089998423386,-0.0219040259867374,0.0988272629655211,-0.444716178304655,-0.0101939662735041,0.00998910981056042,163.798734868718,166.25346020354,207.136459914234,207.102735528345
41.5,1084.96386468901,-8.49611265594864,-0.25462601160881,-0.0209397674933543,0.0944495863166283,-0.436972954500199,-0.00982664223398814,0.0094439381414705,163.237831172117,165.912173196508,206.897415750928,206.685950025597
41.51,1085.23044971812,-8.50412702586041,-0.245173342560428,-0.0200188428876697,0.0901547882648995,-0.428109038670823,-0.00945990491360254,0.00892371917861722,162.706379896369,165.552473809632,206.610256184547,206.261578769635
41.52,1085.49710393429,-8.51180626570615,-0.2357549301592,-0.0191403679050191,0.0859520745770449,-0.418524867177862,-0.00909465173949628,0.00841743824426808,162.188499805264,165.180083348769,206.294167051705,205.831183599559
41.53,1085.76382674275,-8.51916197215893,-0.226400969268278,-0.018303376200737,0.0818511763729403,-0.407622513010655,-0.00873205103027207,0.00793808735651107,161.678821182366,164.798436639146,205.959957532639,205.393799215761
41.54,1086.03061757033,-8.52620575646393,-0.217138510655441,-0.0175067889902538,0.0778608979614555,-0.396453259035879,-0.00837314967785921,0.00747451828445826,161.175590894613,164.412156582862,205.610906223245,204.94997160903
41.55,1086.29747586496,-8.53294925657096,-0.207997065489032,-0.0167494830155173,0.0739859698642567,-0.384366501116597,-0.00801907844445844,0.00703814370764552,160.681709513757,164.021934401395,205.249437796578,204.50185928817
41.56,1086.56440109428,-8.53940404614955,-0.198997606426843,-0.0160302542042538,0.0702346462967082,-0.371729617454259,-0.00767064867327328,0.00661853397810199,160.200011309029,163.632366611486,204.874088986883,204.048267734838
41.57,1086.83139275094,-8.54558161190463,-0.190162860688949,-0.0153478373058265,0.0666133114087719,-0.358147760283214,-0.00732873996493177,0.00622541630330764,159.757198247889,163.244236570485,204.456473193952,203.587791464008
41.58,1087.09845034286,-8.5514932962821,-0.181510633056337,-0.0147008860337031,0.0631284784562785,-0.344474488102258,-0.00699403865553465,0.00584784120409891,159.365644670593,162.860000995663,203.990917101164,203.122511423961
41.59,1087.36557339158,-8.55715028955427,-0.173060811161191,-0.0140880347363326,0.0597812918998327,-0.330386114593759,-0.0066672989650965,0.00549411839313406,159.003860633908,162.479839492553,203.504089118348,202.656435627985
41.6,1087.63276143489,-8.562563599939,-0.164831615817936,-0.0135078947900544,0.0565716854038859,-0.317004922900573,-0.00634921115836733,0.00515438479590861,158.657886986251,162.108824529088,203.012934827706,202.189386298787
41.61,1087.900014022,-8.56774409539499,-0.156843833825791,-0.0129591399106423,0.0534919618730825,-0.303905390639077,-0.00604055229435592,0.00483675140020271,158.323216589614,161.768939641074,202.523837378995,201.700332983688
41.62,1088.16733072628,-8.57270244658878,-0.149109201851228,-0.0124404620265906,0.0505441666542972,-0.290568838668239,-0.00574175828500929,0.00453342331393251,157.998896119872,161.455199024418,202.039419642722,201.199052747502
41.63,1088.43471113256,-8.57744909600637,-0.141637713246198,-0.0119505412160559,0.0477277030297199,-0.277490799948753,-0.00545319769979201,0.00424737090286052,157.68722349198,161.157714647211,201.56034364442,200.698120915118
41.64,1088.70215484997,-8.58199420099751,-0.134432255783098,-0.0114880766380799,0.0450408886126384,-0.264402259033126,-0.0051749717906148,0.00398097313293867,157.388196260389,160.870042011253,201.08606687953,200.203054814454
41.65,1088.96966150067,-8.58634758545771,-0.127493977787766,-0.0110517743833866,0.0424820512842454,-0.251838441112181,-0.00490711756042753,0.00372635020600628,157.10422749243,160.590404808128,200.613817909371,199.716768195162
41.66,1089.23723072586,-8.59051877652582,-0.120826723041833,-0.0106403868812355,0.0400461654014986,-0.239520200963171,-0.00464977392893312,0.00348893828590935,156.865649664837,160.315438744092,200.110681686678,199.240332544975
41.67,1089.50486217435,-8.59451699055287,-0.114431679637544,-0.0102526925064891,0.0377314467565233,-0.22746099826732,-0.00440297702416216,0.00326227430025276,156.661879914879,160.045012781755,199.593797731369,198.777357259173
41.68,1089.7725555155,-8.59835115046498,-0.108310375356992,-0.00988749525539819,0.0355353283308828,-0.215612323517851,-0.00416677501492924,0.00305134050659043,156.472426046347,159.779432428574,199.083776876713,198.328453312353
41.69,1090.04031042999,-8.60202984817572,-0.102460461315817,-0.0095436235222004,0.0334544874636286,-0.204263406602834,-0.00394107152905118,0.00285028956242505,156.286210429057,159.518394980319,198.590805336755,197.893935356393
41.7,1090.30812661682,-8.60556137104201,-0.0968818302909921,-0.00921995218128711,0.0314842205863923,-0.19331362267776,-0.00372585229669021,0.00266359090767323,156.099864297263,159.260839881646,198.116927807455,197.474323474068
41.71,1090.57600379166,-8.6089536807813,-0.0915695026752808,-0.00891539771607169,0.0296202148322757,-0.182846472246273,-0.00352092173822766,0.00248652671792477,155.912795267326,159.005087908077,197.660728897559,197.068943079728
41.72,1090.84394168365,-8.61221441039276,-0.086517794368965,-0.00862892273535868,0.027858317585478,-0.17268955915872,-0.00332605824220489,0.00232313621069303,155.725515901381,158.750018848616,197.220072800587,196.677709107864
41.73,1091.11194003731,-8.61535084374826,-0.0817182163179367,-0.00835952341186856,0.0261949477551356,-0.163013146619216,-0.0031409363965983,0.00216937233781563,155.538391732812,158.495043486971,196.793369301455,196.29937707644
41.74,1091.37999860837,-8.61836993157391,-0.0771636941343943,-0.00810623906736869,0.0246262911918017,-0.153520222182447,-0.00296528343753566,0.00202852429607062,155.35134229049,158.239585136529,196.379270134685,195.933573828319
41.75,1091.64811716552,-8.62127829246486,-0.0728457986913185,-0.00786813117109519,0.0231503500666436,-0.144347376676655,-0.0027987778445458,0.00189709100329768,155.163893247813,157.983564309104,195.977334442644,195.578807956145
41.76,1091.91629548756,-8.62408221685816,-0.0687556042624134,-0.00764429110387991,0.0217639763116496,-0.135433562982536,-0.00264107838529003,0.00177745391574052,154.975644337206,157.726958523159,195.586853891758,195.234799312823
41.77,1092.18453336261,-8.62678765638403,-0.0648829703345858,-0.00743383716835339,0.0204643584961705,-0.126865315542034,-0.00249179891601381,0.00166643478459279,154.786447287605,157.469686584649,195.207680815755,194.900678119556
41.78,1092.45283058805,-8.62940024232304,-0.0612190129686925,-0.00723592085178629,0.0192482117460275,-0.118582884371329,-0.00235059945231149,0.00156588769647701,154.596220886418,157.211975458216,194.83915687122,194.576332567544
41.79,1092.72118697023,-8.63192528919547,-0.0577545519256145,-0.00704972390696847,0.0181121853510064,-0.11072074427681,-0.00221712879763731,0.00147306953601695,154.405530975085,156.953868598277,194.480501095418,194.260917389895
41.8,1092.98960232179,-8.63436782232689,-0.0544823680490782,-0.00687446663480118,0.0170527732118171,-0.10308302943259,-0.00209111004472289,0.00138930766541433,154.22800375426,156.695166017185,194.115588353946,193.954032161573
41.81,1093.25807646048,-8.63673257754639,-0.051393309697985,-0.00670939356364853,0.0160677712231929,-0.0957535600935709,-0.00197219413713545,0.00131227122331044,154.063117411958,156.435954562932,193.748362404187,193.656210645889
41.82,1093.52660921017,-8.63902400929116,-0.0484794747852996,-0.00655377981348049,0.0151536772166333,-0.0887704455684714,-0.00186007635581985,0.00124271219916268,153.900290236459,156.177268266377,193.38992020491,193.368234425888
41.83,1093.79520040108,-8.64124630227814,-0.0457330330882313,-0.00640693587227513,0.0143067073744034,-0.0822191495800716,-0.00175445393233202,0.0011787448525399,153.73409618741,155.91940181962,193.045830256176,193.089537794855
41.84,1094.06384986994,-8.6434033887504,-0.0431466985375548,-0.00626821359679392,0.0135228001336083,-0.0760338465572403,-0.00165504347532539,0.00112098362064137,153.562952839264,155.662709117557,192.716582520964,192.81992992243
41.85,1094.33255745966,-8.6454989553958,-0.0407129582871482,-0.00613700257956609,0.0127981555867564,-0.0702472071294731,-0.00156155282426599,0.00106800619727092,153.387812159541,155.407296504286,192.401302466257,192.558551737562
41.86,1094.60132301936,-8.64753645956734,-0.038424751652275,-0.0060127293872426,0.0121294973111052,-0.064733585950237,-0.00147370661801258,0.00102014566171699,153.209696656445,155.154493883018,192.097887283943,192.303777506742
41.87,1094.87014640404,-8.64951912843083,-0.0362738396704036,-0.00589484991206343,0.0115137041270547,-0.0596080720589294,-0.00139118496003377,0.000976317299820438,153.029219426736,154.914336699024,191.804849704767,192.043443321609
41.88,1095.13902747216,-8.65144997021499,-0.0342529100764999,-0.00578285734205048,0.0109468910602813,-0.0548331921699316,-0.0013137002974346,0.000936560760492644,152.84706322321,154.683987875463,191.521538262747,191.78258360724
41.89,1095.40796608539,-8.65333178423672,-0.0323542612145624,-0.00567627969548599,0.0104258192325954,-0.0503800371916882,-0.00124095166443174,0.000900195798248604,152.664321104902,154.458333788259,191.247902991044,191.526085671073
41.9,1095.67696210943,-8.65516717076857,-0.0305705758669684,-0.00557467673278544,0.00994738962985487,-0.0462285090004291,-0.00117265268440419,0.000867089881122439,152.481437222595,154.235603183843,190.983483510908,191.276036394863
41.91,1095.94601541412,-8.65695854247507,-0.0288948699626755,-0.00547763822846703,0.00950864913468085,-0.0423722403095154,-0.00110852971255695,0.000836911141786564,152.298647911066,154.015470516823,190.727793457041,191.032933788934
41.92,1096.21512587317,-8.65870813660547,-0.0273206226649654,-0.00538478326641962,0.00910668837443126,-0.0388042411503202,-0.0010483267380426,0.000809404334421852,152.116473364001,153.797840458842,190.480631621406,190.796200236111
41.93,1096.48429336362,-8.66041802709805,-0.0258417361954434,-0.00529575933779183,0.00873873985624598,-0.0355069623660546,-0.00099180412395043,0.000784275756333026,151.935189307312,153.5833874258,190.241303993355,190.565717119889
41.94,1096.75351776657,-8.66209013627097,-0.0244524779187708,-0.00521024069933181,0.00840222164601057,-0.0324576635693077,-0.000938736590402488,0.000761528664303822,151.75540830995,153.372250455012,190.009418607813,190.340612308374
41.95,1097.02279896637,-8.6637262443811,-0.023147405580062,-0.00512792619689993,0.00809473295049673,-0.0296484783116255,-0.000888910513255917,0.000740755493497682,151.577370594322,153.165028359771,189.78411863267,190.120599615164
41.96,1097.29213685008,-8.66532800057716,-0.0219214789865191,-0.00504853811595672,0.00781404494650398,-0.0270454691605672,-0.000842128082009709,0.00072212814014876,151.401756573489,152.961882950777,189.565087308866,189.904960988087
41.97,1097.56153130732,-8.66689693097291,-0.0207699004320213,-0.00497181950194004,0.00755811502075103,-0.0246524198292693,-0.000798201416356356,0.00070511624549083,151.228885695382,152.763452836104,189.351677858567,189.693628149378
41.98,1097.83098223028,-8.6684344492252,-0.019688327850134,-0.00489753373477519,0.00732502047540008,-0.0224317821105015,-0.000756960391519112,0.000690013386739794,151.059421067883,152.569861963746,189.143706737922,189.486075072065
41.99,1098.10048951328,-8.66994186338184,-0.0186726227491818,-0.00482546163100159,0.00711304362322508,-0.0203942632050644,-0.000718243369581015,0.000676173684106997,150.893603687323,152.381650417134,188.940620504764,189.282331316657
42,1098.37005305264,-8.67142038606576,-0.017719140931156,-0.00475540167340829,0.00692050168100666,-0.0185043551096541,-0.000681907760626999,0.000663983236117179,150.732090128177,152.198921064904,188.74240514039,189.082088129433
42.01,1098.63967274666,-8.67287114016,-0.0168243835800592,-0.00468716740548499,0.006745892066202,-0.0167803673266414,-0.000647817208660493,0.00065269618692383,150.575085200665,152.022153013496,188.54867309533,188.885533725311
42.02,1098.90934849559,-8.67429516846061,-0.0159853430601281,-0.00462058825553239,0.00658770643125934,-0.0151841621859144,-0.000615854156681103,0.000642788190370815,150.423095001927,151.851303094654,188.359427004052,188.69241282218
42.03,1099.17908020144,-8.67569343811038,-0.0151990774570229,-0.0045555068714735,0.0064446106133356,-0.0137411656753758,-0.000585904226719033,0.000633436903257522,150.276246386902,151.686763405181,188.174401609283,188.503012143965
42.04,1099.4488677681,-8.67706684956162,-0.0144631069773312,-0.00449178043361724,0.00631522735400888,-0.0124108341068832,-0.000557870614970111,0.000625205581181765,150.134956065652,151.528416635712,187.993698590492,188.317193054765
42.05,1099.7187111012,-8.67841623972836,-0.0137749261177622,-0.0044292779187472,0.00619835606580159,-0.0112229241346259,-0.000531656207990615,0.000617218953373423,149.999182866064,151.376489561674,187.817069714645,188.135218388248
42.06,1099.98861010821,-8.6797423901901,-0.0131324509533993,-0.00436788170930309,0.00609273333363299,-0.0101341275465551,-0.000507179833714732,0.000610129172844798,149.869260166475,151.230804650959,187.644710098895,187.957051379782
42.07,1100.25856469842,-8.6810460290996,-0.0125334808765934,-0.00430748470071307,0.00599728382230601,-0.00917692294952336,-0.000484356553978659,0.00060302809128062,149.745030166222,151.091477704654,187.476429372909,187.782966017668
42.08,1100.528574783,-8.68232783860051,-0.0119761941323812,-0.00424799206826785,0.00591086148965038,-0.00830489186575863,-0.000463115680717447,0.000596653754182384,149.62666981535,150.958207548647,187.312398213859,187.612897662062
42.09,1100.798640275,-8.68358845562086,-0.0114585869341606,-0.00418931821062815,0.00583251168725805,-0.00755488569369676,-0.000443380258765273,0.000590078052996341,149.513925679881,150.831023175837,187.152488937243,187.447133535601
42.1,1101.06876108939,-8.68482847879158,-0.010979009158813,-0.00413138875402792,0.00576120188565378,-0.00687544147048582,-0.000425086554225462,0.000584119340923708,149.406879849152,150.709560732372,186.996905714845,187.285637540641
42.11,1101.33893714313,-8.68604846801848,-0.0105355262048892,-0.00407413711009467,0.00569613685000904,-0.00630131982421447,-0.000408160752670213,0.000577842708631412,149.305171185893,150.593763100024,186.845521841472,187.128633824665
42.12,1101.60916835516,-8.68724895039482,-0.0101265260157217,-0.00401750630508622,0.00563644535105417,-0.00578145728899711,-0.00039254104839301,0.00057213040792287,149.208786759438,150.48321716191,186.698540994252,186.976069653948
42.13,1101.8794546464,-8.68843041911529,-0.00975010715056057,-0.00396144551934868,0.00558149299416778,-0.00535171548394104,-0.000378155325629937,0.00056603541694547,149.117309673914,150.377814786874,186.555845430138,186.828141000789
42.14,1102.14979593995,-8.6895933391025,-0.00940470038124723,-0.00390591202410528,0.00553055992492433,-0.00496022732809545,-0.00036494377037936,0.000560486659203856,149.030650719277,150.277095230119,186.417606235708,186.684764915292
42.15,1102.42019216103,-8.69073814534456,-0.0090884312577027,-0.00385086771938841,0.00548315531337853,-0.00464594151758061,-0.000352835625802113,0.000554526788916114,148.948328963909,150.18089351218,186.283683885007,186.546070212676
42.16,1102.69064323696,-8.6918652481842,-0.00879976571468521,-0.00379628126276756,0.00543869406167065,-0.0043557463498853,-0.000341772685792118,0.000549117316038563,148.870220238205,150.088746551717,186.154232450605,186.41195930417
42.17,1102.96114909722,-8.69297503097637,-0.00853672971406004,-0.00374212426444319,0.0053969433055382,-0.0041001013626953,-0.00033168091670092,0.000543796036407261,148.795875836951,150.000426297996,186.029193647544,186.28242849436
42.18,1103.23170967344,-8.69406785248557,-0.008297828431597,-0.00368837195063971,0.00535740242034923,-0.00391322491396282,-0.000322503796630568,0.000538015806835988,148.724929765391,149.91564408875,185.908434503574,186.157544268864
42.19,1103.5023248993,-8.69514405271686,-0.00808166568440833,-0.00363500552054467,0.00531961675055232,-0.00373422211680726,-0.000314188477926208,0.000532800825614597,148.657222069638,149.833920540729,185.792013604803,186.037125772116
42.2,1103.77299471068,-8.69620394902409,-0.00788647553492728,-0.00358200788734933,0.00528338297189951,-0.00360712752883133,-0.000306668741003816,0.000527169461195544,148.592291014944,149.755132546421,185.679811385642,185.921221723934
42.21,1104.04371904563,-8.69724784117604,-0.00771096419133626,-0.00352936637687021,0.0052483081622549,-0.00348456911921194,-0.000299895656754555,0.000522111157669256,148.529982929761,149.677614709335,185.571857322711,185.811031442157
42.22,1104.31449784454,-8.69827600920338,-0.00755345064318488,-0.00347706916010925,0.00521434187853561,-0.0033930731194985,-0.000293806561663971,0.000516635168641599,148.469903354631,149.600263201599,185.467872287666,185.70721798733
42.23,1104.58533105018,-8.69928872067685,-0.0074161918293758,-0.00342511554135058,0.00517503046698773,-0.00717773969925625,-0.000288477301891303,0.000511692840256946,148.383159209714,149.55221333057,185.411701672017,185.564850491767
42.24,1104.85621860974,-8.70028679428443,-0.00738772497369589,-0.00337402021514807,0.00504736652779172,-0.0140485221049984,-0.000287060789691311,0.000506181385945868,148.466638540927,149.34415090384,185.148671957713,185.625874284011
42.25,1105.12716046336,-8.70127106305129,-0.00734831665253699,-0.00332428804865981,0.0049153226284718,-0.012458716093372,-0.000285193984364429,0.000517474707245948,148.513408146178,149.17980902495,184.961943092806,185.614092678171
42.26,1105.3981565585,-8.7022414695598,-0.00726185764601348,-0.00327578755717567,0.00480008836763393,-0.0106270978344554,-0.00028157192097102,0.000533620971258883,148.481839438754,149.096162420893,184.857193544236,185.528593354719
42.27,1105.6692068444,-8.70319787874947,-0.00713639210999022,-0.0032283403157576,0.00470289761118349,-0.00880291067325585,-0.000276506101321675,0.000551581667688858,148.412440021169,149.050568258794,184.792473623184,185.413801590499
42.28,1105.94031127296,-8.70414021093534,-0.00698215683647472,-0.00318176176875645,0.00462464915023026,-0.00684687148120082,-0.000270389297526983,0.00056915566948104,148.336488221249,149.004009818679,184.737534996731,185.307606191489
42.29,1106.21146979886,-8.70506843440817,-0.00680824189472449,-0.00313585603067824,0.00456635582236784,-0.00485205333023024,-0.000263569899502731,0.000586224654190569,148.267472557337,148.950371492169,184.678494194839,185.212287289696
42.3,1106.48268237853,-8.70598255666034,-0.00662393019865033,-0.00309042592757901,0.0045271316162616,-0.00306575351718185,-0.000256398324750341,0.000600828190051742,148.207124022094,148.892412104939,184.613130634845,185.12456159637
42.31,1106.7539489689,-8.70688263225443,-0.00643865953907177,-0.00304529467436257,0.00450438408715442,-0.00155477948463045,-0.000249226486786526,0.000613340346378457,148.15314941765,148.832171400096,184.544048649286,185.042346166692
42.32,1107.0252695274,-8.70776875817753,-0.0062604276439838,-0.00300031378791132,0.00449497371649367,-0.000402200279829746,-0.000242350662178721,0.00062260612736735,148.102619373736,148.771074288691,184.474125654927,184.964618100824
42.33,1107.29664401226,-8.70864107099043,-0.00609589810457587,-0.00295536942192571,0.00449548603932932,0.000445798787299436,-0.000236015958673274,0.00062957306831745,148.053791756563,148.709692312032,184.40525885977,184.890681282558
42.34,1107.56807238282,-8.70949973419582,-0.00594959761696517,-0.00291037869474073,0.00450288767644995,0.000976169363852045,-0.00023038770882764,0.000633467900400851,148.005727930159,148.648483222801,184.338170160454,184.820179896973
42.35,1107.83955459959,-8.7103449320101,-0.00582465661386904,-0.00286528929227629,0.00451435019677538,0.00127286043883981,-0.000225578796915108,0.000635422432820997,147.95829207149,148.587528341458,184.2730355897,184.752684548427
42.36,1108.1110906243,-8.7111768571448,-0.00572239768781064,-0.00282007283348411,0.00452760875194094,0.00133319152626527,-0.000221635133830193,0.000634791579261299,147.911394738506,148.52708518398,184.209710924065,184.687912833107
42.37,1108.38268041985,-8.71199570680842,-0.00564322259644517,-0.00277472348374348,0.00454064302303577,0.00123967248636594,-0.000218568187119344,0.000632742395857402,147.865125680858,148.467149737136,184.148058537643,184.62541332005
42.38,1108.65432395021,-8.7128016735462,-0.00558624268979103,-0.0027292514137762,0.0045519671460671,0.000986556779471058,-0.000216341900987155,0.000628676403961345,147.819387384529,148.407958277808,184.087959206404,184.564916401171
42.39,1108.92602118038,-8.7135949441033,-0.00555012047426722,-0.00268368174508366,0.00456029665030575,0.000650118178037216,-0.00021490348393404,0.00062374407420519,147.774211591652,148.349522134516,184.029389619044,184.506043684249
42.4,1109.19777207633,-8.71437569296265,-0.00553266530302427,-0.00263804858821901,0.00456482284469518,0.000219723224299261,-0.000214168991635456,0.000617354285003899,147.729454714091,148.292046946142,183.972274747045,184.448556488051
42.41,1109.46957660489,-8.71514408338641,-0.00553161119624825,-0.00259239451416161,0.00456488116941712,-0.000234594728010275,-0.000214051709714832,0.000610604198329689,147.685174888484,148.235552265392,183.916637776153,184.392182296532
42.42,1109.74143473388,-8.7159002622049,-0.00554395042305976,-0.00254676466650917,0.00456039319559613,-0.000698614175714056,-0.000214438105972976,0.000603309080704284,147.63982485226,148.180266695186,183.86420047142,184.336731008019
42.43,1110.01334643213,-8.71664435968177,-0.00556711245642194,-0.00250120589776613,0.00455104209509708,-0.0012074776155481,-0.000215230405204871,0.000595212357004172,147.592419002565,148.126389980924,183.81546722735,184.281925282981
42.44,1110.28531166954,-8.71737649472601,-0.00559857220854101,-0.00245576825758887,0.00453674349989543,-0.00167961731764223,-0.000216332926086905,0.000587333923937833,147.544963161207,148.073769336462,183.768185007332,184.227389413197
42.45,1110.55733041665,-8.71809677015939,-0.00563547133906735,-0.00241049897506107,0.00451782652871038,-0.00214140209326093,-0.000217638280759394,0.000579012647349502,147.500118621647,148.022477727354,183.719403452151,184.173028551705
42.46,1110.82940264439,-8.71880527611969,-0.00567543678741609,-0.00236544344453216,0.00449454952150656,-0.00254779536422084,-0.000219057026785839,0.000571139761660824,147.457810893467,147.972437505792,183.669639231084,184.118791633626
42.47,1111.10152832365,-8.71950208888341,-0.00571610430006824,-0.00232064235935173,0.00446734688208261,-0.0029349329997037,-0.000220500561602742,0.000563007966317094,147.416929509914,147.923878400934,183.620108297422,184.064832175786
42.48,1111.37370742568,-8.72018727590774,-0.00575569823474042,-0.00227613374035753,0.00443654860847553,-0.00326203941032798,-0.000221902098351779,0.000555450146867223,147.377281389372,147.876837382356,183.571347512506,184.01127778292
42.49,1111.64593992212,-8.7208608951528,-0.00579249630623354,-0.0022319503350656,0.00440264532455984,-0.00356411429443909,-0.000223197298991686,0.000547744689407716,147.338732389858,147.831410654938,183.523505139206,183.958259598285
42.5,1111.91822578501,-8.72152300000931,-0.00582534938732532,-0.00218812168759577,0.00436600780156681,-0.00380426618069805,-0.000224343046227659,0.000540669950462507,147.301370788847,147.787537951117,183.476705353777,183.905859632138
42.51,1112.19056498684,-8.72217363837618,-0.0058531399530393,-0.00214467188048946,0.00432713199406011,-0.0040198847489779,-0.00022529781014766,0.000533490267368257,147.265195978873,147.745312449085,183.430985957378,183.85422006261
42.52,1112.4629575005,-8.72281285714746,-0.00587527834658009,-0.00210162187239533,0.00428636593478131,-0.00417788018205026,-0.000226039537031183,0.000526935977757256,147.230319132437,147.704660743382,183.386393628936,183.803395287814
42.53,1112.73540329931,-8.72344070098134,-0.00589116620985905,-0.0020589875796941,0.00424415399920884,-0.00431694642393644,-0.000226546193837257,0.000520266714834905,147.196743253968,147.665662162087,183.342942883235,183.753514029858
42.54,1113.00790235704,-8.72405721632922,-0.00590067267211506,-0.00201678237485443,0.00420077764837113,-0.0044063474245532,-0.000226812922990066,0.000514177078513174,147.16453997154,147.628210071189,183.300635435091,183.704592119242
42.55,1113.28045464789,-8.72466244987554,-0.00590360619196676,-0.00197501536670701,0.00415659985415135,-0.00448478333948047,-0.000226832902723849,0.00050793237276524,147.133691707211,147.592363203062,183.259471619223,183.656735389887
42.56,1113.5530601465,-8.72525645210609,-0.00590017624710812,-0.00193369393017453,0.00411181792390206,-0.00452269525955147,-0.000226613978910641,0.000502202182901608,147.104294802397,147.558053170437,183.219511334557,183.610013686589
42.57,1113.82571882798,-8.72583927542904,-0.00589047799955607,-0.00189282207036246,0.0040667063066972,-0.00455789176016675,-0.000226160005821153,0.000496265395362919,147.076250429912,147.525261756739,183.180679974597,183.564443759765
42.58,1114.09843066792,-8.7264109773169,-0.00587494425617727,-0.00185240289382774,0.00402137917685421,-0.00456122970830277,-0.00022548713077467,0.000490774399117777,147.04964889195,147.493929610937,183.143058397242,183.520108275395
42.59,1114.37119564235,-8.72697161815378,-0.00585384585788942,-0.0018124369826214,0.00397602992698794,-0.00456911783193319,-0.000224605720999406,0.000485026637854497,147.024385560199,147.464038186886,183.10659438568,183.477030542954
42.6,1114.64401372781,-8.72752126401315,-0.00582773674261504,-0.00177292475547119,0.00393070164994812,-0.00455238304536881,-0.000223536403764659,0.000479662877560208,147.000518543626,147.435510529675,183.07134938944,183.435264510407
42.61,1114.91688490134,-8.72805998429194,-0.00579697082446362,-0.00173386480917048,0.00388552239216644,-0.00454576866575503,-0.00022229260595884,0.000474002455884366,146.977930565668,147.40832062318,183.037278134769,183.394824950781
42.62,1115.18980914046,-8.72858785419092,-0.00576214190221348,-0.00169525614348713,0.00384048175928891,-0.00451995100364586,-0.000220896411464826,0.000468676598272611,146.956665060034,147.382390154892,183.004448098533,183.355763066883
42.63,1115.46278642322,-8.72910495220891,-0.00572361817196952,-0.00165709645944663,0.00379566016622472,-0.00450812405662021,-0.000219361752164786,0.000463025442988714,146.936622132868,147.357714631185,182.972844971538,183.318111326652
42.64,1115.73581672822,-8.72961136232834,-0.00568195149110119,-0.00161938418636511,0.00375103100660542,-0.00447671726742589,-0.000217709148659297,0.000457672262822774,146.91752647018,147.334165401196,182.942771487662,183.281839137973
42.65,1116.00890003466,-8.73010717097367,-0.00563744099165372,-0.00158211658520416,0.00370664242219695,-0.00446669196329227,-0.000215949851096145,0.000451980198868995,146.898318559715,147.311823122746,182.915221035578,183.246964640282
42.66,1116.28203632246,-8.73059246960002,-0.00559061926176673,-0.00154529233269422,0.00366238346691242,-0.00444506364045911,-0.000214103487684345,0.000446563625874345,146.879508371393,147.29053539928,182.889437597145,183.213347226534
42.67,1116.55522557215,-8.73106735198792,-0.0055417226782632,-0.00150890948647599,0.00361829981884814,-0.00443750382226711,-0.000212179019753174,0.000440806221617553,146.861833799774,147.270285220065,182.864515925614,183.180981149361
42.68,1116.82846776473,-8.73153191587843,-0.0054911477611173,-0.00147296699865739,0.00357433649939954,-0.00441650699919113,-0.000210191103043027,0.000435309318514362,146.846207114158,147.250861429843,182.839412138628,183.149758046588
42.69,1117.10176288157,-8.73198626026439,-0.00543898590352539,-0.00143746287418636,0.00353060079966633,-0.00439476184416962,-0.000208143406729584,0.000429769317829029,146.83211180443,147.232313796713,182.814788945122,183.119771103087
42.7,1117.37511090433,-8.73243048595595,-0.00538559786484246,-0.00140239516306856,0.00348698180688751,-0.00439687910799877,-0.000206049258980449,0.000423861093429297,146.819088970475,147.214605150041,182.791029733753,183.091075512926
42.71,1117.64851181518,-8.73286469827234,-0.00533136653894897,-0.00136776378076525,0.0034433657517371,-0.00438912362761173,-0.000203922769725478,0.000418196880202404,146.806989375315,147.197648008201,182.768336524973,183.063695462066
42.72,1117.92196559675,-8.73328900388735,-0.00527640829317705,-0.00133356821634758,0.00339976889760176,-0.00439811408034126,-0.000201768447301949,0.000412206052950402,146.795644945147,147.181420165218,182.746739125196,183.037630383309
42.73,1118.19547223221,-8.7337035126937,-0.00522100817081973,-0.0012998090803414,0.00335612110796326,-0.00439462254936549,-0.000199596876633737,0.00040647427768381,146.785084920496,147.16586366941,182.726300450908,183.012915450753
42.74,1118.4690317052,-8.7341083354194,-0.00516522655581118,-0.00126648627747839,0.00331246121331994,-0.00440556477623765,-0.000197410557290012,0.000400439837388829,146.775164403234,147.150919133644,182.706927399181,182.989479160554
42.75,1118.7426439999,-8.73450358555832,-0.00510929754678611,-0.00123360061494363,0.00326873815951488,-0.0044026671064638,-0.000195218240488525,0.000394675600006929,146.765924713425,147.136535160221,182.688658471427,182.967339618535
42.76,1119.01630910094,-8.7348893770423,-0.00505324029441641,-0.00120115205087274,0.00322500403377845,-0.00441269473883692,-0.000193020937898167,0.000388628882669372,146.757239731795,147.12267807703,182.671420761036,182.94643511081
42.77,1119.29002699347,-8.73526582614637,-0.0049972490392921,-0.00116914130642355,0.00318121979769346,-0.00440813888449567,-0.000190825952448384,0.000382861035702449,146.749122020613,147.109281120008,182.655216663019,182.926738073511
42.78,1119.56379766308,-8.73563304921145,-0.00494131090165497,-0.00113756817141047,0.00313744527926026,-0.00441551427442092,-0.000188633124857805,0.000376828118204241,146.741462801627,147.096334071933,182.639996212283,182.908201315053
42.79,1119.83762109586,-8.73599116452542,-0.00488558804863539,-0.00110643310920756,0.00309364899732462,-0.00440794368621712,-0.000186448576340824,0.000371080807757452,146.734286337533,147.083788639169,182.625771461869,182.890803640619
42.8,1120.11149727832,-8.73634029009112,-0.00483004174336078,-0.0010757356077263,0.00304989500553439,-0.0044116556664909,-0.000184271186174832,0.000365083292055551,146.727469429378,147.071620568588,182.612460074753,182.874463039809
42.81,1120.38542619743,-8.73668054548425,-0.00477480745716369,-0.00104547577237058,0.00300615634935071,-0.00440031445888546,-0.000182106076128555,0.000359376479790763,146.721026473889,147.05977414669,182.600048762929,182.859133469104
42.82,1120.65940784059,-8.73701204966364,-0.0047198249665876,-0.00101565271477531,0.00296249890662737,-0.00439984879336697,-0.000179951311512646,0.000353432227808664,146.714886965472,147.048276084796,182.588508507093,182.844785937598
42.83,1120.9334421956,-8.73733492280968,-0.00466520714739129,-0.00098626613119919,0.00291889816881607,-0.00438438799602891,-0.000177811154229305,0.000347782649348523,146.709062873033,147.037069466537,182.577812192972,182.83136180823
42.84,1121.20752925068,-8.73764928417626,-0.00461087582525587,-0.000957314722729301,0.00287542028954384,-0.00437955349654848,-0.000175682976758771,0.00034190686719199,146.703458502378,147.026153618902,182.56788028665,182.818782052702
42.85,1121.48166899443,-8.73795525391469,-0.00455692488790604,-0.000928797757165529,0.00283204190859381,-0.00435987497823146,-0.000173570306970966,0.00033632906372451,146.698118021339,147.01550423068,182.558715706886,182.807019719803
42.86,1121.75586141581,-8.73825295096798,-0.00450326156433681,-0.000900713515470385,0.00278882857145182,-0.00435067058796304,-0.000171469943189976,0.000330535135630109,146.692966401027,147.005138837112,182.550257888001,182.796015630868
42.87,1122.03010650414,-8.73854249488613,-0.00444996443409061,-0.000873060836492494,0.00274575726540976,-0.00432682887064739,-0.000169384811641072,0.000325041909353879,146.688038376339,146.995023544092,182.542486113473,182.785721216338
42.88,1122.3044042491,-8.73882400376501,-0.00439692986435833,-0.000845837586744089,0.00270289227175677,-0.00431339920437444,-0.000167311272531328,0.000319341184462764,146.683278387472,146.98519250523,182.535350467265,182.77608954042
42.89,1122.57875464067,-8.73909759606073,-0.00434422531779246,-0.000819042189997253,0.00266021016703352,-0.00428558880784906,-0.000165251804461034,0.000313943101165902,146.678703668076,146.975593433683,182.528806644308,182.767050937338
42.9,1122.85315766915,-8.73936338857359,-0.00429174012915096,-0.000792672117377298,0.00261777355652823,-0.00426816740607897,-0.00016320247184904,0.000308345255577051,146.674287424981,146.966286029011,182.522833268885,182.75858902703
42.91,1123.12761332515,-8.73962149826179,-0.00423953423543832,-0.000766725399828942,0.00257555851420581,-0.00423659089179042,-0.000161165440784113,0.000303052173209577,146.670070169916,146.95724007818,182.517402729697,182.750653245414
42.92,1123.40212159953,-8.73987204026469,-0.00418749306992385,-0.000741199132995789,0.00253362624849071,-0.00421536902603271,-0.000159136599555372,0.000297566649571411,146.665985383329,146.948472448109,182.512443377922,182.743179117546
42.93,1123.67668248344,-8.74011512971794,-0.00413567265276392,-0.000716090973746395,0.0024919523416194,-0.00418022471234081,-0.000157117939410718,0.000292387404412946,146.662105089022,146.939982882795,182.507965578258,182.736156795957
42.94,1123.95129596827,-8.74035087981962,-0.00408395851126297,-0.000691397662282433,0.00245059623912047,-0.00415547672910885,-0.000155105324367761,0.000287021318783131,146.658376562969,146.931798879648,182.503910648058,182.729537271676
42.95,1124.22596204565,-8.74057940365373,-0.00403240706898071,-0.000667116508329817,0.00240953228737732,-0.00411709889446002,-0.000153100734436367,0.000281961745347283,146.654851127005,146.923897728032,182.500263022552,182.723287585779
42.96,1124.50068070743,-8.74080081216798,-0.00398084175081681,-0.000643243776013949,0.00236888088939063,-0.00407402202069938,-0.000151097817035693,0.000276969301521663,146.651510666138,146.916329092355,182.49701700299,182.717375117571
42.97,1124.77545194569,-8.74101521467896,-0.00392932030937669,-0.000619775360380091,0.00232859629763061,-0.00404593998626137,-0.000149098584266952,0.000271776389649509,146.648353523324,146.909092760772,182.49410966594,182.711792225446
42.98,1125.05027575269,-8.7412227211082,-0.00387793504641624,-0.000596708227666243,0.00228863199017476,-0.00400470659735781,-0.000147106273501231,0.000266883703417035,146.645452574783,146.903483752038,182.491543657951,182.706530595758
42.99,1125.32515212105,-8.74142343944998,-0.00382658290870072,-0.000574038536588884,0.00224903830008414,-0.0039758725503091,-0.000145117114970756,0.000261811741582827,146.644095398092,146.896933510427,182.489251204591,182.701528313953
43,1125.6000810436,-8.74161747746607,-0.00377532312860051,-0.000551763151877956,0.00220977910584732,-0.00393305357856428,-0.000143133143198733,0.000257042688576701,146.641613795583,146.890647752633,182.4872227893,182.696752318622
43.01,1125.87506246648,-8.74180088849553,-0.00166030242133753,-0.000525063584696228,0.00415220416575358,0.471668565673062,-6.81395197178547e-05,0.00810691722030309,146.810390515804,146.698732813646,183.160444483787,182.054771150468
43.02,1126.15009590077,-8.74191763394759,0.00597784460464534,-0.000451419601340725,0.0107614871107483,0.845829733609374,0.000202196082291248,0.0130724408146951,146.178003516124,147.366669884342,184.418409631452,180.972132557052
43.03,1126.42518036839,-8.74191402142373,0.0158156710105127,-0.000293481463415845,0.0204742798349914,1.10436674832469,0.00054788725757168,0.0172192564753866,145.611212916436,148.300749849684,185.716063393702,180.058621516983
43.04,1126.70031480197,-8.74175370468011,0.0258426598114561,-2.56659991002679e-05,0.0323414053779528,1.2778408198355,0.000896457407613589,0.0205707478196961,145.387007363725,149.213452034047,186.961116438426,179.685919837946
43.05,1126.97549827922,-8.74141071368913,0.0347096582561349,0.000369179296349018,0.0456058344324127,1.38631009902535,0.00119955127777392,0.0233432148266614,145.477503135571,149.978093633566,188.216887529773,179.935237793451
43.06,1127.25073012493,-8.74086558437548,0.0415804198074896,0.000901699382968614,0.0596757779822084,1.43896525737108,0.00142747327153177,0.0255240743768055,145.822678095529,150.635540891764,189.447412716362,180.648669658284
43.07,1127.52600989694,-8.74010317174347,0.0459733823254923,0.00157713303961741,0.0740910487153032,1.45888874738421,0.00156340698290786,0.0274792148304066,146.343940406437,151.209662061745,190.638391314029,181.627314852992
43.08,1127.80133725366,-8.73910965974739,0.047777378485878,0.00239737391428244,0.0885728877053183,1.45211516275139,0.00160386482398487,0.0291374792636981,146.944055935151,151.749553609218,191.775965329991,182.719048636611
43.09,1128.0767118872,-8.73787139810254,0.0470543504998746,0.00336186123059363,0.102949866894994,1.44116696140175,0.00155155410168575,0.0308935275502763,147.570448902642,152.245583583062,192.88387357928,183.821089109037
43.1,1128.35213334604,-8.73637268963147,0.0440615292249828,0.00446936439586557,0.117169505571471,1.42018908190946,0.00141611919920152,0.0325553013066828,148.174465085068,152.777060008037,193.9755145456,184.852320982946
43.11,1128.62760103524,-8.73459616464946,0.0390419608830029,0.00571796119989042,0.131216524423628,1.40939421921385,0.00120661629082416,0.0345081464373511,148.811446859527,153.345199878192,195.056452585812,185.794294502737
43.12,1128.9031140559,-8.73252138929041,0.0323093699159793,0.00710637416569524,0.145130190837698,1.39218645384567,0.000934563885612243,0.0364225372593188,149.465145600049,153.969687120607,196.185898647801,186.735335947676
43.13,1129.17867131794,-8.73012644665237,0.024050186751618,0.00863305259805897,0.158916402074004,1.38705797891185,0.000606855243225337,0.0386763161281627,150.153607554127,154.59601370924,197.453746381815,187.756622691387
43.14,1129.45427143206,-8.727386846221,0.0145120599412412,0.0102972853109643,0.172627478578419,1.37448825824753,0.000232510148996038,0.0408328611910899,150.874647716315,155.285358009852,198.885301939998,188.908658833577
43.15,1129.72991286384,-8.72427744102127,0.00376363702470953,0.0120979503421749,0.186234507222427,1.3687695687695,-0.000185877777626887,0.0432925019495384,151.662690495319,156.010588831647,200.529251961232,190.211846520284
43.16,1130.00559379539,-8.72077170458206,-0.00806817480436474,0.014034290110999,0.199737789146611,1.35025519635246,-0.000643681569707069,0.0455480178293209,152.521063802494,156.879009269538,202.369228260631,191.644624291955
43.17,1130.28131234223,-8.71684372270355,-0.0210266048610591,0.0161045637361791,0.213048796701578,1.33299480215403,-0.00114234295187088,0.0480521464059187,153.533542891186,157.839113518129,204.370713858685,193.215461069798
43.18,1130.55706636298,-8.71246735084017,-0.0350567297723933,0.0183068419102677,0.226117999186001,1.29889789942234,-0.0016797583063958,0.050252615410649,154.681946894151,158.892923521909,206.52391542343,195.006072814871
43.19,1130.83285375658,-8.70761800590154,-0.0502562783712056,0.0206377965850895,0.238816823846291,1.26116230431378,-0.00225927177474268,0.0526644474406665,155.957968884611,159.907389363465,208.857308491997,197.064311840183
43.2,1131.10867224623,-8.70227182586197,-0.0665943286337068,0.0230934940110858,0.251061895946567,1.2048644087188,-0.00287960719194856,0.0547025132832189,157.349868966834,160.940003990601,211.298851139497,199.369541430373
43.21,1131.38451969543,-8.6964070338329,-0.0841494086423035,0.0256684690846121,0.262727496737444,1.14646781267079,-0.00354337517215768,0.0569445248055657,158.820987023837,161.890510855866,213.878889097664,201.89158995986
43.22,1131.66039380838,-8.69000280581165,-0.102836292391044,0.028356790788341,0.273755435617009,1.07425186255997,-0.00424735301664022,0.0587719501758197,160.384429048913,162.909288468376,216.469488449441,204.490681901324
43.23,1131.93629238644,-8.68304012041564,-0.122661514616605,0.031151381372514,0.284056007550373,1.00228403222796,-0.00499156400123728,0.0608108102388609,162.069362614797,163.995343116241,219.263887492051,207.237743308421
43.24,1132.21221303601,-8.67550100317512,-0.143524933113193,0.0340449657102189,0.293599745259132,0.920222772116221,-0.00577217071625065,0.0624043528630019,164.141211655457,165.520788083707,222.650179831884,210.52198092004
43.25,1132.4881537003,-8.66736921615343,-0.165384048576562,0.0370294325759675,0.30231772388851,0.838987099876335,-0.00658738236289046,0.0642172361574393,166.117734867014,166.879628408988,226.11056569281,213.88638075571
43.26,1132.76411221215,-8.65862947833141,-0.188118686280142,0.0400966574529631,0.310215773819398,0.753481183884887,-0.00743268907920671,0.0655580346913006,167.967108322982,168.160642636222,229.497485718801,217.226053904476
43.27,1133.04008657208,-8.64926828209967,-0.21166980700215,0.043238209401624,0.317274224084219,0.671571712982129,-0.00830576298526315,0.0671236283936313,169.712800683425,169.207648060016,232.788893866327,220.539713087301
43.28,1133.31607457882,-8.63927288443537,-0.235878403079746,0.046445894474226,0.323511756760888,0.58689975005933,-0.00920070074305751,0.0681868200138585,171.327699161666,170.194861609943,235.944932925632,223.753131010335
43.29,1133.59207419105,-8.62863179460932,-0.260644443660093,0.0497113326799872,0.32891624575238,0.506099797438869,-0.0101137169002727,0.0694745422475023,172.768077356348,170.962632763928,239.054026983851,226.917971168467
43.3,1133.86808319809,-8.6173342337462,-0.285819758261404,0.0530264364085582,0.333515709048438,0.423644170636606,-0.0110393580017397,0.0702342793195258,174.054766944588,171.707630934126,242.034371274992,229.948864077951
43.31,1134.14409958748,-8.60537065661646,-0.311300021857988,0.0563830568214813,0.337310643657962,0.346294454099079,-0.0119737599242438,0.0712197351911322,175.225215053789,172.249397034299,244.895962055799,232.903609032358
43.32,1134.42012117027,-8.59273218511844,-0.33692993603905,0.0597735227867532,0.340364718422471,0.273806600199314,-0.0129112612327817,0.0720541725508148,176.327698146839,172.654206313587,247.588737392007,235.800316563648
43.33,1134.69614579613,-8.57941068946693,-0.362598358579051,0.0631905878596725,0.342698305928655,0.201645486586094,-0.0138478646959709,0.0723187864526874,177.421969760266,173.035391411921,250.02145296726,238.585379564572
43.34,1134.97217157152,-8.56539916112072,-0.388216456157268,0.0666271898309823,0.344355148509667,0.137715125347886,-0.01478043306406,0.0728045130960626,178.495110811077,173.217841879368,252.225173432832,241.263616595477
43.35,1135.24819646626,-8.55069126554419,-0.413663855085877,0.0700769155235706,0.345383053036161,0.0746532753373243,-0.0157047032200067,0.0727017239132358,179.55443989164,173.453056954604,254.106840078046,243.685923165263
43.36,1135.52421866361,-8.53528158790207,-0.438864985897773,0.0735336118266564,0.345824418754041,0.0204347702492161,-0.0166180264640619,0.0728124525486319,180.635893279883,173.60845523715,255.680725017468,245.843076359127
43.37,1135.80023619485,-8.51916533190023,-0.463709993082173,0.0769918730352595,0.345753791584164,-0.0288850617183408,-0.017516617651093,0.0727318055442751,182.024990931703,174.003519911065,257.267892918576,248.065733199281
43.38,1136.07624722748,-8.50233826600917,-0.488132291944753,0.0804468021686475,0.345206188162016,-0.0758893948459447,-0.0183981977474737,0.0720269897865672,183.686680970684,174.720291524563,258.875155315579,250.357342431194
43.39,1136.35225032,-8.4847970306197,-0.512087032009487,0.0838938222954262,0.344228892412148,-0.115308725288788,-0.0192612974728793,0.0715238266319578,185.252356957372,175.224655892796,260.156351729154,252.41736774425
43.4,1136.6282439388,-8.46653884554114,-0.535512353313585,0.0873289888228445,0.342872719173781,-0.153053413474902,-0.0201038564865454,0.0703842618834295,186.72179759909,175.74392480684,260.978561280364,254.088947825621
43.41,1136.90422675427,-8.44756161843456,-0.558365369976657,0.090748598687657,0.341161574141669,-0.186209102687887,-0.0209244687169485,0.0694370169899302,188.063091458427,176.037577891447,261.444369807737,255.491454955122
43.42,1137.18019725544,-8.42786359909246,-0.580577982368614,0.0941493823302063,0.339144286544083,-0.214971332978123,-0.0217208578909352,0.0682671367956118,189.310129568925,176.256064851636,261.53098702373,256.579023829773
43.43,1137.45615397993,-8.40744351539915,-0.602131418326574,0.0975284655330845,0.336846250700071,-0.243585394222038,-0.0224924711604935,0.0664413804845615,190.502878198312,176.561470533222,261.222131087285,257.314014107539
43.44,1137.73209574768,-8.38630078119979,-0.623001186873217,0.100883054347288,0.334278388261581,-0.268904553060612,-0.0232385332944598,0.0648007602769888,191.594924889744,176.698325717895,260.623801675234,257.815026988204
43.45,1138.00802121576,-8.36443503783648,-0.643125264729377,0.104210606415363,0.331462422363371,-0.293777626947299,-0.0239569398134361,0.0629287418979069,192.602309567012,176.810646995257,259.708457580185,258.024216060365
43.46,1138.28392911538,-8.34184621836115,-0.662481981132784,0.107508639852334,0.328392547415491,-0.320434378875273,-0.0246469894450916,0.0603978822592025,193.544928529231,177.07493497994,258.449986542348,257.857332181385
43.47,1138.55981851274,-8.31853497190977,-0.681070599623061,0.110774557829091,0.325068009714017,-0.344939414878339,-0.0253086917402629,0.0580551492411918,194.349250386078,177.20861368772,256.952926193028,257.434349031329
43.48,1138.8356883136,-8.29450230700899,-0.698839578523597,0.114005904086684,0.321498260890027,-0.370318578706321,-0.0259402553652621,0.0554867267343955,195.016551952401,177.327813323769,255.19520120225,256.720092851135
43.49,1139.11153749703,-8.26974956554681,-0.715776465635404,0.117200093863511,0.31764712174488,-0.40230865712608,-0.026541208148632,0.052272649846801,195.568801170695,177.561334275141,253.155984243077,255.68965030467
43.5,1139.38736538907,-8.24427894650671,-0.731877166553909,0.120354002779546,0.313474195327372,-0.434250723037885,-0.0271113733152566,0.0492591887307313,195.94443678842,177.621543273551,250.935476785671,254.462769689995
43.51,1139.66317114367,-8.21809306146034,-0.747083258421336,0.1234643873645,0.308964415822341,-0.470384467994876,-0.0276486537304062,0.0460450556366545,196.148814057561,177.645263276034,248.52764817979,252.996489833731
43.52,1139.93895407208,-8.19119516356711,-0.761398300021122,0.126527540872078,0.304039983446182,-0.518174954339775,-0.0281530674183845,0.0422264091512017,196.208785893774,177.757402684674,245.910460992948,251.267053415725
43.53,1140.21471398201,-8.16358992270311,-0.774834707457775,0.129538777021402,0.298623328713261,-0.568489257364309,-0.0286249504481721,0.0386465750092217,196.060661766057,177.660432129827,243.159419106313,249.372823582335
43.54,1140.49045062336,-8.1352828372041,-0.787321535754299,0.13249300323644,0.292669613544331,-0.626890837789407,-0.0290616890754978,0.0349235158001282,195.695512481249,177.467639875325,240.249323344203,247.256207051196
43.55,1140.76616396083,-8.10628054037787,-0.798869773879655,0.135384236349026,0.286043652540658,-0.704591448107328,-0.0294634838580453,0.0306778898214493,195.146856140411,177.278879358681,237.145718444729,244.904238522401
43.56,1141.0418544487,-8.07659195438642,-0.809492170082736,0.138204828895908,0.278607920650576,-0.788335381457676,-0.0298306186378691,0.0267486929080467,194.388058899656,176.814660867412,233.933804491329,242.43816300193
43.57,1141.31752233758,-8.04622738769512,-0.819071722949184,0.140946335021714,0.270283453553686,-0.884002009969704,-0.0301587814850477,0.0227856763533867,193.814755920866,176.540260678669,231.115672883668,240.33633915366
43.58,1141.59316819826,-8.01519884645358,-0.827589928020161,0.143599013834476,0.260884651787231,-1.00575269979673,-0.0304469701627231,0.0184444368559052,193.037324697074,176.295532713557,228.441844358128,238.20466341662
43.59,1141.86879331075,-7.98352149753195,-0.835007453918851,0.14615090550267,0.250245797047548,-1.12965331018324,-0.0306934752416425,0.0145542212257943,191.883214137656,175.790066165444,226.068908859825,236.146165023483
43.6,1142.14439880479,-7.95121167696383,-0.841026009707892,0.148589682986013,0.238377093324056,-1.25376550251075,-0.0308874763783845,0.0107982483808657,190.831150105779,175.169396927514,223.567141406583,234.107981375625
43.61,1142.41998592261,-7.91828636955064,-0.845375919724552,0.15090304258234,0.225286244109789,-1.37515437609525,-0.0310191989127369,0.00721258583649822,189.820823583941,174.4789879343,221.129785440732,232.138783488172
43.62,1142.69555606092,-7.88476311944795,-0.84780605056702,0.153078755235696,0.210943478927119,-1.50678596876521,-0.0310795213161751,0.00347713278449072,188.783993145817,173.805380285369,218.837043688602,230.245212235969
43.63,1142.97111094021,-7.85066090560322,-0.848035522038846,0.155104036777453,0.195375778314504,-1.61716903860177,-0.0310583700484578,0.000342437690898436,187.7053335018,172.981859889535,216.798828776008,228.510632354644
43.64,1143.24665193602,-7.81599734805507,-0.845543181228799,0.156967825772462,0.178775747333889,-1.71437143698311,-0.0309372464946597,-0.00252017993701207,186.571566606558,172.161574334543,215.066234793603,226.89136130505
43.65,1143.52218042114,-7.78078897004902,-0.840055710403206,0.15866031654039,0.161205042804368,-1.81284225153079,-0.0307064742352484,-0.00544885300433712,185.460347289659,171.461665178164,213.635608876833,225.432416261635
43.66,1143.79769814271,-7.74505361828455,-0.831410866790502,0.160172046433122,0.142781498446894,-1.88073638894071,-0.030360470641628,-0.00778861649296136,184.652115963796,170.9888273858,212.841252793293,224.501846229136
43.67,1144.0732068247,-7.70880839186995,-0.819299660245295,0.161496289230096,0.12380843378007,-1.92465066127672,-0.0298885870731716,-0.00988985456439988,183.789782204472,170.558861904098,212.281217624887,223.605981956834
43.68,1144.34870837734,-7.67207045380872,-0.803670318518695,0.162628705395143,0.104478717932162,-1.95427383118501,-0.0292893054524719,-0.0118187905596115,182.818252777848,170.174946191096,211.967478543514,222.721563153733
43.69,1144.62420500454,-7.63485818552286,-0.784637083719928,0.163566271670911,0.0848559897568146,-1.9851759033037,-0.0285669499568881,-0.0139173993802864,181.613594156143,169.856600750637,211.951965220947,221.843021348115
43.7,1144.89969954097,-7.59719339710167,-0.762452858629205,0.164306234931514,0.0650341355861572,-1.99120373160366,-0.0277308429877367,-0.0156554599279803,180.4451917656,169.504629227214,211.956034386133,220.993917303126
43.71,1145.17519513179,-7.55909937687849,-0.737193722132589,0.164848002230516,0.0452327483398822,-1.9850111068748,-0.026784049328884,-0.0173640959834699,179.470189411499,169.192684643975,211.808780281202,220.13122838684
43.72,1145.45069534491,-7.52060149618735,-0.709191203359792,0.165192090416028,0.0254654136865629,-1.98757679616704,-0.0257386173453892,-0.0193550048888207,178.56415165974,168.928315824611,211.606062537998,219.282762409509
43.73,1145.72620447311,-7.48172948820025,-0.678854687744641,0.165338487191459,0.00572057522432571,-1.97830385346252,-0.0246093311635318,-0.021146085947167,177.702947690034,168.630350419891,211.410884633658,218.499162616219
43.74,1146.0017271981,-7.44251539205872,-0.646421172040888,0.165287950603669,-0.0139620716558662,-1.97948650540787,-0.0234048315348537,-0.0232253581257401,176.956035730396,168.367927260226,211.124304849672,217.768071433388
43.75,1146.27726876416,-7.40299499621916,-0.612278201285873,0.165040641605095,-0.0336112857979413,-1.96970473784035,-0.0221390348191719,-0.0251419735290777,176.321102158231,168.086932294606,210.819420306404,217.14204722644
43.76,1146.55283472315,-7.36320626539962,-0.576612160294486,0.164597494036442,-0.0531445112140701,-1.95865664754288,-0.0208187322115932,-0.0271078103472011,175.722747269459,167.847583708143,210.594285004835,216.614354576365
43.77,1146.82843096955,-7.32318956326982,-0.539771335655351,0.163959562294506,-0.0726050161971526,-1.95758247182596,-0.0194564132897989,-0.0293097809374117,175.193446015954,167.669746499752,210.423776204968,216.202450136279
43.78,1147.10406393767,-7.28298910642192,-0.502122246781342,0.163127077595616,-0.0920529032545043,-1.95484074431661,-0.0180651557397672,-0.03149176664781,174.742195648748,167.565592417287,210.347792394777,215.901777763937
43.79,1147.37974024078,-7.24265066408092,-0.463440324221895,0.162101345683087,-0.111050834084743,-1.85271060259457,-0.0166373065093876,-0.0320697374067445,174.364977934643,167.487003020813,210.538387608026,215.626841930027
43.8,1147.65546537257,-7.20221107120573,-0.423067996133548,0.160891973591481,-0.128881473269626,-1.73325861546259,-0.0151500583739748,-0.0327126742070363,173.874885944928,167.651276438653,210.969472513576,215.243991990153
43.81,1147.93124456132,-7.16170513615694,-0.381451699417955,0.159510941256738,-0.145486911009382,-1.60690251336304,-0.0136196080900657,-0.0331975245029424,173.286219713392,167.911711848955,211.513368919201,214.81909678083
43.82,1148.20708313738,-7.12116874942607,-0.339071670920992,0.157970715348889,-0.160870151649701,-1.49145025330075,-0.0120632906102504,-0.0338477516397278,172.752169299121,168.185463175265,211.954148900112,214.398395460796
43.83,1148.48298662543,-7.08064024043822,-0.296505429394304,0.156282849788035,-0.175136470045543,-1.38234033002759,-0.0105017468794632,-0.0344973154874362,172.317868250601,168.402257252015,212.277506823747,214.058315085405
43.84,1148.75896059085,-7.04015951874644,-0.254121377650949,0.15445830777971,-0.188298796392641,-1.26825821104722,-0.00894816211983419,-0.034988808928503,172.085882895883,168.516784626225,212.423268983504,213.871524330504
43.85,1149.03501040284,-6.99976614505468,-0.212182923612023,0.152508328245154,-0.200354063150709,-1.16264815076113,-0.00741191313091607,-0.0355649403327345,171.977679475558,168.613676744845,212.515177045467,213.782309958654
43.86,1149.31114126319,-6.95950001559965,-0.17102747037082,0.150443470777621,-0.211378564687199,-1.06004013487289,-0.0059049146114819,-0.0360792844572696,172.069530479952,168.795413813923,212.484906249449,213.715504260215
43.87,1149.58735811417,-6.91940058438852,-0.13083120339753,0.14827398614807,-0.221375963875936,-0.9565423846747,-0.00443334813203131,-0.0365068775634731,172.295321218272,169.045742989417,212.465688357849,213.728739198591
43.88,1149.86366548592,-6.87950573183159,-0.0916674350719831,0.146010320341118,-0.230293605441778,-0.841737791019202,-0.00299976766678466,-0.0367425387459602,172.71004391797,169.344630676352,212.399139904808,213.85695422732
43.89,1150.14006739712,-6.83985044474045,-0.0535646060483907,0.143663757570057,-0.238079272510672,-0.732189333383729,-0.00160517851587716,-0.0369957655199696,173.223798686784,169.665177021161,212.403897599034,214.125957062048
43.9,1150.41656750084,-6.80046814046165,-0.0167262614930884,0.141245171813399,-0.244809147174702,-0.628254430623192,-0.000256729156081509,-0.0371826123009971,173.864370802695,169.97529036494,212.4040170386,214.5546420894
43.91,1150.69316912645,-6.76139088346025,0.0187426055947815,0.138764921691292,-0.250509258040182,-0.525040603938466,0.00104184325523913,-0.0372250907005883,174.663322915021,170.352497412608,212.372114866516,215.044096834287
43.92,1150.96987519402,-6.72264864915219,0.052750063409237,0.136233136553851,-0.255234255753696,-0.433169291204122,0.00228719782842264,-0.0372985244767865,175.459337115945,170.764884243986,212.480078339275,215.643340296564
43.93,1151.2466883148,-6.68427024581206,0.0851502287545347,0.133658943810401,-0.259086592717881,-0.348376243903348,0.00347410032329884,-0.0373313789516821,176.389414362852,171.101393965843,212.558559326499,216.446446588442
43.94,1151.52361076825,-6.64628300433858,0.115893235819208,0.131050732144773,-0.262127886065494,-0.270043972399533,0.00460053041535131,-0.037326664450478,177.339316885225,171.262693444406,212.76496746981,217.564783032615
43.95,1151.80064446415,-6.60871238307534,0.144973704840488,0.128416276348412,-0.264412410466514,-0.195184198179245,0.00566600880086562,-0.0372363836718572,178.178772360985,171.15987152478,213.237837821631,219.086147660268
43.96,1152.07779104649,-6.57158177765433,0.172387976100851,0.12576288763339,-0.266005826550312,-0.132340108351189,0.00667009138580139,-0.0371872448169612,178.812881994336,170.935726195127,214.033568696043,220.818371229202
43.97,1152.35505193701,-6.53491299384266,0.198127470419575,0.123096803294105,-0.267020118746182,-0.0772238171875724,0.00761220877089575,-0.0371258570688868,179.308079505,170.59276690585,215.024644716621,222.727217047428
43.98,1152.6324283734,-6.49872616161737,0.222225248712793,0.120423515545589,-0.267499878226475,-0.0240829229542612,0.00849314323658675,-0.0370062152026904,179.669620086654,170.104138323003,216.148359523066,224.786104293581
43.99,1152.90992138774,-6.46303949558474,0.244743056653373,0.117748265898276,-0.26747321637939,0.0238915333193549,0.0093146724212834,-0.0369223650432771,180.160229687325,169.58398305053,217.357001541652,227.096812170023
44,1153.18753182469,-6.42786949935601,0.265715564109649,0.115075807935357,-0.266993832015764,0.0673939617847088,0.0100778044749177,-0.0368347942301576,180.570460288747,168.969972630954,218.587464697536,229.422747862126
44.01,1153.46526035378,-6.39323097376789,0.285214910112393,0.11241044602172,-0.266101245447494,0.106628566672084,0.0107848735957864,-0.0367131340607012,180.61894782145,168.287132745219,219.951875704847,231.561189416066
44.02,1153.74310743469,-6.35913679090769,0.303320264442095,0.109756011002612,-0.264856446961878,0.138591730944696,0.0114387245512589,-0.0366221826535655,180.230483238395,167.538992312576,221.463159498755,233.452001771437
44.03,1154.02107331446,-6.32559816634577,0.3201009719169,0.107115682015901,-0.263315237460993,0.166803023202556,0.0120419868601678,-0.0365258038819059,179.525428351601,166.7195843865,222.949668749196,235.064164246277
44.04,1154.29915801969,-6.29262462680746,0.335651646391015,0.104492257028395,-0.261506293561629,0.192197353258132,0.0125981607629306,-0.0364005798216929,178.683651429924,165.860684526512,224.199383191989,236.365401723311
44.05,1154.57736134591,-6.26022389780986,0.350076723574306,0.101888206765004,-0.25947142642007,0.212481374915544,0.0131112421842147,-0.0362890968858751,177.796386754584,164.982586863565,225.164981793511,237.333803859074
44.06,1154.85568280224,-6.22840208487236,0.363460686577356,0.0993055116637832,-0.257259660452388,0.228133068299049,0.0135846461799382,-0.0361511532418738,176.789557133845,164.193365070959,225.972317459226,237.939978017689
44.07,1155.13412168272,-6.19716392771192,0.37587437380116,0.0967456888063724,-0.254916990233519,0.239517302979138,0.0140213636733205,-0.0360129242640369,175.757117484409,163.51992866375,226.581481913122,238.207812073199
44.08,1155.41267709346,-6.16651297933922,0.387395967297398,0.09420985375849,-0.252475680182838,0.2481980719319,0.0144245535850277,-0.0358516542753455,174.760098334848,162.991781386701,227.0567516819,238.23551369931
44.09,1155.69134798867,-6.13645165750394,0.398100098956558,0.0916988349259115,-0.249965396690894,0.253497087840262,0.0147972497686863,-0.0356557706340117,173.877220616037,162.724897008377,227.579564765583,238.18968504417
44.1,1155.97013323562,-6.10698125310916,0.408080754206321,0.0892130936683897,-0.247429883911374,0.254166476294425,0.0151431724779134,-0.0354358952512181,173.00916576031,162.610903508088,228.030754364439,237.921965503227
44.11,1156.24903162763,-6.07810205184332,0.417408206673502,0.0867526917386051,-0.244898457685899,0.25325980004748,0.0154651535937658,-0.0351753496144744,172.164609630091,162.669648316846,228.397006041509,237.417850482016
44.12,1156.52804190123,-6.04981369718722,0.42613247533195,0.0843175167691628,-0.242383150729503,0.251417668569196,0.0157652418823551,-0.0348674049466904,171.354627386004,162.924895273973,228.668530368622,236.671900854726
44.13,1156.807162748,-6.02211535750263,0.43429440171849,0.0819073706941428,-0.239889884037143,0.249218663149593,0.0160451290595255,-0.0345112496437964,170.617820198622,163.34551259593,228.828004460435,235.712753281199
44.14,1157.08639281239,-5.99500584988371,0.441926420427838,0.07952203687438,-0.237415701374906,0.247965808712125,0.0163061693664658,-0.0341051794203512,170.039465135315,163.909971934463,228.788018823829,234.586139059207
44.15,1157.36573070324,-5.96848367628044,0.449059316278288,0.0771613862020173,-0.234949290201076,0.24780976415306,0.0165495478205373,-0.0336447995270477,169.590011787992,164.598628302512,228.624728337052,233.320739196154
44.16,1157.6451750083,-5.94254708722611,0.455712167853495,0.0748253999960763,-0.232479991512399,0.248706108227285,0.0167760269095157,-0.0331319019941154,169.233390016376,165.401858459329,228.383348690721,231.948830521407
44.17,1157.9247243103,-5.917194155012,0.461895560336636,0.0725141654601167,-0.229997402443553,0.250622787701691,0.0169860502814534,-0.0325745609208768,168.953265846224,166.318071137154,228.082651234512,230.484953890334
44.18,1158.20437719904,-5.89242284064653,0.46761095499497,0.0702278780505478,-0.227489095186782,0.254037570116058,0.0171797100975652,-0.0319623670218531,168.752156655765,167.363572653315,227.737982060293,228.909550529834
44.19,1158.4841322874,-5.86823101890076,0.472855836982712,0.0679668787843782,-0.224940223727478,0.258873693384398,0.0173569224435262,-0.031311754409362,168.618374127048,168.48241845067,227.35293758218,227.295032045949
44.2,1158.76398820132,-5.84461649641952,0.477625370005425,0.0657316634458581,-0.222332453427581,0.266007275782227,0.0175175060870732,-0.0306102616329367,168.555280931197,169.620687051043,226.93874076284,225.681794378012
44.21,1159.04394358623,-5.82157692941307,0.481915349759454,0.0635229493295509,-0.219643707221798,0.275055073057742,0.0176612860689704,-0.0298795919206715,168.547981200777,170.747797366556,226.497290117384,224.109727734459
44.22,1159.32399710499,-5.79910985709176,0.485710828175171,0.0613416418076562,-0.216856195763286,0.285994120372489,0.017787699486566,-0.0291066736488946,168.597701959113,171.832176991542,226.037321301903,222.596717055407
44.23,1159.60414744813,-5.77721269341325,0.488995327681542,0.0591888353140583,-0.213951131622032,0.298650484862646,0.0178961204560289,-0.0283059006381084,168.692640871921,172.854159859396,225.560576714526,221.164107334379
44.24,1159.88439332679,-5.75588271839778,0.491745769380495,0.0570657941939148,-0.210914014467884,0.312336414739629,0.0179856872312298,-0.0274947753341154,168.821467317889,173.797791386034,225.068899359729,219.829788891862
44.25,1160.16473347402,-5.73511712855682,0.493933312298862,0.0549738892922663,-0.207734706268255,0.32730249916539,0.0180553233719332,-0.0266566355284578,168.978347152696,174.64486772679,224.578806264852,218.599757516557
44.26,1160.4451666556,-5.71491295657687,0.495537350894647,0.052914618900286,-0.204401085370183,0.342949904052137,0.0181042277611334,-0.0258185945277537,169.099100528093,175.394015352739,224.143958393402,217.484200606643
44.27,1160.72569166082,-5.69526705873245,0.496531921353611,0.0508895421609619,-0.200909565938861,0.359168897584247,0.0181314657572196,-0.0249630367811235,169.210175291479,176.034987115723,223.731627472125,216.475749154455
44.28,1161.00630730939,-5.67617605298091,0.496895924229044,0.0489002613701325,-0.197258228655633,0.375059388176192,0.0181362425658087,-0.0241171713063984,169.332531286028,176.515686090748,223.305492806423,215.639061329324
44.29,1161.28701243578,-5.65763636229949,0.496610697514362,0.0469483896787897,-0.193440219512882,0.392791274608124,0.0181178159443049,-0.023261893738548,169.487891265427,176.628575208247,222.859903667176,215.167226730304
44.3,1161.56780589045,-5.63964401520689,0.495669244721723,0.0450356993599778,-0.189439602788127,0.411151370033986,0.0180759088605038,-0.0224246082384243,169.666818709866,176.490145605384,222.384792389907,214.930962901015
44.31,1161.84868656035,-5.62219471554811,0.494048658690665,0.0431640304186292,-0.185253416566891,0.429828255958452,0.0180096799912176,-0.0215886680208322,169.864724297672,176.224741033384,221.881377219465,214.797489870717
44.32,1162.12965336433,-5.60528387616321,0.491720967074545,0.0413352161959939,-0.180889810878381,0.446645470098739,0.0179181190965781,-0.0207810111558229,170.063753242867,175.897077931732,221.349724062608,214.708377337513
44.33,1162.41070522639,-5.5889067730724,0.48865173801862,0.0395509095078301,-0.176371704090147,0.460826256233601,0.0177999699408213,-0.0199820473478529,170.261395647184,175.646237231683,220.794975989743,214.502565571552
44.34,1162.69184107427,-5.57305846675031,0.484830717123625,0.0378124892504424,-0.171731586683307,0.471342754404057,0.01765484831105,-0.019213320731628,170.444569892995,175.562210101348,220.224019481831,214.126947285827
44.35,1162.9730598402,-5.55773373234193,0.480259570374816,0.036121012094086,-0.166994181996976,0.480726487063209,0.0174828120906373,-0.018451187822537,170.624554512504,175.471769018222,219.649758235785,213.759024707537
44.36,1163.25436047939,-5.54292695264323,0.474953151238716,0.0344773963231763,-0.162170211685918,0.488708772558479,0.0172843711066765,-0.0177045191749782,170.796071046551,175.303355311939,219.080671916181,213.470519801737
44.37,1163.5357419851,-5.5286321246176,0.468923664984319,0.0328824182321865,-0.157277275541486,0.49468993446093,0.0170599537359532,-0.0169837784140405,170.95259829784,175.042534795498,218.517668124883,213.272084828855
44.38,1163.81720337889,-5.51484295365383,0.462185405095955,0.0313366686497414,-0.152331559883022,0.499546981326898,0.0168100697467343,-0.0162684826629521,171.094595417026,174.694855743571,217.962435382285,213.148130192015
44.39,1164.09874371705,-5.501552718471,0.454771047184495,0.0298406322841956,-0.147340912389767,0.503582246089203,0.0165358823129287,-0.0155770713125229,171.211327406976,174.279990243314,217.416178296849,213.078356511336
44.4,1164.38036208065,-5.48875427340936,0.446708334745047,0.0283947052048804,-0.142313937945973,0.506972399569202,0.0162383997038704,-0.0148919036756481,171.29973253021,173.85291469662,216.880761513752,212.997709151654
44.41,1164.66205758372,-5.47644005843912,0.438026311517425,0.0269991955995608,-0.137264077888494,0.508156539951015,0.0159186739288036,-0.0142317708179837,171.351346676856,173.413017546136,216.357170257161,212.913596163948
44.42,1164.9438293557,-5.46460216099535,0.428758470342719,0.0256542148680649,-0.132210717639133,0.50799271599168,0.0155779299970868,-0.0135798830976894,171.370085735985,172.936326210009,215.847333796641,212.846954950621
44.43,1165.22567655115,-5.45323220417941,0.418953363921831,0.0243597379970658,-0.127165272136451,0.506515285863468,0.015217923582685,-0.0129523699602713,171.351509648314,172.416201519277,215.352982550488,212.807313020499
44.44,1165.50759835822,-5.44232131109266,0.408666312285528,0.0231156104998883,-0.122139860991072,0.504254746054954,0.0148406424765485,-0.0123337679037915,171.279150894144,171.857015230346,214.895586138443,212.785245392181
44.45,1165.78959399906,-5.43186009192064,0.397946544847865,0.0219215903785448,-0.117144351926157,0.500318883159595,0.0144478800679835,-0.0117404718835431,171.14554926117,171.269721558968,214.471760883581,212.770184245005
44.46,1166.07166273279,-5.42183877919738,0.386843248439352,0.020777273800229,-0.112196681506827,0.495015312669242,0.0140414398925544,-0.0111586002563761,170.969077217179,170.657542076609,214.059139243358,212.748554602393
44.47,1166.35380384631,-5.41224713541059,0.37541524816163,0.0196821110591819,-0.107311415952549,0.487715863739956,0.0136234676191195,-0.0106026111015093,170.754118935178,170.050840280289,213.647123024492,212.688052376536
44.48,1166.63601664936,-5.40307454350832,0.363717496211065,0.0186353699478843,-0.102506178321524,0.479363714969538,0.0131959665189074,-0.0100584540526927,170.509401699854,169.450977908623,213.231342226998,212.589627798802
44.49,1166.91830047665,-5.39430999884535,0.351806653347017,0.0176362089005902,-0.097789304073439,0.469873284107459,0.0127609922178825,-0.00953952361661345,170.236214534671,168.851656340842,212.809475016967,212.462074336294
44.5,1167.20065468763,-5.38594222816073,0.339733179460481,0.0166836850733478,-0.0931696247204238,0.460064725436216,0.0123203806802995,-0.0090335287638131,169.938386049633,168.247171648721,212.381933542829,212.310749928716
44.51,1167.4830786662,-5.3779596780921,0.327547195598649,0.0157768023387166,-0.0886542890200391,0.448683535094362,0.0118759515205171,-0.00855418989093475,169.615994134668,167.638945132343,211.948925714516,212.138518491525
44.52,1167.76557181332,-5.37035060971583,0.315299035481371,0.0149144186544753,-0.0842602439459867,0.435993120616131,0.011429538507623,-0.00808978144916758,169.277380810725,167.030271276875,211.507704009542,211.944506014725
44.53,1168.04813355279,-5.36310304029487,0.303044852066728,0.0140952646573264,-0.0799975066634141,0.422388041866792,0.0109831756081387,-0.00765126435043037,168.925616831531,166.443817504399,211.056610262915,211.707554269202
44.54,1168.33076333275,-5.35620484634041,0.29083073017184,0.0133179840878669,-0.075872361646611,0.408566696445364,0.0105385299534057,-0.00722613266917975,168.562103992168,165.902863757322,210.597841504894,211.407888866773
44.55,1168.61346062188,-5.34964383351178,0.278697165063509,0.0125811895161037,-0.0718889240121212,0.393744934615205,0.0100970591293897,-0.00682539623653744,168.18773522658,165.389755932122,210.134235560392,211.070456188102
44.56,1168.89622490651,-5.34340782084528,0.266684104202233,0.011883407414897,-0.0680556808559734,0.378628419352738,0.00966020439658032,-0.00643768176880324,167.808823974363,164.890936044507,209.66465404805,210.710389426576
44.57,1169.17905569157,-5.33748459522086,0.254834864586714,0.0112231290118248,-0.0643740451159289,0.363350681861314,0.0092295156490067,-0.00607201673980811,167.42664304272,164.402320348487,209.190627907563,210.335429979542
44.58,1169.46195250528,-5.33186196775103,0.243187997006879,0.0105988396886066,-0.0608425724330783,0.348439258023797,0.00880636678687349,-0.00571745471579047,167.043461015829,163.924158730138,208.713774662568,209.946724126372
44.59,1169.74491489559,-5.32652777558268,0.231778746010444,0.0100090483201238,-0.05746111162497,0.333130021627134,0.00839201170430324,-0.00538325670603092,166.660528016816,163.459664275399,208.233631085144,209.54353109106
44.6,1170.02794243051,-5.32146997573838,0.220635791790972,0.00945223568421375,-0.0542314469191827,0.318103632487814,0.00798747873196671,-0.00505913480458335,166.280563569172,163.033337779202,207.748038781732,209.097302270289
44.61,1170.31103469587,-5.31667665284609,0.209785696580143,0.00892690751031435,-0.0511493968585127,0.303426715873009,0.00759370741982695,-0.00474820775569883,165.902209652931,162.661544581586,207.259880181196,208.597853372312
44.62,1170.59419128454,-5.3121360586771,0.199251887487597,0.00843160559599776,-0.0482115449916909,0.28928019089893,0.00721152232619944,-0.0044538445364009,165.526831277987,162.320143748851,206.773443349154,208.075592713693
44.63,1170.87741179959,-5.30783661277101,0.189058197955739,0.00796494328050546,-0.0454060471902004,0.276645583068635,0.00684175660214758,-0.00416747898987951,165.174390718231,161.993702990584,206.270513502923,207.547782819748
44.64,1171.16069586248,-5.30376687575586,0.179222737902211,0.00752565379402906,-0.0427255983245302,0.26392526101385,0.00648503359623097,-0.0038976646427114,164.848924861525,161.676437841801,205.752534573555,207.023127592466
44.65,1171.44404310609,-5.29991565438278,0.169752720094444,0.00711247741033047,-0.0401706712283702,0.251550077504969,0.00614159955216629,-0.00363767288409635,164.540191442666,161.367695484872,205.232720694829,206.50490152959
44.66,1171.727453184,-5.29627204491224,0.160651902544161,0.00672418758085144,-0.0377362790684825,0.239588673879676,0.00581157400262278,-0.003393203605176,164.240590311773,161.068202597755,204.718558078174,205.992573712247
44.67,1172.01092576227,-5.29282547114723,0.15192059530233,0.00635960043917142,-0.0354178843336041,0.228252778301062,0.00549495527820818,-0.0031578976622248,163.946876094513,160.778130434439,204.213877695855,205.486660576259
44.68,1172.29446052327,-5.28956566678445,0.143559641279375,0.00601759633485083,-0.0332085669373343,0.217507702113583,0.00519176242878853,-0.00293756799475664,163.656373969772,160.51254482657,203.71966573322,204.968385132764
44.69,1172.57805715635,-5.28648268417984,0.135566396785733,0.00569710459795971,-0.0311051946135471,0.206893139565326,0.00490189533619728,-0.00272704047628602,163.367484342306,160.294487947162,203.238211966873,204.418803365792
44.7,1172.86171536772,-5.28356690617254,0.127935700245884,0.00539707116291409,-0.0291070637049024,0.196325380746218,0.00462516408451989,-0.00253146599868095,163.080726481378,160.099883175793,202.770472799647,203.864688967899
44.71,1173.1454348709,-5.28080908885932,0.120659377367132,0.0051164501173342,-0.0272124025674795,0.186070006335692,0.00436127397365657,-0.00234566557273136,162.796873133034,159.911145294998,202.317179594434,203.324162483446
44.72,1173.4292153949,-5.27820033353538,0.113732249154745,0.00485422627920907,-0.0254177611825461,0.176151377258055,0.0041100351453011,-0.00217383877617233,162.515255047511,159.720666394856,201.87885544268,202.803661848036
44.73,1173.71305668231,-5.2757320939319,0.107145937665346,0.00460941808521478,-0.0237194979393205,0.16664231532759,0.00387114558749663,-0.00201177872024936,162.23433280616,159.526626944729,201.45535733259,202.303363114152
44.74,1173.99695848768,-5.2733961755665,0.100891132384075,0.00438108359061082,-0.0221140867982608,0.15737771972549,0.00364427094316169,-0.00186325716967695,161.952989679471,159.329797623108,201.046752469325,201.821103271133
44.75,1174.280920579,-5.27118475793609,0.0949560803507156,0.00416830838697436,-0.0205985139434621,0.148515671384832,0.00342899179409895,-0.00172456550836743,161.670531201487,159.130988735347,200.651785085691,201.354734833219
44.76,1174.56494273406,-5.26909037506221,0.0893304142717986,0.00397020974403609,-0.0191707657603941,0.139650081062549,0.00322493859889435,-0.00159868094139304,161.386659101007,158.930574780305,200.269826442532,200.902408633831
44.77,1174.84902474232,-5.26710592576504,0.0840018260445764,0.00378591172555435,-0.0178298151993665,0.131034932999069,0.00303167455104514,-0.001482075206439,161.101375948992,158.728334333047,199.898968230464,200.463075149277
44.78,1175.13316639996,-5.26522466724908,0.0789586170899852,0.00361456085372332,-0.0165732156514208,0.122613960490155,0.00284878274585974,-0.00137670254611774,160.814835314641,158.524190303424,199.538968209162,200.035875048316
44.79,1175.4173675114,-5.26344021775019,0.0741885180240481,0.00345532453385786,-0.0153986384985414,0.114516376032265,0.00267582603359575,-0.0012793902136183,160.527189191524,158.318278423553,199.189070926245,199.620593716279
44.8,1175.70162788996,-5.26174653662403,0.0696806370281497,0.00330740071273609,-0.0143029706286446,0.106676154403482,0.00251241441327334,-0.00119169632040429,160.238554061491,158.110473042159,198.848700777106,199.216084896575
44.81,1175.98594735365,-5.26013791256532,0.0654251645834579,0.00317001569770891,-0.01328303897178,0.0992385344236202,0.00235819658808171,-0.00111087014867962,159.949004041599,157.910300426389,198.516842287437,198.811162303603
44.82,1176.27032572492,-5.25860893879969,0.0614120599237199,0.00304243041996422,-0.012335922486498,0.0919911916321939,0.00221281279761513,-0.00103806142147284,159.658170405496,157.728423480959,198.19425330414,198.396486868367
44.83,1176.55476283033,-5.25715452619774,0.0576302834974092,0.00292392968988635,-0.0114588179346647,0.0851403719923493,0.00207586623153418,-0.000970918355576418,159.367020176383,157.552198083089,197.881537097413,197.987438734416
44.84,1176.83925850094,-5.25576988122077,0.0540704427720774,0.00281383671589621,-0.0106474962202889,0.0787092455620843,0.00194701566993098,-0.000910256565681706,159.076474390514,157.372873733594,197.578939067276,197.592480990204
44.85,1177.12381257335,-5.25445049287777,0.0507229317849817,0.00271151657947516,-0.00989768618286796,0.0727179804332544,0.00182591130630886,-0.000854322389577386,158.786799540304,157.187605921567,197.285877410322,197.21454477381
44.86,1177.40842489053,-5.25319212029173,0.0475779306297101,0.00261637615120174,-0.009205645922505,0.067025121129355,0.00171219528867868,-0.00080392770369181,158.498458349213,156.996410247954,197.001728744824,196.852444772483
44.87,1177.6930953006,-5.25199079198251,0.0446246994508928,0.00252785133574859,-0.0085688071954269,0.0616263625159533,0.0016054777788442,-0.000757672622874748,158.218056954415,156.800501244999,196.717531185379,196.50431256218
44.88,1177.97782365643,-5.25084279834252,0.0418531466867274,0.00244541044404062,-0.00798332692839175,0.0566357447536792,0.00150538817004713,-0.000715600651253327,157.952702173136,156.600592018409,196.426889544491,196.168370173284
44.89,1178.26260981338,-5.24974467853017,0.0392529001387703,0.00236855966285746,-0.0074457635424627,0.0519475829137451,0.00141154589395729,-0.000677681225223745,157.694784104708,156.398055622789,196.138710503578,195.843938269336
44.9,1178.5474536301,-5.24869321565771,0.036813510690503,0.00229683586220834,-0.00695312929459688,0.0475740419595621,0.00132356818241847,-0.000642983014475368,157.440316435952,156.193970664816,195.856559470482,195.530684400855
44.91,1178.83235496898,-5.24768542220998,0.0345252509956167,0.00222980668346028,-0.00650239589514154,0.0434878820891715,0.00124109744218162,-0.000611694789586615,157.188175968902,155.988631578244,195.581782734444,195.22782047081
44.92,1179.1173136959,-5.24671852806595,0.0323787568078982,0.00216706871268795,-0.0060906667026775,0.0397031323284069,0.00116378905121976,-0.000583147812738553,156.938125854886,155.78260243869,195.314084692466,194.935152249267
44.93,1179.40232968001,-5.2457899654944,0.0303653399387461,0.0021082478823188,-0.00571510344792438,0.0361835773407562,0.00109132247062502,-0.000557458175679837,156.690727167118,155.576160872991,195.053244041201,194.65188792381
44.94,1179.68740279447,-5.24489735733998,0.0284766674653124,0.0020529967259149,-0.00537310136621047,0.0329278211080217,0.00102339035719462,-0.000534200981232592,156.446260681974,155.369942198902,194.798300263832,194.377544998211
44.95,1179.97253291526,-5.24403850398976,0.0267049723572063,0.00200099367519384,-0.00506213649322593,0.0299140199216432,0.000959705924264181,-0.000513385097576826,156.205379183338,155.164310604022,194.548797888964,194.111148847581
44.96,1180.25771992137,-5.24321137214162,0.0250428696265928,0.00195194104533606,-0.00477991426604605,0.0271242584647042,0.000899996736596947,-0.000494748481519698,155.968408791178,154.960031664385,194.30389032615,193.852204615614
44.97,1180.54296369408,-5.2424140831931,0.0234834990979086,0.00190556327869251,-0.00452429398137863,0.0245422229835436,0.000844009700763704,-0.00047818594448827,155.735997928107,154.757544979434,194.06329339429,193.599843312539
44.98,1180.82826411688,-5.24164490234972,0.0220204502736724,0.00186160529958054,-0.00429330072040435,0.022151040541959,0.000791508475647957,-0.000463542218059179,155.508452822165,154.557649170872,193.826389926784,193.353721087182
44.99,1181.11362107519,-5.24090222814554,0.0206478101588767,0.00181983095226313,-0.00408509641484604,0.0199412633112392,0.000742275136433844,-0.000450595175902075,155.286441325733,154.360840196883,193.593174624546,193.113230731062
45,1181.3990344562,-5.2401845819027,0.0193601526051115,0.00178002193382323,-0.00389795717328163,0.0178969516744269,0.000696109767001131,-0.000439277963597965,155.070222352291,154.16788563607,193.36326989355,192.878208724629
45.01,1181.68450414871,-5.23949059845757,0.0181524914309509,0.00174197640321361,-0.00373026580309397,0.0160164577691267,0.000652828794934494,-0.000429269624076269,154.860340085901,153.979189794004,193.136781579857,192.648157588974
45.02,1181.9700300431,-5.2388190161855,0.0170203292425653,0.00170550859533291,-0.00358045903701683,0.0142855399818544,0.000612266605555567,-0.000420587973680693,154.656982461498,153.795459795857,192.913535882603,192.423070991626
45.03,1182.25561203125,-5.23816866875241,0.015959547289511,0.00167044770544899,-0.00344704860106354,0.0127078564340514,0.000574271666731874,-0.000412842323479573,154.460587664685,153.617020815532,192.693797820796,192.202618518058
45.04,1182.54125000659,-5.23753847608361,0.0149664075521104,0.0016366378116355,-0.00332861394438325,0.0112602132811454,0.000538706533735709,-0.000406147849339542,154.271198373115,153.444421125299,192.477458162111,191.986845862756
45.05,1182.82694386404,-5.23692743837826,0.0140373856266095,0.00160393611994017,-0.00322385279534106,0.00995096053806666,0.000505442015375333,-0.000400070487475424,154.089119146539,153.277833838033,192.264808347242,191.775506873866
45.06,1183.11269349998,-5.23633462810373,0.0131693278301912,0.00157221325480788,-0.00313147237242053,0.00875717899447798,0.000474362495685058,-0.000394799924187571,153.914306574921,153.11769437807,192.055863848453,191.568768254405
45.07,1183.39849881237,-5.23575918498541,0.0123592241823549,0.00154135155450484,-0.00305031078303609,0.00769030536312522,0.000445358066834425,-0.000389864523371377,153.746935274328,152.964046308819,191.850979832469,191.36647775785
45.08,1183.68435970092,-5.23520030882991,0.0116043830276871,0.00151124554720649,-0.0029792020761873,0.00672462546062673,0.000418330430491732,-0.000385537757720008,153.586788678822,152.817122605469,191.650149077155,191.168781042124
45.09,1183.97027606716,-5.23465725587486,0.0109021584507685,0.00148180016593455,-0.0029171053528093,0.00587432619091272,0.000393183452966063,-0.000381332190680221,153.43389503865,152.676806354554,191.453702635114,190.975564284287
45.1,1184.25624781439,-5.23412933257559,0.0102501656169634,0.00145293134494435,-0.00286298249199546,0.0051109362400181,0.000369830503436929,-0.000377601699869805,153.287952934098,152.543208687154,191.26168095395,190.787030212784
45.11,1184.54227484777,-5.2336158932148,0.0096459831494899,0.00142456401748723,-0.00281593513202079,0.00444902740644961,0.000348184154361241,-0.000373852756185367,153.148865950062,152.416067699789,191.074367773544,190.603079647349
45.12,1184.82835707441,-5.23311633455276,0.00908741228541507,0.00139663272358304,-0.00277506982298012,0.0038580205858075,0.000328165041854977,-0.000370504093730681,153.01624584493,152.29536220503,190.891794081521,190.423923060038
45.13,1185.11449440335,-5.23263009460056,0.00857209593444407,0.00136907929353255,-0.00273970755639124,0.00333834592883636,0.000309688741666261,-0.000367310496792943,152.889901578811,152.180812928391,190.714169981429,190.249600380254
45.14,1185.40068674574,-5.23215664929948,0.0080979532903679,0.00134185271863737,-0.00270908309973002,0.00290290397698519,0.000292680615868962,-0.00036396679572876,152.769551048767,152.072115105175,190.541700733908,190.080095269966
45.15,1185.68693401483,-5.23169550771987,0.00766297503423662,0.00131490988299688,-0.00268250372069184,0.00251536186716997,0.000277068745006127,-0.000360985912016046,152.65471509145,151.969106611169,190.374362608606,189.915580272287
45.16,1185.97323612605,-5.23124621252129,0.0072649870852747,0.00128821289890999,-0.00265944717281333,0.00219395899986148,0.00026277577687518,-0.000357850824443538,152.54516955329,151.871343678345,190.212356558681,189.756014808123
45.17,1186.25959299706,-5.23080833607778,0.00690201845836782,0.00126172992395959,-0.00263937573648348,0.00190605871883479,0.000249731540341427,-0.000355081483332857,152.44041568285,151.778588121392,190.055616241081,189.601543135392
45.18,1186.54600454779,-5.23038148075175,0.00657195989435215,0.00123543292240754,-0.00262189940737771,0.00167209669814905,0.000237861285506858,-0.000352152077297241,152.340176297655,151.690337576774,189.904247042049,189.452063591724
45.19,1186.83247070047,-5.22996527520968,0.0062729194431307,0.00120929868770745,-0.00260659599708396,0.00146044859948161,0.000227097871833529,-0.000349589360179237,152.243970755829,151.606343804293,189.758167182147,189.307699212789
45.2,1187.11899137962,-5.22955937497759,0.00600287204110309,0.0011833067215409,-0.00259317881555579,0.00129323134983861,0.000217369705407994,-0.00034685987930606,152.151509188178,151.526089685892,189.617410279251,189.168306738708
45.21,1187.40556651213,-5.22916345889095,0.00576005297147994,0.00115744048232035,-0.00258128420886902,0.00114933442214616,0.000208614221987499,-0.000344488009833974,152.062129389632,151.449322454337,189.482128042386,189.033963084515
45.22,1187.69219602741,-5.2287772285823,0.00554268823118648,0.00113168605430909,-0.0025706422406292,0.00103525209560609,0.000200768855168238,-0.000341926854998653,151.972649942208,151.375677515988,189.355486016933,188.904516803599
45.23,1187.97887985758,-5.22840040588597,0.00534904249418348,0.00110603202825443,-0.00256111769682056,0.000920858500202535,0.000193772622831158,-0.000339700954559005,151.883512481506,151.304868579071,189.235745757484,188.779728201254
45.24,1188.26561793733,-5.22803273425103,0.00517737105823469,0.00108046761544498,-0.0025525545366132,0.000843637318391353,0.000187564045955226,-0.000337260260031317,151.796634058589,151.236293726226,189.120431132988,188.6592141782
45.25,1188.55241020343,-5.22767397477171,0.00502619087137677,0.00105498516443398,-0.00254466510693157,0.000776991021223819,0.000182090513056686,-0.000335123017900927,151.712756584854,151.169724791919,189.008251309928,188.542908464781
45.26,1188.83925659446,-5.22732390728523,0.00489384832059877,0.00102957859031479,-0.00253726310934339,0.00074550608179862,0.000177293496643094,-0.000332775557545666,151.632516449835,151.104797866548,188.898236941497,188.430589771246
45.27,1189.12615705076,-5.22698232750693,0.00477889760129547,0.00100424461835077,-0.00253014499741166,0.000712340241658038,0.000173121723420638,-0.000330731766161263,151.557527380031,151.041312376503,188.788351658224,188.322244207113
45.28,1189.41311151417,-5.22664904841049,0.00467973018288659,0.000978980325117651,-0.00252326341585786,0.0006992801552815,0.000169518336801741,-0.000328478261318382,151.485733609995,150.978981641165,188.680806094478,188.217844336222
45.29,1189.70011992806,-5.22632389774845,0.00459495088478422,0.000953784303955853,-0.00251650855263081,0.000680879016780819,0.000166433691776117,-0.00032649827063805,151.415539993928,150.917777794132,188.576969133815,188.117573361258
45.3,1189.9871822377,-5.2260067194275,0.00452303489091584,0.000928655115506026,-0.00250984330227265,0.000683611175427948,0.000163813593699462,-0.000324280715052975,151.346388685355,150.857389528792,188.477220857721,188.021340122767
45.31,1190.27429839029,-5.22569737096643,0.00446267346526761,0.000903592953001729,-0.0025031302165868,0.000684533943750361,0.000161611160576711,-0.000322293512707196,151.277964863788,150.797651593525,188.381362537669,187.929077171479
45.32,1190.56146833494,-5.22539572464,0.0044124430688022,0.000878598290484069,-0.00249630648995999,0.000707806471369991,0.000159775508385206,-0.000320050991849552,151.210278864794,150.738319858692,188.289221784129,187.840615514654
45.33,1190.84869202251,-5.2251016648459,0.00437113749190743,0.000853673353960991,-0.00248923039967218,0.000729337270178756,0.000158263160374258,-0.000318015358118437,151.14317653322,150.679306929546,188.200464428969,187.755794040327
45.34,1191.13596940556,-5.22481508909517,0.00433744694282547,0.00082882063227107,-0.00248184959915613,0.00077091114632308,0.000157027085174934,-0.000315729137692104,151.076651738307,150.620429999893,188.114891261097,187.674358461354
45.35,1191.42330043826,-5.22453590540333,0.00431028104931936,0.000804044153097921,-0.00247404642092369,0.000808663644075047,0.000156027789349611,-0.000313641375740683,151.010563950569,150.561676798494,188.032231497261,187.596130584883
45.36,1191.71068507624,-5.22426403315424,0.00428846315048162,0.000779347981409485,-0.00246579417220501,0.00086311791850398,0.000155222877541306,-0.000311318149768861,150.944929102798,150.502942248672,187.952315481382,187.520853106362
45.37,1191.99812327656,-5.22399940051585,0.00427104140034351,0.000754737409113556,-0.00245700512081093,0.000911458680311803,0.000154577728991596,-0.000309189410403766,150.879660327113,150.444278800948,187.874912202664,187.448357668083
45.38,1192.2856149976,-5.22374194517081,0.00425699569517656,0.000730217517442597,-0.00244767857301673,0.00097322110194032,0.000154055488887588,-0.00030684394006581,150.814777223204,150.385604943543,187.799813412463,187.378348340905
45.39,1192.57316019899,-5.22349161178348,0.00424553259300783,0.000705794310092202,-0.00243775508560777,0.0010268420175448,0.000153627180898625,-0.000304690202225141,150.750261198177,150.327036159317,187.726823724919,187.310678550982
45.4,1192.86075884148,-5.22324835274568,0.00423574387007883,0.000681473219238242,-0.00242731663506679,0.00107443638742445,0.000153260065278756,-0.000302530774553722,150.686198666142,150.268570896305,187.65577439707,187.245192125256
45.41,1193.14841088707,-5.22301212746294,0.00422690743475802,0.00065725915754917,-0.00241635906148116,0.00114001701689093,0.00015292775306278,-0.000300164173685602,150.622689411366,150.208497328765,187.586526364438,187.183627908769
45.42,1193.43611629905,-5.22278289897335,0.00421863216779103,0.000633158629907076,-0.00240469570601055,0.00120437808490833,0.000152615261970109,-0.000297966301826713,150.558521406268,150.147159087772,187.520243681879,187.125312334028
45.43,1193.72387504207,-5.22256063438797,0.00421028128379016,0.00060917804775221,-0.00239242114464842,0.00126774462319444,0.000152299656321334,-0.000295585887170647,150.493553566594,150.08597054911,187.45656517972,187.068473462467
45.44,1194.01168708183,-5.2223453039128,0.00420145062248219,0.000585323575454391,-0.00237956050230916,0.00131975430634904,0.000151966099803072,-0.000293359077641357,150.42880972071,150.025648711765,187.394130691612,187.012215204814
45.45,1194.29955238465,-5.22213688075153,0.00419176301110596,0.000561600583045152,-0.00236615368241802,0.00137978299849078,0.000151600841107275,-0.000290929902669194,150.364980249124,149.966535498605,187.332297527675,186.956093402785
45.46,1194.58747091722,-5.22193533867855,0.00418104075159494,0.000538014874000109,-0.00235218074574504,0.00143176861079841,0.000151197092873282,-0.000288621421873595,150.302411764993,149.909638870536,187.270745886831,186.89915456167
45.47,1194.87544264654,-5.2217406526604,0.00416905782906033,0.000514571824688235,-0.0023376454618319,0.00149530590022837,0.0001507465050489,-0.000286105742493234,150.241503481093,149.855293309988,187.209145438685,186.841203145846
45.48,1195.1634675397,-5.22155279673037,0.00415577898922783,0.000491277578004148,-0.00232250070319926,0.00155136169500437,0.000150247507884518,-0.000283690366486638,150.183801324556,149.802919179599,187.146218476612,186.783183022151
45.49,1195.45154556395,-5.22137174444446,0.00414111425325816,0.000468137854426246,-0.00230677552649625,0.00161409997009507,0.000149696856638832,-0.000281073238177207,150.128709806332,149.752302325111,187.082997592995,186.725479230449
45.5,1195.73967668669,-5.22119746717484,0.00412512897685909,0.000445158723810856,-0.00229046060761847,0.00166793885021485,0.00014909673508021,-0.000278540149147232,150.075700994911,149.703527161808,187.020259855069,186.668396546793
45.51,1196.02786087577,-5.22102993482895,0.0041078216085603,0.000422345653798838,-0.0022735961039778,0.00172743254117426,0.000148447147122492,-0.000275803696376496,150.024663687917,149.656606350403,186.958373811955,186.612099509069
45.52,1196.31609809952,-5.2208691145109,0.00408931126545671,0.000399704406551801,-0.00225616819140685,0.00177950428922526,0.000147752294209885,-0.000273129513255732,149.975504537967,149.611570329677,186.897491008798,186.556710968651
45.53,1196.60438832676,-5.22071497138881,0.00406963798227186,0.00037724026534741,-0.00223820611095226,0.00183724498538005,0.000147013736659886,-0.000270250797437416,149.928273527852,149.568437421471,186.838777983367,186.502355158629
45.54,1196.89273152693,-5.22056746757861,0.00404894112271707,0.00035495884742434,-0.00221968940585601,0.00188988000314823,0.000146236462572026,-0.000267418253473039,149.882869390567,149.527170955817,186.780257788316,186.450043552166
45.55,1197.18112767006,-5.22042656306919,0.00402727197747763,0.000332865453168145,-0.00220063474369224,0.00194778981077344,0.000145422475721164,-0.000264386315904076,149.839340740049,149.487763137546,186.723010070051,186.397866195636
45.56,1197.46957672652,-5.2202922147908,0.00400476346285327,0.000310965717731453,-0.00218102500568784,0.00199991911261581,0.000144576586725495,-0.000261392731564134,149.797653582641,149.45024059933,186.667106414543,186.346897126185
45.57,1197.75807866724,-5.22016437757888,0.00398145937099128,0.000289264913018632,-0.00216088147386587,0.00205741642948431,0.000143700568849127,-0.000258211513226129,149.757793821225,149.414541313336,186.612595970552,186.297168541073
45.58,1198.04663346368,-5.22004300336236,0.00395747881576535,0.000267768610564468,-0.0021401925423666,0.00210818817091566,0.000142798769852761,-0.000255065065123539,149.719705434213,149.380649504058,186.559509112177,186.24873561843
45.59,1198.33524108783,-5.21992804207018,0.00393285599269023,0.000246481945163837,-0.00211898739464756,0.00216350341989405,0.000141872636140165,-0.000251745749319234,149.683385803789,149.348517073795,186.507920007529,186.201660438149
45.6,1198.62390151232,-5.21981944099959,0.00390768151996721,0.000225410296149325,-0.00209725373263296,0.00221313517996952,0.000140925515456438,-0.000248461137788393,149.648776226602,149.318122441032,186.457871216571,186.156005750912
45.61,1198.91261471033,-5.21971714576059,0.0038819624409523,0.000204558672715409,-0.00207501676822876,0.00226661480811163,0.000139957892402315,-0.000245021670659306,149.615824441993,149.289373186208,186.409382731774,186.11178303421
45.62,1199.20138065567,-5.21962109967695,0.00385576139496596,0.000183932278769831,-0.00205227099398684,0.00231417133688579,0.000138972129828103,-0.000241621065841536,149.584462804952,149.26223209991,186.362488072342,186.069045820894
45.63,1199.49019932273,-5.21953124465795,0.00382906477668667,0.000163535910247231,-0.00202904648049867,0.00236460857679713,0.00013796797619046,-0.000238084577873567,149.554618889445,149.236588727486,186.317184379413,186.027787006725
45.64,1199.77907068655,-5.21944752065068,0.00380191229018196,0.000143374476526673,-0.00200534454376381,0.0024089682807381,0.0001369469778956,-0.000234590869590138,149.526251459238,149.212427729549,186.273533121147,185.988086005687
45.65,1200.06799472277,-5.21936986644227,0.00377427542196147,0.000123452449615536,-0.00198119884105298,0.00245540367903614,0.000135908340444903,-0.00023097918996109,149.49928733867,149.189641605709,186.23152669144,185.949933047502
45.66,1200.35697140772,-5.21929821929319,0.00374614309782877,0.000103774241254452,-0.00195664101198422,0.00249201495278107,0.000134851824845703,-0.000227415326172297,149.473638413044,149.167765277584,186.191149616604,185.913790563432
45.67,1200.64600071845,-5.21923251601687,0.00371744300717835,8.43436446605501e-05,-0.00193170833595265,0.00253051731631877,0.00013377499273379,-0.000223825134116824,149.449318902587,149.146107983451,186.152379035322,185.880252159227
45.68,1200.9350826328,-5.21917269244599,0.00368818657967449,6.51644972282206e-05,-0.00190638054769977,0.00257181852595256,0.000132678255720074,-0.000220138587195963,149.426225151044,149.125163949397,186.115139545941,185.848589540904
45.69,1201.22421712928,-5.21911868306065,0.00365835898008448,4.62407886245987e-05,-0.00188067416910432,0.00260560679916445,0.000131561155686274,-0.000216506763309744,149.404234932003,149.105308694043,186.079358572528,185.818289277175
45.7,1201.513404187,-5.21907042194952,0.00362789012090443,2.75759130778205e-05,-0.0018546427998591,0.00263863500615655,0.000130421365211313,-0.000212798596448923,149.383297070315,149.086661954292,186.045013290055,185.789152077005
45.71,1201.80264378559,-5.21902784231635,0.00359677299967845,9.17306460354382e-06,-0.00182831381391574,0.00266453786370433,0.000129258709082727,-0.000209141752415107,149.363362908111,149.069271228687,186.01210125136,185.761096177625
45.72,1202.09193590523,-5.21899087696409,0.00356496294621876,-8.96512135761252e-06,-0.00180172959148679,0.00269136605229047,0.000128071698050411,-0.000205416711753186,149.344357426731,149.053589119531,185.980603493952,185.733540950579
45.73,1202.38128052663,-5.21895945784832,0.00353246727007734,-2.68360476280719e-05,-0.00177489691697325,0.00271377206482565,0.000126860594610035,-0.000201741591602009,149.326204117791,149.039290163877,185.950545426496,185.706848979923
45.74,1202.67067763094,-5.21893351649949,0.00349925711153474,-4.44374369665731e-05,-0.00174783912744797,0.00273743914396396,0.000125624446747732,-0.00019801129098074,149.308877338067,149.02596804146,185.921972251104,185.681409670275
45.75,1202.96012719991,-5.2189129835917,0.00346534783728031,-6.17669987860363e-05,-0.001720564020132,0.00275651320584342,0.000124363823762272,-0.000194336044414535,149.292301171786,149.013433971981,185.894882460197,185.657338866147
45.76,1203.2496292159,-5.21889778932783,0.00343072464819727,-7.88228022818979e-05,-0.00169310353583256,0.00277548350481126,0.000123078290032084,-0.000190621207581784,149.276413157892,149.001593662134,185.869264548744,185.634638932589
45.77,1203.53918366186,-5.21888786305425,0.00339541450660089,-9.56030234072728e-05,-0.00166547618083882,0.00278929118824896,0.000121768847860786,-0.000186965121181382,149.261146658196,148.990407216175,185.845099536301,185.613277843067
45.78,1203.82879052134,-5.21888313362563,0.00335941904591575,-0.000112106258454598,-0.00163771798367303,0.00280270143352753,0.000120435655004791,-0.000183280628133171,149.246438309104,148.97981454238,185.822348389024,185.593201674825
45.79,1204.11844977845,-5.21888352903281,0.00332278193886719,-0.000128331236536667,-0.00160984826399404,0.00281080316512323,0.000119080317675648,-0.000179654518656795,149.23215748851,148.969794997263,185.801093690665,185.574390429758
45.8,1204.4081614179,-5.21888897678475,0.00328551398988738,-0.00014427712849393,-0.00158190806010358,0.00281777594543788,0.000117703338622205,-0.000176007763005163,149.218311598288,148.960275357504,185.781173662514,185.556771813352
45.81,1204.69792542492,-5.21889940365821,0.00324766327733216,-0.000159943286381621,-0.00155391679981858,0.00282050457706444,0.000116306478744837,-0.0001724175337838,149.204962265128,148.95120474922,185.762424459013,185.540298597903
45.82,1204.98774178524,-5.21891473599878,0.0032092546379133,-0.000175329412595471,-0.00152590347832145,0.00282280534278532,0.00011489070423515,-0.000168812833711612,149.192123507469,148.942531439762,185.744744847079,185.524924589582
45.83,1205.27761048508,-5.21893489949652,0.00317034013234171,-0.00019043531570984,-0.00149788164332116,0.00282168789424612,0.000113457900659071,-0.000165263514151394,149.179753790583,148.934237528944,185.728142112008,185.510631505034
45.84,1205.56753151116,-5.21895981946841,0.00313094886872377,-0.000205261095710243,-0.00146987840955216,0.00281945236368601,0.000112009183729754,-0.000161705614534812,149.16767129006,148.926282321921,185.712706468238,185.497364219952
45.85,1205.85750485065,-5.21898942073253,0.00309112658321575,-0.000219807017008976,-0.00144191527390025,0.00281339762400034,0.000110546234065806,-0.000158200876239441,149.15587298829,148.918648782242,185.698368078092,185.485082567586
45.86,1206.14753049118,-5.21902362789504,0.00305090401731692,-0.000234073656763074,-0.00141401561684579,0.00280721768773015,0.000109070211162721,-0.000154691318987628,149.144375588887,148.911304367907,185.68503267334,185.473737886238
45.87,1206.43760842085,-5.21906236513289,0.0030103350206327,-0.000248061663444627,-0.00138618910791577,0.00279819900850547,0.000107583049886118,-0.000151232067227265,149.133176228038,148.904225783478,185.672617709734,185.463269739082
45.88,1206.72773862817,-5.21910555646788,0.00296944918559927,-0.000261771914492885,-0.00135845551513246,0.00278892221408574,0.000106085853238588,-0.000147773231100924,149.122294785768,148.897411896052,185.661079386401,185.453654181689
45.89,1207.01792110206,-5.21915312566492,0.00292829017786921,-0.000275205361528296,-0.0013308252943152,0.0027769934664219,0.000104580191340777,-0.00014436419759209,149.11172185189,148.890846050964,185.650348345046,185.44483070972
45.9,1207.3081558318,-5.21920499649606,0.00288688128270598,-0.000288363173347624,-0.0013033170168464,0.00276474337768496,0.000103066933022149,-0.00014096101902768,149.101463987569,148.884521900625,185.640363707416,185.436751751823
45.91,1207.59844280703,-5.21926109264576,0.00284525845547257,-0.000301246593659225,-0.00127594073406013,0.00275007248324928,0.000101547365595187,-0.000137607741623689,149.078131263775,148.865044991154,185.610499376789,185.408788414724
45.92,1207.88878200736,-5.21932133794852,0.00280343872370838,-0.000313857064207177,-0.00124871333078576,0.0027350198329383,0.000100022127902763,-0.000134265553068905,148.915594144923,148.706350766375,185.393327683329,185.193380146501
45.93,1208.17917333824,-5.21938565631555,0.00276144586083999,-0.000326196107743966,-0.00122164665708267,0.00271727690047641,9.84920890539267e-05,-0.000130972967550951,148.500916913026,148.295878993013,184.850150004275,184.65139598115
45.94,1208.46961655813,-5.21945397201267,0.00271927411249779,-0.00033826548869328,-0.00119476710543525,0.00269748503715582,9.69571039747171e-05,-0.000127711421518571,147.819345334889,147.619205787247,183.961996117665,183.763565833293
45.95,1208.7601112624,-5.21952620977519,0.00267692565591124,-0.000350067159025992,-0.00116808450316334,0.00267817120831906,9.54172611924996e-05,-0.0001244641145366,146.903782699122,146.709048681032,182.768979106284,182.570255174683
45.96,1209.05065689974,-5.21960229468963,0.00263441504244967,-0.000361603038328324,-0.00114159465071403,0.00265724585624665,9.38730623192042e-05,-0.000121263607008519,145.804000022198,145.613984699456,181.331796364142,181.133457746755
45.97,1209.34125280093,-5.21968215224026,0.0025917496100344,-0.000372875168070669,-0.00111531514500543,0.00263571857698288,9.2324795415642e-05,-0.000118085243180551,144.584087014291,144.397618283962,179.741908766016,179.545012963379
45.98,1209.6318982262,-5.21976570827185,0.00254894428165839,-0.000383885730401013,-0.00108926639657482,0.00261076884236873,9.07729537698043e-05,-0.000114957386426982,143.573547667849,143.389795600206,178.418545253431,178.22393682015
45.99,1209.92259250426,-5.21985288928857,0.00250599403214282,-0.000394637158502802,-0.00106346299535647,0.00258648370811977,8.92172627318589e-05,-0.000111855155430191,142.505818956886,142.323971767847,177.004158259261,176.812563316799
46,1210.21333497195,-5.21994362245406,0.00246289891178777,-0.000405131876069928,-0.00103790346906405,0.00256131827869025,8.76576165036029e-05,-0.00010880183593522,141.367434081243,141.186868525166,175.499454906584,175.311397803025
46.01,1210.50412492325,-5.22003783570767,0.00241964732867764,-0.000415372359064951,-0.00101259175011248,0.00253733205216081,8.60935212866846e-05,-0.000105775944232174,140.169754261102,139.989961183079,173.915872545199,173.731791999879
46.02,1210.79496161589,-5.22013545760397,0.00237626074776194,-0.000425361065961222,-0.000987523465761992,0.00251443020281426,8.4525640314989e-05,-0.000102796958447222,138.924123605336,138.744457889539,172.266469731755,172.086925996769
46.03,1211.08584427764,-5.22023641680108,0.0023328124353071,-0.000435100305221577,-0.000962683462428672,0.00248883996561452,8.29564894245114e-05,-9.98412525244404e-05,137.639299121818,137.460646941771,170.56603131063,170.389976381132
46.04,1211.37677211247,-5.22034064213379,0.00228931841252141,-0.00044459266238194,-0.000938128069291032,0.00245862283067815,8.13867487967798e-05,-9.69265002359826e-05,136.324163879027,136.147499882229,168.82642845487,168.652881730879
46.05,1211.66774431822,-5.22044806283727,0.002245840134114,-0.000453841108319235,-0.000913869672922358,0.00243006817893866,7.98185944287361e-05,-9.40292642219991e-05,135.081609541702,134.907211166132,167.177133083496,167.005849334712
46.06,1211.95876016172,-5.22055860806833,0.00220247657470243,-0.000462848465275428,-0.000889880918195658,0.00240401575089589,7.82554442498306e-05,-9.11653460319117e-05,134.137830547041,133.965296975634,165.905452813251,165.736922489026
46.07,1212.24981904402,-5.22067220683483,0.00215931037432759,-0.000471617319110652,-0.000866143772337401,0.00237908336924686,7.67001964377823e-05,-8.83275327864422e-05,133.176623333693,133.005374039349,164.61676739883,164.451485345674
46.08,1212.54092036323,-5.22078878810424,0.00211639817419098,-0.000480150163224737,-0.000842658006059585,0.00235318781555792,7.51548695735682e-05,-8.55340971613054e-05,132.194885226478,132.025013361583,163.304528961039,163.142302676061
46.09,1212.83206350729,-5.22090828114301,0.00207376482230431,-0.000488449569935671,-0.000819432834499759,0.00232680814764665,7.36203670808564e-05,-8.27751599639e-05,131.194050261487,131.02600563016,161.969119795772,161.809440178521
46.1,1213.12324785278,-5.22103061574247,0.00203141862576538,-0.00049651816289142,-0.000796472150194729,0.00229990598452418,7.20969930303714e-05,-8.00615747299756e-05,130.17724693478,130.01147636944,160.614094964896,160.456472186719
46.11,1213.41447276659,-5.22115572244091,0.00198935181795321,-0.00050435860425787,-0.000773777330421353,0.00227332351296917,7.05844764649175e-05,-7.73839892268214e-05,129.148038946131,128.98485403888,159.244048748088,159.088139040157
46.12,1213.70573760807,-5.2212835325649,0.00194756000404688,-0.000511973558183768,-0.000751353169550509,0.00224524029009556,6.9082648443426e-05,-7.47524644974309e-05,128.109861291581,127.949436058837,157.863613626816,157.709205312145
46.13,1213.99704173133,-5.22141397821397,0.00190604250245216,-0.000519365805544052,-0.000729210215063788,0.00221694442985392,6.75914594832434e-05,-7.21593695198353e-05,127.065749948633,126.908166474137,156.476956990922,156.323932448199
46.14,1214.2883844872,-5.22154699229282,0.00186479367767376,-0.00052653815444381,-0.00070734799921097,0.00218859368689441,6.61106702762245e-05,-6.96114489570007e-05,126.018294447867,125.863585063601,155.087674320624,154.935958608475
46.15,1214.57976522496,-5.22168250858533,0.00182380440945503,-0.000533493414878558,-0.000685766325910154,0.00216042294605546,6.46399186544178e-05,-6.71030755032892e-05,124.967286414094,124.815462859154,153.694744729648,153.544286875066
46.16,1214.87118329235,-5.22182046172707,0.00178306858960708,-0.000540234387325864,-0.000664465423427625,0.00213193437067,6.31789458200615e-05,-6.46411268419534e-05,123.899471557752,123.750541113516,152.283382837503,152.134128023117
46.17,1215.16263803009,-5.22196078722237,0.00174257805185991,-0.000546763900247138,-0.000643449566612782,0.00210259048865438,6.1727427281194e-05,-6.22213199442724e-05,122.834142986338,122.688127930208,150.87786640231,150.729755218181
46.18,1215.45412877889,-5.22210342151705,0.00170231124996902,-0.00055308489713336,-0.000622737680156595,0.00207125618272571,6.02845972426053e-05,-5.98482656466374e-05,121.773647222369,121.630532092201,149.480756897466,149.333765892116
46.19,1215.74565488325,-5.22224830211727,0.00166225895480377,-0.000559200481421118,-0.000602338059747184,0.00203983934198909,5.8850110797826e-05,-5.75148668217579e-05,120.719059007111,120.578800380152,148.093686075389,147.947822733524
46.2,1216.03721569212,-5.22239536734171,0.00162243574416942,-0.000565113770336181,-0.000582249449628792,0.00200858685550186,5.74244360007626e-05,-5.5222551214768e-05,119.671112854932,119.533660380287,146.717758026773,146.57303019031
46.21,1216.32881055951,-5.22254455622923,0.00158285868284338,-0.000570827865197036,-0.000562470008172298,0.0019775773476368,5.6008130272102e-05,-5.29690611025305e-05,118.630393611605,118.495701296361,145.353821921235,145.210235392509
46.22,1216.62043884483,-5.22269580851121,0.00154354684760835,-0.000576345843496994,-0.00054299702374608,0.0019468671508422,5.46018237960468e-05,-5.07533391769627e-05,117.597352729489,117.465377465769,144.0025115524,143.860071770813
46.23,1216.91209991319,-5.22284906459272,0.00150451939124951,-0.000581670754676257,-0.000523828026569722,0.0019163308849704,5.32061543091829e-05,-4.85770509491982e-05,116.572411470049,116.443106590703,142.664384523601,142.52309692117
46.24,1217.20379313569,-5.22300426555619,0.00146579457973194,-0.00058680562928879,-0.000504961165779981,0.00188601660532855,5.18217347438434e-05,-4.64387155112078e-05,115.555954617596,115.429270494007,141.339928265737,141.199805666236
46.25,1217.49551788966,-5.22316135315176,0.00142739119237474,-0.000591753477076818,-0.000486394476486963,0.00185585853020499,5.04492004875819e-05,-4.43390851901054e-05,114.548328503349,114.424208094717,140.029557674083,139.890616643346
46.26,1217.78727355883,-5.22332026979511,0.00138932756576613,-0.00059651729156471,-0.000468126412468018,0.00182586655354771,4.90891770789291e-05,-4.22773484445704e-05,113.549851319914,113.428233595335,138.733629679995,138.595894766281
46.27,1218.07905953351,-5.22348095855502,0.00135162430361506,-0.000601100039889951,-0.000450153086451611,0.00179590600355101,4.77423727107232e-05,-4.02534586484249e-05,112.560887042261,112.441641119258,137.452382776092,137.315960065449
46.28,1218.3708752108,-5.22364336310683,0.0013143053449917,-0.000605504659613533,-0.000432472453668225,0.00176626573707426,4.64096287588981e-05,-3.82674527361956e-05,111.58181473388,111.464688659183,136.1859642873,136.051073472642
46.29,1218.66271999466,-5.22380742768451,0.00127739764862072,-0.000609734083513496,-0.00041508661648316,0.00173650972821378,4.50919076263233e-05,-3.63186946251755e-05,110.612865085456,110.497634207446,134.934674886882,134.801484956392
46.3,1218.95459329458,-5.22397309708482,0.00124092727724343,-0.000613791271884522,-0.000397998145514336,0.00170645353662096,4.37901383286827e-05,-3.44068130036825e-05,109.642358427573,109.528954034911,133.684244728455,133.552778840141
46.31,1219.24649451871,-5.22414031669029,0.00120491753184171,-0.000617679209117779,-0.000381208454237549,0.00167639620806368,4.25051528400649e-05,-3.25297944583766e-05,108.656479643771,108.544886144308,132.417358024524,132.287587570751
46.32,1219.53842307085,-5.22430903250297,0.00116938811381246,-0.000621400877579536,-0.000364716091039612,0.0016465970106931,4.12376536532929e-05,-3.06875530392998e-05,107.683321741466,107.57353249563,131.168503342878,131.040399620169
46.33,1219.83037836267,-5.22447919119537,0.00113435406735887,-0.000624959230009226,-0.000348517285045665,0.00161710227195583,3.99881762247682e-05,-2.88781169339274e-05,106.723502897003,106.615503052877,129.938615845296,129.812155919044
46.34,1220.12235981457,-5.2246507401409,0.00109982686397082,-0.000628357189353819,-0.000332609593542511,0.00158799817100785,3.87571297113736e-05,-2.71026095625929e-05,105.777149268252,105.670918639157,128.727869849886,128.603038575166
46.35,1220.41436685589,-5.22482362745154,0.00106581387093849,-0.000631597643638387,-0.000316988671877657,0.00155936341954245,3.75447753160027e-05,-2.53589538366512e-05,104.844179447868,104.739692850014,127.53605259988,127.412837213716
46.36,1220.70639892481,-5.22499780199674,0.0010323195602009,-0.000634683434927424,-0.000301650097441775,0.00153110631180601,3.63512694458186e-05,-2.36487556338374e-05,103.924434236585,103.821666451658,126.36280233054,126.241192860845
46.37,1220.9984554682,-5.22517321343369,0.000999344641618502,-0.000637617366023051,-0.000286589906241825,0.00150329597557748,3.51766349018846e-05,-2.19701229405844e-05,103.017759804655,102.916684054465,125.20775301071,125.087738577761
46.38,1221.29053594143,-5.22534981222022,0.000966887596925886,-0.000640402197148238,-0.000271804105078528,0.00147580671417938,3.40208131845351e-05,-2.03249714303823e-05,102.124009772093,102.024600525588,124.070556212108,123.952127361703
46.39,1221.5826398082,-5.22552754963965,0.000934943882349353,-0.000643040654622742,-0.000257289263848703,0.00144871752924353,3.28836383137202e-05,-1.87112396088577e-05,101.243059356269,101.145289976279,122.950898186139,122.834044361308
46.4,1221.8747665404,-5.22570637780559,0.000903507665587896,-0.000645535427045399,-0.00024304188120239,0.00142189551872048,3.17648960212609e-05,-1.71310138406154e-05,100.3748135402,100.278658604199,121.848515379571,121.733227282863
46.41,1222.16691561801,-5.22588624968001,0.000872570883767864,-0.000647889174339352,-0.000229059027967639,0.00139543066489224,3.06642927459428e-05,-1.5582047062505e-05,99.5191904068209,99.424623487712,120.76316893044,120.649436249237
46.42,1222.45908652892,-5.22606711907012,0.000842125068281076,-0.000650104523165858,-0.000215337642894848,0.00136918624971792,2.95815177873611e-05,-1.40665267060066e-05,98.6761266580477,98.5831225270382,119.694649449871,119.582462939807
46.43,1222.7512787585,-5.22624894063315,0.000812160288162699,-0.00065218407465759,-0.000201874832661118,0.00134331928090395,2.85162104295462e-05,-1.25820839198773e-05,97.4516160043003,97.3601418165119,118.116309294444,118.005644795193
46.44,1223.04349163986,-5.22643166976411,0.000782667979210478,-0.000654130405385905,-0.000188670134199601,0.00131720162151423,2.74680732100971e-05,-1.11309633107053e-05,96.1613439991304,96.0713767575749,116.499282858875,116.390133499151
46.45,1223.33572440389,-5.22661526262592,0.000753639430324099,-0.000655946099051848,-0.000175722908614939,0.00129138107313803,2.64367833998035e-05,-9.71021159685724e-06,94.9621564539826,94.8736718451602,114.991877618627,114.884238979989
46.46,1223.62797633048,-5.22679967623901,0.000725066181269654,-0.000657633717123073,-0.000163030836719633,0.00126582697609351,2.54220193566687e-05,-8.32157446616468e-06,93.8582200112484,93.7711937755504,113.601610313996,113.495478051312
46.47,1223.92024675473,-5.22698486849311,0.000696938806638177,-0.00065919579263397,-0.000150590173407803,0.00124074383366602,2.44234240565999e-05,-6.96220805869192e-06,92.8349931129903,92.7494007884547,112.311728465053,112.207095482725
46.48,1224.21253506127,-5.22717079812442,0.000669249059261436,-0.000660634813781402,-0.000138396380813632,0.00121606288583225,2.3440680528715e-05,-5.63309945202702e-06,91.8727470809306,91.7885654000821,111.098085640763,110.994943341858
46.49,1224.50484067312,-5.2273574246996,0.000641987750804244,-0.000661953229090903,-0.000126445558161831,0.00119223240643947,2.24734413501459e-05,-4.33547653593599e-06,90.9537869941756,90.870993421209,109.938669194468,109.837008264208
46.5,1224.79716304079,-5.22754470855515,0.000615155764914545,-0.000663153412763125,-0.000114728608063521,0.00116882857540226,2.15217189701167e-05,-3.06662036011736e-06,90.0655079965532,89.9838397460016,108.817179902702,108.717251118891
46.51,1225.08950163393,-5.22773261066987,0.000588758060488724,-0.000664237718640337,-0.000103248778377119,0.00114477246038253,2.05856996757413e-05,-1.82968327458151e-06,89.2000602907441,89.11926271397,107.723912088008,107.625921543578
46.52,1225.38185593603,-5.22792109267253,0.000562798975307011,-0.000665208540547231,-9.20099237167056e-05,0.0011203705911678,1.96655367621104e-05,-6.21039853631808e-07,88.3533227051733,88.2733896832019,106.654345479076,106.558254300958
46.53,1225.67422544179,-5.22811011684893,0.000537281827925349,-0.000666068300515285,-8.10138592724122e-05,0.00109591210876666,1.87613402788725e-05,5.58410025810075e-07,87.5238850015322,87.4448791319135,105.606944667705,105.512655863168
46.54,1225.96660965609,-5.22829964619036,0.00051220541432555,-0.000666819421666638,-7.02588231402584e-05,0.00107186327288296,1.78730574104899e-05,1.71240945611752e-06,86.7117107585576,86.6336948791674,104.581739463,104.489157474607
46.55,1226.25900809395,-5.22848964441625,0.000487566007997619,-0.000667464288030618,-5.97400528628944e-05,0.00104828572891872,1.70005403047608e-05,2.83948679695575e-06,85.9172265530169,85.8402496391265,103.579284211912,103.488328886773
46.56,1226.55142028076,-5.22868007600336,0.000463356269964783,-0.000668005234618363,-4.94521315279058e-05,0.00102534388208333,1.61435110229808e-05,3.94232044805768e-06,85.1408939306303,85.0649912334773,102.600158048315,102.510761828793
46.57,1226.84384575257,-5.22887090618827,0.000439567371968195,-0.000668444535862952,-3.93891935507013e-05,0.00100290047347007,1.53016348771793e-05,5.01879566911249e-06,84.3829198916535,84.3081186533854,101.644622398153,101.55672650007
46.58,1227.13628405631,-5.22906210098138,0.000416188014730272,-0.000668784414763673,-2.9546125148692e-05,0.000981022996228778,1.44744892335923e-05,6.07117133175116e-06,83.643246975428,83.569569226195,100.712611196069,100.626161123256
46.59,1227.42873474977,-5.22925362715809,0.000393206537061488,-0.000669027040563376,-1.99179304303238e-05,0.00095954942522009,1.36616360632306e-05,7.09727360986281e-06,82.9215973309173,82.8490629613425,99.803790028836,99.7187343332284
46.6,1227.72119740151,-5.22944545226276,0.000370609941536104,-0.000669174540449568,-1.05004607104803e-05,0.000938544832128045,1.28625906120045e-05,8.09928672970001e-06,82.2175590534861,82.1461856275955,98.917659185291,98.8339481440879
46.61,1228.01367159067,-5.22963754459124,0.000348385888638919,-0.00066922899737139,-1.28962762547043e-06,0.000917861130724753,1.20768897630045e-05,9.07516398488328e-06,81.5306323161093,81.4604358472276,98.0536114972971,97.9711978781101
46.62,1228.30615690664,-5.22982987318644,0.000326521684447097,-0.000669192460537381,7.71792949589418e-06,0.000897570324991988,1.13040591879469e-05,1.00270942995201e-05,80.8603069792995,80.7913006979997,97.2110252800566,97.1298641859203
46.63,1228.59865287034,-5.230022407804,0.000304994501269725,-0.000669067002315,1.65122213427213e-05,0.000876317318729731,1.05432810823345e-05,1.09530675297359e-05,79.5705973412574,79.5030649206834,95.6168012993694,95.5365495789258
46.64,1228.89115871444,-5.23021511899705,0.000283765941172768,-0.000668854731524131,2.51016846470716e-05,0.000856522840966048,9.79311770862325e-06,1.18571807169142e-05,78.2032686600038,78.13780831301,93.9283918238385,93.8484461311912
46.65,1229.18367363717,-5.23040797824695,0.000262810322326089,-0.000668557564171645,3.35122860523763e-05,0.000838642839689923,9.05257402056666e-06,1.27371821184862e-05,77.0119642371353,76.9484530201398,92.4524914193675,92.3730154812396
46.66,1229.47619692981,-5.23060095779366,0.000242118276055834,-0.000668177214992905,4.17556366785021e-05,0.000821929328825561,8.32130320504698e-06,1.35917523987872e-05,75.9980179798559,75.9358658751767,91.1914054480472,91.1129521819961
46.67,1229.76872798747,-5.23079403040556,0.000221701929930567,-0.000667715328370533,4.98337638135917e-05,0.000805714336873566,7.59973276941217e-06,1.44174720384557e-05,75.1302866352311,75.0690449035065,90.1084032254333,90.0313689408815
46.68,1230.06126629397,-5.23098716916975,0.000201590537894784,-0.000667173613004845,5.77341842708253e-05,0.000786978072705153,6.88892144347281e-06,1.52161213579603e-05,74.3689311857649,74.3082307357652,89.1552537076022,89.0799692119793
46.69,1230.35381139866,-5.23118034740174,0.000181815994899992,-0.000666553938790884,6.54409878797295e-05,0.000766736237246535,6.1900321093981e-06,1.59884102950156e-05,73.6781004103532,73.617858922228,88.2889059466689,88.2154014169582
46.7,1230.6463628946,-5.23137353869027,0.000162406861144982,-0.00066585831557867,7.29423848041523e-05,0.00074579504247719,5.50410104395739e-06,1.67397360053968e-05,73.0315898489793,72.9719158286901,87.4778685864916,87.4059943704392
46.71,1230.93892040222,-5.23156671697784,0.000143384029485653,-0.000665088818243875,8.02358442086577e-05,0.000724961275562326,4.83188048207241e-06,1.74718654003016e-05,72.4132889878858,72.3543585674709,86.702761989164,86.6323096907596
46.72,1231.23148355904,-5.23175985666453,0.000124758363971884,-0.000664247505461014,8.73263914648864e-05,0.000704968780848122,4.17375733088736e-06,1.81887137798678e-05,71.8151855928259,71.7571652262741,85.9539319719177,85.8847073203264
46.73,1231.52405201441,-5.23195293267839,0.000106532857290471,-0.000663336353002854,9.42239683677694e-05,0.000686034451493974,3.52983006349902e-06,1.8889661223953e-05,71.2345601273898,71.1775728179402,85.2280763236661,85.1599305843977
46.74,1231.81662542765,-5.23214592053072,8.87034767150127e-05,-0.000662357230719412,0.000100939662897597,0.000668254739288656,2.89994425983622e-06,1.95762453845138e-05,70.6715080557714,70.6156272552652,84.5252561451254,84.4580899750234
46.75,1232.10920346808,-5.23233879633308,7.12626320365285e-05,-0.00066131189630664,0.000107484233582254,0.000651450845159299,2.28381625522167e-06,2.02471508906907e-05,70.1270986503548,70.0723570220811,83.8466865789935,83.7804409122818
46.76,1232.40178581568,-5.23253153680337,5.41996353052819e-05,-0.000660202012359698,0.000113866047086814,0.000635354867121642,1.6810545963678e-06,2.09008835667648e-05,69.6023254361124,69.54872747556,83.1934795161161,83.1281228215406
46.77,1232.69437216184,-5.23272411926395,3.75028986874801e-05,-0.000659029171192157,0.000120091390340584,0.000619848855830405,1.09123794347502e-06,2.15382847128845e-05,69.0976438206541,69.0451772670263,82.566092740277,82.5016095103635
46.78,1232.98696220972,-5.23291652161747,2.11616569905324e-05,-0.000657794908953245,0.000126165011511223,0.000604700342561941,5.1397545434918e-07,2.21575530216234e-05,68.6128798014427,68.5615242560739,81.9642310838713,81.9006138553436
46.79,1233.27955567429,-5.2331087223316,5.16557668980607e-06,-0.000656500725637339,0.000132090040982125,0.000589861281197527,-5.11050688218094e-08,2.27597988847516e-05,68.1473573931853,68.0970890491456,81.3869973274072,81.3242418958345
46.8,1233.572152282,-5.23330070041211,-1.04939363199244e-05,-0.000655148092280521,0.000137868904263914,0.000575191796730459,-6.04312711684272e-07,2.33437207609434e-05,67.7001107377988,67.6509049401509,80.8331497513825,80.7712530601233
46.81,1233.86475177024,-5.23349243538297,-2.58234761641583e-05,-0.000653738457098985,0.000143504459713055,0.000560692518190313,-1.14588392186725e-06,2.39107063549483e-05,67.2700604789998,67.2218743426461,80.3012697016136,80.2402516687777
46.82,1234.15735388677,-5.23368390723465,-4.08250796275106e-05,-0.000652273238980151,0.000148999180462177,0.000546398494290544,-1.67588743080852e-06,2.44596623716498e-05,66.8561708791601,66.8089073460919,79.7899227405294,79.7298566170589
46.83,1234.44995838908,-5.23387509637416,-5.54976829086371e-05,-0.000650753848444716,0.000154352260649462,0.000532137261228977,-2.19427181605612e-06,2.49919542161407e-05,66.457452329321,66.4110196790974,79.2978729982258,79.2388173084127
46.84,1234.74256504373,-5.23406598360498,-6.98386686148256e-05,-0.000649181705068413,0.000159562775747449,0.000517722105539642,-2.70093388599389e-06,2.55071847224176e-05,66.0729796809926,66.0273483375097,78.8240717397765,78.7660262442091
46.85,1235.03517362589,-5.2342565501269,-8.38458693703166e-05,-0.000647558239537777,0.000164630234382012,0.000503369522224157,-3.19578640045128e-06,2.60072879025432e-05,65.7019956066232,65.6571584601938,78.3675862338754,78.3105307594513
46.86,1235.32778391895,-5.23444677753918,-9.75176818797285e-05,-0.000645884876272699,0.000169555873418169,0.000489173260422582,-3.67876358991088e-06,2.64921100587705e-05,65.3438350198329,65.2997883777046,77.9275481932684,77.8714603715994
46.87,1235.62039571409,-5.23463664785176,-0.000110853966237675,-0.000644163022749167,0.000174341933392935,0.000475273937172392,-4.14985204518465e-06,2.69633097560218e-05,64.9979285087608,64.9546662633982,77.5031949080633,77.4480552208369
46.88,1235.91300880994,-5.23482614348657,-0.000123855413801913,-0.000642394057812353,0.000178991444753597,0.000461662732538227,-4.60906964268655e-06,2.74204234375058e-05,64.6637580858081,64.6212716327996,77.0938194364843,77.0396111367147
46.89,1236.20562301224,-5.23501524728511,-0.000136524247423898,-0.000640579330749897,0.000183507503631736,0.000448397094181704,-5.05648902353384e-06,2.78647094707703e-05,64.3408486454647,64.2991278978824,76.6987705467706,76.6454785803411
46.9,1236.49823813359,-5.23520394250815,-0.000148863539996512,-0.000638720157413903,0.000187893395629778,0.000435430077958544,-5.49221453741923e-06,2.82955683707499e-05,64.0287700936146,63.987804431755,76.3174506519763,76.2650607727888
46.91,1236.7908539931,-5.23539221284157,-0.000160877763422545,-0.000636817823133993,0.000192152201431535,0.000422796867383362,-5.916400486315e-06,2.87140516716749e-05,63.7271317582664,63.6869103875371,75.9493129523071,75.8978113797077
46.92,1237.08347041619,-5.23558004239481,-0.000172572082026901,-0.000634873580896394,0.00019628705755165,0.000410446442258397,-6.32922713450065e-06,2.91195439549354e-05,63.4355553729596,63.3960675177913,75.5938270992764,75.5432003398832
46.93,1237.37608723429,-5.23576741570463,-0.000183952796722687,-0.000632888654821429,0.000200300852649466,0.000398406354792739,-6.73091536203913e-06,2.95129630635627e-05,63.1536910589546,63.1149259305719,75.2504991764435,75.2007340718031
46.94,1237.66870428466,-5.23595431773174,-0.000195026653077223,-0.000630864238970708,0.000204196485854138,0.00038662628702311,-7.12170311264121e-06,2.98937140463954e-05,62.881237101779,62.8431839292594,74.9188969335881,74.8699805997884
46.95,1237.96132141015,-5.23614073386203,-0.000205801217300218,-0.000628801500892564,0.000207976596177163,0.000375128472193982,-7.50185771608105e-06,3.02626158531931e-05,62.6178732776214,62.5805212714771,74.5985665809404,74.5504864798462
46.96,1238.25393845898,-5.23632664990107,-0.000216284223731506,-0.000626701580825759,0.000211643805936414,0.000363864645015429,-7.87165363899687e-06,3.0619113830805e-05,62.3633235976419,62.3266619840926,74.2891152446636,74.2418590974628
46.97,1238.54655528457,-5.23651205205786,-0.000226478391399727,-0.000624565581657298,0.000215205031658782,0.000353898477924156,-8.23119675975097e-06,3.0964131401425e-05,62.117302004933,62.0813383328525,73.9901856706682,73.9437183425248
46.98,1238.83917174538,-5.23669692681407,-0.00023638164290326,-0.000622394518023807,0.00021866374687936,0.000342828252573278,-8.58040131976781e-06,3.12978692838285e-05,61.8794791442808,61.8443299957862,73.7015584235406,73.6557377462194
46.99,1239.13178770472,-5.23688126105161,-0.000246007309427355,-0.000620189480067638,0.000222010371897118,0.00033163711376445,-8.91969712849848e-06,3.1620726152259e-05,61.6496449937439,61.6153545784353,73.4227536462499,73.3775210971838
47,1239.42440303059,-5.23706504203079,-0.000255355210926899,-0.00061795156860137,0.000225249754997611,0.000321191447677882,-9.2490794496027e-06,3.19333753684122e-05,61.4276349826292,61.3941790305963,73.1533861772328,73.108747442149
47.01,1239.71701759548,-5.23724825732298,-0.000264426095026495,-0.000615681815592376,0.000228389045180129,0.000311375088809783,-9.56858353483402e-06,3.22353647148359e-05,61.2132594554161,61.1805874561483,72.893131915727,72.8491168614643
47.02,1240.00963127621,-5.23743089484032,-0.000273227463475497,-0.000613381195012835,0.000231432384911021,0.000301719030813373,-9.87847854432498e-06,3.25249560610133e-05,61.0063367214975,60.9743916577247,72.6417269383968,72.5983712807025
47.03,1240.30224395376,-5.23761294290357,-0.000281774309533143,-0.000611050659767698,0.000234380984691947,0.000292507915727648,-1.01792938360951e-05,3.28018507519553e-05,60.8067045051535,60.7753875705222,72.3988921778391,72.3562784618945
47.04,1240.59485551323,-5.23779439024441,-0.000290076016599003,-0.000608691138823547,0.000237237948480806,0.000283270292186336,-1.04713687221313e-05,3.30657732206269e-05,60.6142245345222,60.5834034137287,72.1643561205857,72.122593060324
47.05,1240.88746584362,-5.23797522597831,-0.000298145406808464,-0.000606303555665875,0.000240001339962058,0.00027363030357732,-1.07551544241334e-05,3.33166884916594e-05,60.4286640062669,60.3982865411647,71.937940840761,71.8970552687666
47.06,1241.18007483778,-5.23815543963557,-0.000305995213987558,-0.000603888868985827,0.000242667252710693,0.000263664904965534,-1.10310993605301e-05,3.35560689872353e-05,60.2498334522833,60.2198848697764,71.7194709601732,71.6794556396184
47.07,1241.47268239228,-5.23833502116725,-0.000313638753860687,-0.000601448075732633,0.000245231777716558,0.000253365349567739,-1.12996757804407e-05,3.37847433918574e-05,60.0775558276544,60.0480177743749,71.5087592114202,71.4696140466784
47.08,1241.76528840733,-5.23851396095225,-0.00032108587947779,-0.000598982186955525,0.000247696577895355,0.000243459223036503,-1.15612519770489e-05,3.40040582366775e-05,59.9116496815273,59.8824809040126,71.3056045245322,71.2673513947021
47.09,1242.05789278674,-5.23869224976185,-0.000328346531691149,-0.000596492183889228,0.00025006454760341,0.00023383979508459,-1.1816207322159e-05,3.42139861247213e-05,59.7519228188469,59.7231284984144,71.1097937916204,71.072403371845
47.1,1242.35049543775,-5.23886987878582,-0.000335433815053273,-0.00059397901142287,0.000252339879011369,0.000224681979697614,-1.20650367224299e-05,3.44151376991106e-05,59.5981854204964,59.5697898821836,70.9211235051697,70.8845533901108
47.11,1242.64309627095,-5.2390468396328,-0.000342360982322051,-0.000591443576200566,0.00025452612466015,0.000215884548122286,-1.23082364163916e-05,3.46072867608688e-05,59.4502529469966,59.4222492966651,70.7393953205346,70.7036348228203
47.12,1242.93569520021,-5.23922312429786,-0.000349135178710278,-0.000588886738475467,0.000256630223250757,0.000208191477146913,-1.25460916623276e-05,3.47910399265786e-05,59.3079415789184,59.2803302034771,70.5644469111221,70.5294737253246
47.13,1243.22829214258,-5.23939872503169,-0.000355756558998182,-0.000586309279998909,0.000258656106719854,0.000199903983215102,-1.27786224214551e-05,3.49667071374679e-05,59.1710006478318,59.1438624925843,70.3961670382782,70.3618787268585
47.14,1243.52088701823,-5.23957363438209,-0.000362231976613192,-0.000583712020340053,0.000260598285596611,0.000191518215990099,-1.30060602953655e-05,3.51346106513294e-05,59.0392749887657,59.0126600409961,70.2343029358246,70.2006355637384
47.15,1243.81347975038,-5.23974784514654,-0.000368557142564263,-0.000581095785553536,0.000262459667383681,0.000183646410143864,-1.32282641409297e-05,3.52954664305684e-05,58.9126236114962,58.8865386536091,70.0786022909569,70.0455337057769
47.16,1244.10607026513,-5.23992135029397,-0.000374724563066575,-0.000578461352820939,0.00026424587961698,0.00017632295004374,-1.34449826913734e-05,3.54490929156262e-05,58.7908924389578,58.7653238924873,69.9288483574556,69.8963753897611
47.17,1244.39865849137,-5.24009414294816,-0.00038072869633648,-0.000575809447987215,0.00026596122030633,0.000169311877494672,-1.36560265228353e-05,3.55944632139594e-05,58.6739487707477,58.6488793644922,69.7848823631728,69.7530048399241
47.18,1244.69124436075,-5.24026621640345,-0.000386567005580697,-0.000573140767209347,0.000267607679504322,0.000162418721946774,-1.38613038766707e-05,3.57313250218149e-05,58.5616331885807,58.5370491921512,69.6465272122678,69.6152414715728
47.19,1244.98382780753,-5.24043756414082,-0.000392238661927259,-0.000570455995544736,0.00026918576371079,0.000155530281997268,-1.40607781422813e-05,3.58594549041338e-05,58.4538224994353,58.4297146540063,69.513654764857,69.4829529191134
47.2,1245.27640876856,-5.24060817983711,-0.000397743429598741,-0.000567755817191719,0.000270695409304294,0.000148640980884383,-1.42544314421775e-05,3.59793360725775e-05,58.3503436682697,58.3267057398855,69.3860713086764,69.3559428650523
47.21,1245.56898718321,-5.24077805736486,-0.000403080837768637,-0.000565040916289333,0.000272136696950173,0.000141769810780238,-1.44422376005157e-05,3.60911983902741e-05,58.2510872127908,58.227914293446,69.2636593150099,69.2340927248249
47.22,1245.86156299327,-5.24094719078989,-0.000408250185835538,-0.000562311974722178,0.000273510032496821,0.000134964342759306,-1.46241628743949e-05,3.61956308516195e-05,58.1559027633174,58.1331902709411,69.1462479130164,69.1172316226498
47.23,1246.1541361429,-5.24111557436722,-0.000413250586470301,-0.000559569667845352,0.000274816214529576,0.000128248901657842,-1.48001677848088e-05,3.62928421748366e-05,58.0646654264257,58.0424086469103,69.0336964845396,69.0052192550847
47.24,1246.44670657858,-5.24128320253956,-0.000418081329403481,-0.000556814661817326,0.000276056286556549,0.000121653890414527,-1.49702196238745e-05,3.63832993347703e-05,57.977237241574,57.9554312932186,68.925846603224,68.8978976311027
47.25,1246.73927424903,-5.24145006993611,-0.000422741972700868,-0.00055404761092438,0.000277231499529595,0.000115186259117898,-1.51342957367687e-05,3.6467128426186e-05,57.8934911814687,57.8721310293879,68.8225528635099,68.7951216675192
47.26,1247.03183910511,-5.24161617137497,-0.000427233012928622,-0.00055126915886345,0.000278342579434286,0.000108796001744838,-1.52924064129858e-05,3.65446892580069e-05,57.8132956960017,57.792382641698,68.7236644758629,68.6967329015329
47.27,1247.3244010998,-5.24178150187773,-0.00043155685952673,-0.000548479941448651,0.000279390776974031,0.000102577008226634,-1.54446332881362e-05,3.66161346306401e-05,57.7365295491247,57.7160901819774,68.6290417376276,68.6025673198633
47.28,1247.61696018814,-5.24194605668263,-0.000435717006095855,-0.000545680575909055,0.000280378313272396,9.65848286335644e-05,-1.55910988726707e-05,3.66817882809733e-05,57.6630755437574,57.6431246079867,68.5385508578133,68.5125059055662
47.29,1247.90951632711,-5.242109831245,-0.000439717498729138,-0.000542871655229215,0.000281307673975177,9.08337606273497e-05,-1.57319445751621e-05,3.67415733058008e-05,57.5928172958771,57.5733520782689,68.4520568815069,68.4264303768913
47.3,1248.2020694756,-5.24227282123368,-0.000443562463425402,-0.000540053749105236,0.000282180976514716,8.52717889296619e-05,-1.58673144476943e-05,3.67955355194205e-05,57.5256533543245,57.5066646622948,68.3694413912328,68.3442284314393
47.31,1248.4946195944,-5.24243502252326,-0.000447255775088264,-0.000537227408892361,0.000282999813515621,7.98452567441671e-05,-1.59973435591049e-05,3.68435785337904e-05,57.461479001606,57.442956210361,68.2905804102451,68.2657774801239
47.32,1248.78716664609,-5.24259643118709,-0.000450801085901727,-0.000534393172649379,0.000283765332256901,7.45190551739873e-05,-1.612215871727e-05,3.68856767262597e-05,57.4001826304476,57.382115181347,68.2153386894049,68.1909423481205
47.33,1249.07971059501,-5.24275704348883,-0.000454201053880148,-0.000531551564844272,0.000284479337254891,6.93727001754749e-05,-1.62418519326562e-05,3.69219952754835e-05,57.3416759878628,57.3240427572515,68.1435844790063,68.1196043686787
47.34,1249.37225140719,-5.24291685585806,-0.000457456511146002,-0.00052870309549327,0.000285142413728555,6.42452961901488e-05,-1.63564455756563e-05,3.69524581738324e-05,57.2858848867755,57.2686401258727,68.0751743590126,68.0516422823312
47.35,1249.66478905028,-5.24307586487872,-0.000460567872558186,-0.00052584827399107,0.000285754481884832,5.90943602100557e-05,-1.64659467364308e-05,3.69772969292747e-05,57.2326905130515,57.2158111347395,68.0100163693474,67.9869401932057
47.36,1249.95732349354,-5.24323406728614,-0.00046353540295327,-0.000522987612006549,0.000286315305897062,5.39391351459847e-05,-1.65703584281544e-05,3.69967400429046e-05,57.1820067405661,57.1654852722148,67.9480349058402,67.9254081736954
47.37,1250.24985470773,-5.2433914599702,-0.000466359849834297,-0.000520121620933329,0.000286825198809738,4.88484217168791e-05,-1.66697014372616e-05,3.70111979957245e-05,57.1337326514747,57.1175660564348,67.8891137989036,67.8669264368397
47.38,1250.54238266514,-5.24354803997991,-0.000469042527403466,-0.000517250805487187,0.000287285075052755,4.38693994151805e-05,-1.67640174883083e-05,3.70209112151689e-05,57.0878040213924,57.0719891759766,67.8331682038682,67.8114105670923
47.39,1250.83490733946,-5.24370380452714,-0.000471585358232695,-0.000514375659149323,0.000287696199890803,3.90288374524568e-05,-1.68533707003995e-05,3.70261259140894e-05,57.0441365464828,57.0286693091577,67.7800868581435,67.7587505569651
47.4,1251.12742870582,-5.24385875098898,-0.000473990812507975,-0.000511496661688977,0.000288059990518192,3.43313417659065e-05,-1.69378454443344e-05,3.70269286957952e-05,57.0026616148209,56.9875370553407,67.7297765207337,67.7088540824204
47.41,1251.41994674067,-5.24401287690952,-0.000476261895242687,-0.000508614278641331,0.000288377871652713,2.97766864537102e-05,-1.70175457474285e-05,3.70234413370266e-05,56.9633097100897,56.9485225403918,67.6821411572213,67.6616256603273
47.42,1251.71246142177,-5.24416618000078,-0.000478402053718476,-0.000505728961406367,0.000288651232206715,2.53574173501556e-05,-1.70925919931548e-05,3.70156890713998e-05,56.926013306483,56.9115581108338,67.637089889238,67.6169746846956
47.43,1252.00497272815,-5.24431865814321,-0.000480415127825426,-0.000502841147920605,0.00028888139018862,2.10681059969412e-05,-1.71631190532274e-05,3.70037462089656e-05,56.8907100867368,56.8765814535939,67.5945344920967,67.5748131346893
47.44,1252.29748064004,-5.24447030938535,-0.000482305243766807,-0.000499951263260002,0.000289069597160189,1.68999939564577e-05,-1.72292725114708e-05,3.6987621457392e-05,56.8573472616099,56.8435397901969,67.554401089868,67.5350672760479
47.45,1252.58998513884,-5.24462113194303,-0.00048407675033882,-0.000497059720460348,0.000289217024807293,1.2846748759231e-05,-1.72912063183395e-05,3.69673687440204e-05,56.8258704849814,56.8123788113595,67.5166119604764,67.4976595538375
47.46,1252.88248620711,-5.24477112419765,-0.00048573411644781,-0.000494166921198289,0.000289324774134347,8.89986457596069e-06,-1.73490791456376e-05,3.69429967991817e-05,56.7962318073925,56.7830505824688,67.4810956489349,67.462518647266
47.47,1253.17498382849,-5.24492028469226,-0.000487280944939941,-0.000491273254630433,0.000289394741402957,5.34714144907248e-06,-1.74030210617195e-05,3.69145754684431e-05,56.7683781650024,56.7555039420669,67.4477834951536,67.4295735020256
47.48,1253.46747798772,-5.2450686120893,-0.000488717403245711,-0.000488379077599848,0.00028942928422602,1.37729756881603e-06,-1.74530380395932e-05,3.68824231704555e-05,56.7422258420453,56.7296898778238,67.4166413134689,67.398753973779
47.49,1253.75996867055,-5.24521610522949,-0.000490055170014741,-0.000485484783719384,0.000289422160338518,-2.61467987138394e-06,-1.74995253641643e-05,3.68460621434767e-05,56.7177438392215,56.7055317554426,67.3875876632389,67.37003207904
47.5,1254.0524558638,-5.24536276312976,-0.000491293933594124,-0.000482590761788238,0.000289379170167261,-6.02206721059961e-06,-1.75424892770712e-05,3.68062393712242e-05,56.6949052510884,56.6829848442693,67.3605265932535,67.3433229061693
47.51,1254.34493955522,-5.24550858492246,-0.000492436821260004,-0.000479697351680303,0.000289302985687156,-9.34810296693657e-06,-1.75820475053399e-05,3.67622477633772e-05,56.6736618542351,56.6620169743674,67.3353669444621,67.3185198464901
47.52,1254.63741973349,-5.24565356989218,-0.000493489945111229,-0.00047680488461893,0.000289193551158514,-1.27218087152985e-05,-1.76184167669384e-05,3.6713883012142e-05,56.6539759473597,56.6425984229038,67.3120475456293,67.2955544468594
47.53,1254.92989638818,-5.24579771748556,-0.00049445925467922,-0.000473913695646654,0.000289050456268852,-1.61200217192688e-05,-1.76518080910522e-05,3.66613947511037e-05,56.6358228283232,56.6247077199577,67.2905265766591,67.2743820826794
47.54,1255.22236950968,-5.24594102730379,-0.000495349533527708,-0.000471024121774802,0.000288873715235137,-1.94933115151935e-05,-1.76823929737223e-05,3.66050829512873e-05,56.6191769693854,56.6083203844235,67.2707673871333,67.2549652856624
47.55,1255.51483908924,-5.24608349909058,-0.000496164443206761,-0.000468136497371581,0.000288663772051248,-2.28063881424772e-05,-1.77103045202567e-05,3.65451799216156e-05,56.604013656851,56.5934119386436,67.2527365662267,67.2372706036352
47.56,1255.8073051189,-5.24622513272101,-0.00049690681372674,-0.000465251150807744,0.000288421323612511,-2.60422388045042e-05,-1.77356469579947e-05,3.64818416593099e-05,56.5902965571709,56.5799460233444,67.2363877883678,67.2212518734669
47.57,1256.09976759152,-5.24636592819247,-0.000497578896326767,-0.000462368402823192,0.000288147167298987,-2.9196052003237e-05,-1.77585040015162e-05,3.64151760771609e-05,56.5779987225721,56.5678956398772,67.2216899835229,67.2068782362412
47.58,1256.39222650071,-5.24650588561751,-0.000498182659313916,-0.000459488566749388,0.000287841863999938,-3.23145332613865e-05,-1.77789487243636e-05,3.63452699047618e-05,56.5670865858319,56.5572286731855,67.2086030697203,67.1941077709958
47.59,1256.68468184084,-5.2466450052223,-0.000498720089218932,-0.000456611949375069,0.000287506516164648,-3.52851769034928e-05,-1.77970559555386e-05,3.62722416481385e-05,56.5575273247227,56.5479203860837,67.1970599335935,67.1828663369986
47.6,1256.97713360702,-5.24678328733926,-0.000499192663535027,-0.000453738846348287,0.000287141910631376,-3.81801709722963e-05,-1.7812880777247e-05,3.61961285275009e-05,56.5492899149452,56.5399265858692,67.1870300586758,67.1731366964753
47.61,1257.26958179506,-5.24692073240142,-0.000499601617557924,-0.000450869545079242,0.000286748943416889,-4.10030964311977e-05,-1.78264692169906e-05,3.61170118312378e-05,56.5423307786617,56.533205428366,67.1784939560225,67.1648972749634
47.62,1257.56202640146,-5.24705734093604,-0.000499947817246961,-0.000448004325561584,0.000286328263393344,-4.37647604765791e-05,-1.78378537252616e-05,3.60349382904067e-05,56.5365989854629,56.5277069997404,67.1714050891606,67.1581007419429
47.63,1257.85446742341,-5.2471931135597,-0.000500231900218142,-0.000445143461742346,0.000285880449212911,-4.64690598384354e-05,-1.78470581026263e-05,3.59500052539552e-05,56.5320590372633,56.5233962104457,67.1657320868963,67.1527154663783
47.64,1258.14690485877,-5.24732805097418,-0.000500454311735741,-0.000442287221880031,0.000285406066110621,-4.91163099570299e-05,-1.78540988682094e-05,3.58623090946675e-05,56.5286725661306,56.5202349060304,67.1614355586611,67.1487019972546
47.65,1258.43933870602,-5.24746215396304,-0.000500615353518625,-0.000439435868564126,0.000284905686044127,-5.17048791365088e-05,-1.78589870620309e-05,3.57719655686537e-05,56.5263936505472,56.5181772950505,67.1584667337375,67.1460115571316
47.66,1258.73176896431,-5.24759542338849,-0.000500715226819457,-0.00043658965856818,0.000284379896491743,-5.42336976397512e-05,-1.78617298416926e-05,3.56790736639576e-05,56.525178824129,56.5171800230049,67.1567786996104,67.1445972626311
47.67,1259.02419563335,-5.2477278601889,-0.000500754083767957,-0.000433748842724747,0.000283829298983071,-5.67008265027793e-05,-1.78623323423025e-05,3.55837470581844e-05,56.524993645059,56.5172087361973,67.1563350844122,67.1444227713007
47.68,1259.31661871345,-5.24785946537653,-0.000500732062919048,-0.000430913665748376,0.000283254510739498,-5.91054236655034e-05,-1.78607989903662e-05,3.54860770089418e-05,56.5257996505842,56.5182250601287,67.1570943082453,67.1454465508858
47.69,1259.60903820549,-5.24799024003587,-0.000500649330684914,-0.000428084366132212,0.000282656159742643,-6.1445927418991e-05,-1.78571350008484e-05,3.53861684297623e-05,56.5275581245321,56.5201903500797,67.1590129483744,67.147625223394
47.7,1259.90145411089,-5.24812018532204,-0.000500506104285541,-0.000425261176010575,0.000282034884975769,-6.37220727757219e-05,-1.78513472375402e-05,3.52841012548556e-05,56.5302343596132,56.5230699716211,67.1620534069598,67.1509212498674
47.71,1260.1938664316,-5.24824930245922,-0.000500302443254383,-0.000422444320621666,0.000281391571066888,-6.58400990898428e-05,-1.78434373070489e-05,3.51799739463643e-05,56.5337915948195,56.5268276133409,67.166175196575,67.1552936440806
47.72,1260.48627517009,-5.24837759272567,-0.000500036794250105,-0.000419634010218643,0.00028072780379064,-6.79374312997747e-05,-1.78333497895022e-05,3.50739709202717e-05,56.5381943918595,56.5314407011857,67.1713672098106,67.1607176240727
47.73,1260.77868032932,-5.24850505745693,-0.000499710163427651,-0.000416830454237113,0.000280042617176409,-7.01011618332611e-05,-1.78211125662214e-05,3.49661081566712e-05,56.543398355644,56.536864409997,67.1775719670443,67.1671381772788
47.74,1261.07108191274,-5.24863169805592,-0.000499322631860721,-0.000414033866405591,0.000279336258177483,-7.22152188740525e-05,-1.78067248557923e-05,3.48566061477462e-05,56.5493826625249,56.5430675826701,67.1847466983923,67.1745229296076
47.75,1261.36347992425,-5.24875751598959,-0.000498874690013872,-0.000411244454824927,0.000278609627452647,-7.41442955016562e-05,-1.77902031657666e-05,3.47454044167826e-05,56.5561217716374,56.5500118627381,67.1928475451872,67.1828409672275
47.76,1261.65587436821,-5.24888251278426,-0.000498366190215186,-0.000408462409944034,0.000277864883101314,-7.59070137930945e-05,-1.77715449826559e-05,3.4632390525779e-05,56.5635902823047,56.5576720695467,67.2018419546926,67.1920583467056
47.77,1261.94826524938,-5.24900669002739,-0.000497798773964607,-0.000405687907346061,0.000277102819217836,-7.76459961370651e-05,-1.77508073728008e-05,3.45173832492565e-05,56.5717586853326,56.5660250952691,67.2116957655542,67.202134707988
47.78,1262.24065257294,-5.24913004938022,-0.000497175018637224,-0.000402921120102903,0.000276323407302045,-7.93986347435368e-05,-1.77280787958925e-05,3.44004152809311e-05,56.5806014973522,56.5750492764337,67.222380405674,67.213038009915
47.79,1262.53303634448,-5.24925259258069,-0.000496497396461117,-0.000400162222212661,0.000275526593047643,-8.11446833679854e-05,-1.77034444502768e-05,3.42816672645905e-05,56.5900963725508,56.5847235241063,67.2338698545233,67.2247412299498
47.8,1262.82541656994,-5.24937432144015,-0.000495767918294425,-0.000397411386664763,0.000274712654766806,-8.28237998100923e-05,-1.76769743903588e-05,3.41612882717328e-05,56.6002084879398,56.5950128658278,67.2461241945795,67.237204790505
47.81,1263.11779325565,-5.24949523783576,-0.000494987721306636,-0.000394668780234694,0.000273882374827125,-8.44555636718337e-05,-1.76487083867263e-05,3.40393896596263e-05,56.6109394008104,56.6059095586456,67.2591239894355,67.2504195653595
47.82,1263.41016640828,-5.24961534370084,-0.000494157545635621,-0.000391934564582832,0.000273036070929893,-8.60514972556719e-05,-1.76186709243276e-05,3.39159641946887e-05,56.6222614205416,56.6173847966116,67.2728388178505,67.2643548010481
47.83,1263.70253603485,-5.24973464102225,-0.000493278044177071,-0.000389208898373736,0.000272174002859638,-8.76269229835818e-05,-1.75868840167156e-05,3.37910891037501e-05,56.6341392454729,56.6294106411066,67.2872418278286,67.2789765605551
47.84,1263.99490214272,-5.24985313183983,-0.000492349995476065,-0.000386491937904895,0.000271296438585642,-8.91691033130297e-05,-1.75533743405441e-05,3.36648325263645e-05,56.6465555982483,56.6419728987325,67.3023207194672,67.2942698336091
47.85,1264.28726473954,-5.24997081824784,-0.00049137443072655,-0.000383783836035676,0.000270403786587847,-9.0663627517666e-05,-1.75181776700911e-05,3.35372840072146e-05,56.6594828788698,56.6550447200502,67.3180412793648,67.3101998693461
47.86,1264.5796238333,-5.25008770239724,-0.00049035294624885,-0.000381084741681201,0.000269496287312178,-9.21724194541925e-05,-1.74813494887915e-05,3.3408501074386e-05,56.6728985937694,56.6686025384581,67.3343794955451,67.326744119042
47.87,1264.87197943228,-5.25020378650514,-0.00048928786603009,-0.000378394802940159,0.000268574297437801,-9.35535505731192e-05,-1.74429724888378e-05,3.32784575054473e-05,56.6867951273514,56.6826311929269,67.3513222031202,67.3438971246031
47.88,1265.16433154504,-5.25031907284877,-0.000488180728066341,-0.000375714156964988,0.000267639109408625,-9.48505989706781e-05,-1.74031043173571e-05,3.31472017294347e-05,56.7011405469057,56.6971009431619,67.3688305362311,67.3616172429736
47.89,1265.45668018043,-5.25043356376635,-0.000487034069350799,-0.000373042932768565,0.000266691178697749,-9.6122537419616e-05,-1.7361836034802e-05,3.30146485189661e-05,56.7159136987516,56.7119937266877,67.3868784945397,67.3798756399583
47.9,1265.74902534755,-5.25054726166166,-0.000485850633632854,-0.000370381256642358,0.000265730712966512,-9.73724204102877e-05,-1.731926584388e-05,3.28808633755021e-05,56.7310949668439,56.7272914681824,67.4054400844709,67.3986449650617
47.91,1266.04136705576,-5.25066016900252,-0.000484632906480963,-0.000367729252531184,0.00026475798899861,-9.85889395640225e-05,-1.72754833555469e-05,3.27459272334825e-05,56.7466755054177,56.7429860938645,67.42450393199,67.4179132039187
47.92,1266.33370531464,-5.25077228831671,-0.000483383035064639,-0.00036508704098829,0.000263773395367528,-9.97617940189686e-05,-1.72305666792983e-05,3.26099233286767e-05,56.7626360303959,56.7590587702702,67.4440450600557,67.4376550323468
47.93,1266.62604013403,-5.25088362218758,-0.000482102861738052,-0.000362454738226217,0.000262777391803064,-0.000100887028174907,-1.71845833563225e-05,3.24728921266359e-05,56.7789522668124,56.7754855466631,67.4640322391641,67.4578389950053
47.94,1266.91837152397,-5.25099417324995,-0.000480793984398089,-0.000359832455747525,0.000261770453938134,-0.000101967143117709,-1.71375922472115e-05,3.23348751730346e-05,56.795622400514,56.7922649331888,67.4844615418174,67.4784609304741
47.95,1267.21069949469,-5.25110394418631,-0.000479457713394107,-0.000357220300201322,0.000260753153754121,-0.000102953837759078,-1.7089642081968e-05,3.21958900038771e-05,56.8126302321265,56.8093814380043,67.5053131499557,67.4995003783255
47.96,1267.50302405666,-5.2512129377156,-0.000478094096372821,-0.000354618368750272,0.000259726538321107,-0.000103907548833466,-1.70407369402987e-05,3.20560368643826e-05,56.8299575963778,56.8268238006041,67.5265781702732,67.5209409860089
47.97,1267.79534522052,-5.25132115659106,-0.000476704383996767,-0.00035202675688145,0.000258690122371725,-0.000104887776483071,-1.6990918825325e-05,3.19152853625956e-05,56.8475885123255,56.8445756819105,67.5482338245803,67.5427615057611
47.98,1268.08766299712,-5.25142860360231,-0.000475288809202633,-0.00034944556161858,0.000257644210149012,-0.000105809463341436,-1.69401958830902e-05,3.17737751139757e-05,56.8655154719928,56.8626251438185,67.5702590516544,67.5649452067459
47.99,1268.37997739747,-5.25153528156531,-0.000473847144103728,-0.000346874874096372,0.000256589511650824,-0.000106662853381791,-1.68885606983856e-05,3.16314989518801e-05,56.8837240844555,56.8809562774114,67.5926296503844,67.5874693813705
48,1268.67228843274,-5.25164119332004,-0.000472379362344599,-0.000344314778784901,0.000255526619073577,-0.000107465847836094,-1.68360123367965e-05,3.14884028099114e-05,56.9022079882156,56.8995617795125,67.615334927278,67.6103242841582
48.01,1268.96459611428,-5.25174634173159,-0.000470885744255653,-0.000341765355285587,0.000254455928369019,-0.000108237471522708,-1.6782560015048e-05,3.13444407954327e-05,56.9209626263412,56.9184367182689,67.6383667853333,67.6335022378794
48.02,1269.25690045356,-5.25185072969162,-0.000469366783295883,-0.000339226680129333,0.000253377688517631,-0.000108988332849416,-1.67282200771784e-05,3.11996186411599e-05,56.9399692344473,56.9375621988031,67.6617012663772,67.6569794805031
48.03,1269.54920146224,-5.25195436011905,-0.000467823070179518,-0.000336698827802249,0.000252292076489894,-0.000109723199764799,-1.66730121749137e-05,3.10539565888733e-05,56.9592275001929,56.9569378336281,67.6853358630824,67.6807536501451
48.04,1269.84149915207,-5.25205723596016,-0.000466255224806737,-0.000334181871187868,0.000251199247227617,-0.000110442129896812,-1.66169570216191e-05,3.09075055124997e-05,56.9787193928008,56.9765455212276,67.7092486310952,67.7048029451611
48.05,1270.13379353498,-5.2521593601881,-0.000464663854663277,-0.00033167588158499,0.000250099363161569,-0.00011114408137569,-1.6560075008899e-05,3.07603101923851e-05,56.9984462264,56.996386492712,67.7334404542292,67.7291284014842
48.06,1270.42608462299,-5.25226073580238,-0.000463049546245995,-0.000329180928590621,0.000248992603525191,-0.000111826711330016,-1.65023859229166e-05,3.06124304367265e-05,57.0183940314658,57.0164466950375,67.757893762017,67.753712601403
48.07,1270.71837242826,-5.25236136582801,-0.000461412858807419,-0.000326697079881317,0.00024787916911817,-0.000112488323228552,-1.64439087288428e-05,3.04639126685689e-05,57.0385473633793,57.0367105926381,67.7825893864513,67.7785365376052
48.08,1271.01065696307,-5.25246125331474,-0.000459754332364276,-0.00032422440103614,0.000246759278044867,-0.000113126915929031,-1.6384661830949e-05,3.03148132639286e-05,57.0589087416829,57.0571806179085,67.8075309743527,67.8036040086043
48.09,1271.30293823979,-5.25256040133627,-0.000458074488565355,-0.000321762955349877,0.000245633165047627,-0.000113741400903234,-1.63246630939254e-05,3.01651741656995e-05,57.0794599329022,57.0778384639503,67.8326947390486,67.8288913696898
48.1,1271.59521627093,-5.25265881298942,-0.000456373839816934,-0.00031931280371566,0.000244501075575236,-0.000114330482525027,-1.6263930138596e-05,3.00150457817274e-05,57.1001993278866,57.0986824498005,67.8580800429623,67.8543981193045
48.11,1271.88749106907,-5.25275649139336,-0.000454652889631438,-0.000316874004507459,0.000243363264839139,-0.000114893707161473,-1.62024803450937e-05,2.98644649170541e-05,57.1211069728144,57.1196925615319,67.8836624902793,67.8800999886322
48.12,1272.17976264689,-5.25285343968881,-0.000452912140587519,-0.000314446613528449,0.000242219991865892,-0.000115430573175792,-1.61403311104592e-05,2.97134736759803e-05,57.1421850101832,57.1408708864472,67.9094460698813,67.9060010842141
48.13,1272.47203101716,-5.25294966103731,-0.000451152092487233,-0.000312030683964148,0.000241071520342197,-0.000115940705257029,-1.60774997812956e-05,2.95621117517136e-05,57.1634278184402,57.1622117690441,67.935422346591,67.9320930677438
48.14,1272.76429619276,-5.2530451586204,-0.000449373246892998,-0.000309626266348897,0.000239918115142763,-0.000116424348682686,-1.60140038013102e-05,2.94104088834466e-05,57.1848133187472,57.1836931023893,67.9615671968632,67.958351908873
48.15,1273.05655818663,-5.25313993563894,-0.00044757611116053,-0.000307233408584396,0.000238760039069201,-0.000116881468363573,-1.59498608402505e-05,2.92584022974772e-05,57.2063470460145,57.2053203953969,67.9878866340266,67.9847837068658
48.16,1273.34881701178,-5.25323399531239,-0.000445761196397805,-0.000304852155944149,0.000237597553569238,-0.000117312567842226,-1.58850887239966e-05,2.91061183229786e-05,57.2280134270397,57.2270780705486,68.0143634180541,68.0113712879541
48.17,1273.64107268132,-5.25332734087808,-0.000443929021677013,-0.00030248255111573,0.000236430915801314,-0.000117717828527262,-1.5819705573772e-05,2.89535901988598e-05,57.2498088145008,57.2489624816504,68.0409913109803,68.0381084730275
48.18,1273.93332520839,-5.25341997559059,-0.000442080111801295,-0.000300124634225537,0.000235260379822498,-0.000118097875450743,-1.57537297311145e-05,2.88008413937809e-05,57.2717175080649,57.2709579392137,68.0677551382029,68.0649801373429
48.19,1274.22557460624,-5.25351190272101,-0.000440215000761299,-0.000297778442895178,0.000234086194007659,-0.000118453053461091,-1.56871798727646e-05,2.86479016397266e-05,57.2937380178321,57.2930629697036,68.094652043049,68.0919834656019
48.2,1274.51782088813,-5.25360312555639,-0.000438334229605336,-0.000295444012281778,0.000232908602172017,-0.000118784079927662,-1.56200749413068e-05,2.84947920271084e-05,57.3158627210671,57.3152699841232,68.121673701743,68.1191101581592
48.21,1274.81006406741,-5.25369364739906,-0.000436438349274012,-0.000293121375142995,0.000231727841995051,-0.000119091326609324,-1.55524342420888e-05,2.83415397418454e-05,57.3380892520536,57.3375766578998,68.1488177174325,68.1463578337189
48.22,1275.10230415749,-5.25378347156603,-0.000434527917983915,-0.000290810561879163,0.000230544146684093,-0.000119375496923122,-1.54842773574414e-05,2.81881637840924e-05,57.3603967323972,57.3599621570602,68.176059199978,68.1737016164566
48.23,1275.39454117179,-5.25387260138843,-0.000432603503354369,-0.000288511600597867,0.000229357743068901,-0.000119636998674108,-1.54156242175585e-05,2.80346890635312e-05,57.3827928704159,57.3824342347585,68.2034090045626,68.2011523702738
48.24,1275.68677512381,-5.25396104021094,-0.00043066567966556,-0.000286224517160563,0.000228168853082084,-0.000119876555267312,-1.5346495011372e-05,2.7881132852599e-05,57.4052638198646,57.4049791062382,68.2308496368617,68.228692595039
48.25,1275.97900602707,-5.25404879139118,-0.000428715029485694,-0.000283949335247834,0.00022697769245685,-0.000120094574072863,-1.52769102414897e-05,2.77275177787186e-05,57.4278029496706,57.4275902000544,68.2583739601933,68.2563151490126
48.26,1276.27123389515,-5.2541358582992,-0.000426752140465741,-0.000281686076405414,0.000225784472079533,-0.000120291728772052,-1.52068906165329e-05,2.75738601145455e-05,57.4504054412957,57.4502627606164,68.285977722659,68.2840157704375
48.27,1276.56345874164,-5.2542222443169,-0.000424777606191198,-0.000279434760106515,0.000224589396932399,-0.000120468424212904,-1.5136457079392e-05,2.74201806984139e-05,57.4730634848771,57.472989045883,68.3136497660463,68.3117832862616
48.28,1276.85568058018,-5.2543079528375,-0.000422792023110326,-0.000277195403797247,0.000223392667109965,-0.000120625340578137,-1.5065630703236e-05,2.72664943473025e-05,57.4957742832011,57.4957663286736,68.3413881789891,68.3396157666016
48.29,1277.14789942443,-5.254392987265,-0.000420795990971959,-0.000274968022958141,0.000222194477012134,-0.00012076285589241,-1.49944327046142e-05,2.71128205040471e-05,57.5185325758476,57.5185894208086,68.3691871131426,68.3675073422683
48.3,1277.44011528808,-5.25447735101361,-0.000418790109108643,-0.000272752631146668,0.0002209950165965,-0.000120881581420526,-1.49228843159453e-05,2.69591731048687e-05,57.5413235013001,57.5414435291347,68.3970281279774,68.3954395561841
48.31,1277.73232818482,-5.25456104750724,-0.000416774976399801,-0.000270549240055191,0.000219794470079781,-0.000120981934684252,-1.48510067798284e-05,2.68055703318173e-05,57.5641587513884,57.5643404135135,68.4249260954732,68.4234272598187
48.32,1278.0245381284,-5.25464408017889,-0.00041475118785755,-0.000268357859555052,0.000218593017333816,-0.000121064491643342,-1.47788212325137e-05,2.6652025309395e-05,57.5870210663143,57.5872628897649,68.452860628742,68.4514500411062
48.33,1278.31674513256,-5.25472645247016,-0.000412719333985882,-0.000266178497750336,0.000217390833056545,-0.000121129627762919,-1.47063486764549e-05,2.64985552108996e-05,57.6099067535393,57.6102073276201,68.4808258764052,68.4795020354112
48.34,1278.60894921104,-5.25480816783062,-0.000410679997192467,-0.000264011161018847,0.000216188087632902,-0.000121177908087835,-1.46336098543218e-05,2.63451726299673e-05,57.6328077315807,57.6331657079443,68.5088123079991,68.5075736973722
48.35,1278.90115037763,-5.25488922971727,-0.000408633751208303,-0.000261855854065864,0.000214984946240549,-0.000121209723785541,-1.45606252240997e-05,2.61918939087623e-05,57.6557286863005,57.6561427791358,68.5368269495827,68.5356720363687
48.36,1279.19334864609,-5.25496964159391,-0.000406581157828207,-0.000259712579965303,0.000213781569936424,-0.000121225596023006,-1.44874148448831e-05,2.60387314193706e-05,57.6786584849611,57.6791274720856,68.5648547425518,68.5637819771373
48.37,1279.48554403021,-5.25504940693064,-0.000404522766326431,-0.000257581340208778,0.000212578115065336,-0.000121225880911271,-1.44139983509328e-05,2.58857006864206e-05,57.7015966082983,57.7021193216569,68.5928967180216,68.5919045421777
48.38,1279.77773654378,-5.25512852920318,-0.000402459110608675,-0.000255462134744527,0.000211374733922629,-0.000121211079346889,-1.43403948500801e-05,2.57328139582607e-05,57.7245405732869,57.7251158982558,68.6209478394743,68.6200346858445
48.39,1280.06992620057,-5.25520701189228,-0.000400390708666508,-0.000253354962023705,0.000210171574449803,-0.00012118154731946,-1.42666229000648e-05,2.55800857203096e-05,57.7474780983067,57.7481049676557,68.6489935491656,68.6481578486253
48.4,1280.36211301438,-5.25528485848315,-0.000398318059435505,-0.000251259819037183,0.000208968781123612,-0.00012113762198685,-1.41927003959324e-05,2.54275303755071e-05,57.7704091842669,57.7710865692279,68.6770346735151,68.6762748614439
48.41,1280.65429699898,-5.25536207246481,-0.000396241642403922,-0.000249176701351774,0.000207766494284577,-0.000121079797659106,-1.41186445517912e-05,2.52751599251543e-05,57.7933349234474,57.7940618372583,68.7050713194816,68.7043858307626
48.42,1280.94647816815,-5.2554386573295,-0.000394161917440599,-0.000247105603155428,0.000206564850260119,-0.000121008367270133,-1.40444718915445e-05,2.51229891865327e-05,57.8162548241204,57.8170303222545,68.7331035106477,68.7324907802548
48.43,1281.23865653566,-5.25551461657205,-0.000392079322858199,-0.000245046517288314,0.000205363982304773,-0.000120923710970607,-1.39701981789736e-05,2.49710302947097e-05,57.8391535864098,57.8399767554941,68.7611110494123,68.7605695241946
48.44,1281.53083211527,-5.25558995368927,-0.000389994275528296,-0.000242999435279158,0.000204164020095647,-0.000120826103771605,-1.38958384161083e-05,2.48192979080585e-05,57.8620358174084,57.8629057648182,68.7891013884651,68.7886295345159
48.45,1281.82300492071,-5.25566467217938,-0.000387907169760969,-0.000240964347375635,0.000202965090154668,-0.000120715938037599,-1.38214068025786e-05,2.46678042959726e-05,57.8848975847827,57.885813444331,68.8170670007241,68.816663297219
48.46,1282.11517496573,-5.25573877554135,-0.00038581837801467,-0.000238941242579367,0.000201767315860169,-0.000120593449690806,-1.37469167574793e-05,2.45165638233061e-05,57.9077301326561,57.9086910600943,68.8449991157509,68.8446620606458
48.47,1282.40734226404,-5.25581226727437,-0.000383728250340657,-0.000236930108672399,0.000200570817684993,-0.000120458992107439,-1.36723808971571e-05,2.4365588758972e-05,57.9305369446371,57.9315421096077,68.8729011241635,68.8726292392929
48.48,1282.69950682934,-5.25588515087723,-0.00038163711572587,-0.000234930932250441,0.000199375713053626,-0.000120312796471037,-1.35978110799322e-05,2.42148932732114e-05,57.9533177354994,57.9543663264267,68.9007725628499,68.9005643892337
48.49,1282.99166867531,-5.25595742984777,-0.000379545282111208,-0.000232943698747357,0.000198182116933725,-0.000120155157337841,-1.35232184064584e-05,2.40644896577998e-05,57.9760679563746,57.977159177298,68.9286065696238,68.9284606705169
48.5,1283.28382781561,-5.25602910768234,-0.000377453037698474,-0.000230968392461616,0.000196990141931636,-0.000119986255970937,-1.34486132631838e-05,2.39143918607836e-05,57.9987818797153,57.9999149406213,68.9563975181932,68.9563124889933
48.51,1283.57598426389,-5.25610018787524,-0.000375360651281501,-0.000229004996576974,0.000195799898336677,-0.000119806373283867,-1.33740053326367e-05,2.37646119882152e-05,58.0214608675464,58.0226349817086,68.9841463223735,68.984120790546
48.52,1283.86813803375,-5.25617067391825,-0.00037326837391718,-0.00022705349318866,0.000194611494022424,-0.000119615710383804,-1.32994036512433e-05,2.36151635528421e-05,58.0441004412015,58.0453148265708,69.0118479502487,69.0118805749997
48.53,1284.1602891388,-5.25624056930007,-0.000371176439777726,-0.000225113863324832,0.00019342503451731,-0.000119414541045574,-1.32248166389354e-05,2.34660583038828e-05,58.0667008303904,58.0679547093704,69.0395013204294,69.0395907909925
48.54,1284.45243759259,-5.25630987750589,-0.000369085067902238,-0.000223186086970789,0.000192240623339618,-0.000119203018717052,-1.31502521608113e-05,2.33173094621603e-05,58.0892506288127,58.0905432248334,69.0670929065293,69.0672379475918
48.55,1284.74458340867,-5.25637860201693,-0.000366994463065143,-0.000221270143087215,0.000191058361810762,-0.000118981405482632,-1.30757175570003e-05,2.3168928494798e-05,58.1117601585184,58.1130906926696,69.0946363658877,69.0948357365113
48.56,1285.03672660055,-5.25644674630997,-0.000364904818063648,-0.000219366009634298,0.000189878349116726,-0.000118749885321034,-1.30012197241776e-05,2.30209277196649e-05,58.1342212392113,58.1355889379005,69.1221200245382,69.122372513163
48.57,1285.3288671817,-5.25651431385697,-0.00036281631478536,-0.000217473663590398,0.000188700682483519,-0.000118508673299213,-1.29267651539622e-05,2.28733183151317e-05,58.1566323507374,58.1580364399302,69.1495417866165,69.1498462151104
48.58,1285.62100516557,-5.25658130812467,-0.000360729126023185,-0.000215593080972707,0.000187525457210525,-0.000118257939982269,-1.28523599973621e-05,2.27261120219432e-05,58.1789955003195,58.1804352050549,69.176905082319,69.1772603060067
48.59,1285.9131405656,-5.25664773257422,-0.000358643416622189,-0.000213724236854756,0.00018635276678809,-0.00011799789588275,-1.27780101066658e-05,2.2579319317036e-05,58.2013045755943,58.2027791193734,69.2042027822887,69.2046076903703
48.6,1286.20527339515,-5.25671359066084,-0.000356559345165367,-0.000211867105387158,0.000185182702573506,-0.000117728732187189,-1.27037210951991e-05,2.24329513204014e-05,58.2235631650254,58.225071769437,69.2314380574606,69.2318915722293
48.61,1286.49740366758,-5.25677888583346,-0.000354477064896673,-0.000210021659815285,0.000184015354317382,-0.00011745064296125,-1.26294983725687e-05,2.22870177349375e-05,58.2457557452301,58.2472976307007,69.2585928138891,69.259093891414
48.62,1286.78953139621,-5.25684362153446,-0.000352396725400679,-0.000208187872500764,0.000182850809212912,-0.000117163869159395,-1.25553472028619e-05,2.21415286963176e-05,58.2678996298169,58.2694740132884,69.2856872957574,69.2862349239912
48.63,1287.08165659432,-5.25690780119933,-0.000350318473658772,-0.000206365714943161,0.000181689152727298,-0.000116868587828417,-1.24812727463681e-05,2.1996493485939e-05,58.2899801133302,58.2915862207728,69.3127039243627,69.3132971137506
48.64,1287.37377927515,-5.25697142825644,-0.000348242454975896,-0.000204555157798044,0.000180530468355796,-0.000116564992491096,-1.24072800925224e-05,2.1851921456349e-05,58.3119985788952,58.3136356319987,69.3396458683403,69.3402836635868
48.65,1287.66589945191,-5.25703450612676,-0.00034616881406287,-0.000202756170897191,0.000179374837428103,-0.000116253322424341,-1.23333742994047e-05,2.17078209561769e-05,58.3339583992323,58.335625622916,69.366514018162,69.3671954888708
48.66,1287.95801713776,-5.25709703822361,-0.000344097696003769,-0.000200968723270268,0.000178222339354938,-0.000115933755186779,-1.22595604308117e-05,2.15642004551224e-05,58.3558500187016,58.3575466442466,69.3932998245288,69.3940240640153
48.67,1288.25013234583,-5.25715902795246,-0.000342029246597241,-0.000199192783164076,0.00017707305141213,-0.000115606501257997,-1.21858435689482e-05,2.14210679611963e-05,58.3776791151346,58.3794043746253,69.420008434656,69.4207745630794
48.68,1288.54224508921,-5.25722047871071,-0.000339963613251185,-0.000197428318063893,0.000175927048751207,-0.000115271804312344,-1.21122288483124e-05,2.12784307519372e-05,58.399449353642,58.4012024883578,69.4466452527791,69.4474524083641
48.69,1288.83435538095,-5.25728139388747,-0.000337900945282123,-0.00019567529471405,0.000174784404772931,-0.000114929811189169,-1.20387214684347e-05,2.11362962028763e-05,58.4211427592519,58.4229230158662,69.4731885813745,69.4740359270042
48.7,1289.12646323405,-5.25734177686342,-0.000335841393837627,-0.000193933679136757,0.000173645190498687,-0.000114580784675406,-1.19653266906239e-05,2.09946709483604e-05,58.4427707492268,58.4445773731939,69.4996516005141,69.5005383254519
48.71,1289.41856866148,-5.25740163101054,-0.000333785112443576,-0.000192203436656224,0.000172509474782408,-0.000114224940681803,-1.18920498602507e-05,2.08535614862577e-05,58.4643268302153,58.4661590811259,69.526026299176,69.5269516056742
48.72,1289.71067167616,-5.25746095969202,-0.000331732256952039,-0.000190484531920144,0.000171377324265009,-0.000113862491711495,-1.1818896406218e-05,2.07129739391874e-05,58.485816705679,58.4876738538395,69.5523206483257,69.5532837537078
48.73,1290.00277229096,-5.25751976626204,-0.000329682985576077,-0.000188776928920531,0.00017024880371077,-0.00011349362468854,-1.17458718436885e-05,2.0572914199656e-05,58.5072298633592,58.5091111899132,69.578521112406,69.5795212503998
48.74,1290.29487051873,-5.25757805406561,-0.000327637458522927,-0.000187080591012512,0.000169123975843398,-0.000113118550705543,-1.16729817615004e-05,2.04333877227354e-05,58.528566447502,58.5304712388622,69.6046287580133,69.6056651823515
48.75,1290.58696637224,-5.25763582643845,-0.000325595838033686,-0.000185395480936827,0.000168002900973812,-0.000112737520051144,-1.16002318241894e-05,2.02943996829784e-05,58.5498377439102,58.551765300396,69.6306564766777,69.6317284507521
48.76,1290.87905986424,-5.2576930867068,-0.000323558288135691,-0.000183721560841938,0.000166885637589033,-0.000112350698893898,-1.15276277659181e-05,2.01559550832508e-05,58.5710269800108,58.5729766202251,69.6565840561902,69.6576908517272
48.77,1291.17115100743,-5.25774983818727,-0.000321524974013178,-0.00018205879230227,0.00016577224210357,-0.000111958300544254,-1.14551753673635e-05,2.00180587593048e-05,58.5921449516363,58.5941160010615,69.6824245382948,69.6835654437821
48.78,1291.46323981447,-5.2578060841867,-0.000319496061793945,-0.000180407136338819,0.000164662769027031,-0.000111560515399547,-1.13828804493984e-05,1.98807150597679e-05,58.6131838095194,58.6151756100422,69.7081692838259,69.7093435955096
48.79,1291.75532629794,-5.257861828002,-0.000317471717904065,-0.000178766553438228,0.000163557270895946,-0.000111157534389364,-1.13107488505596e-05,1.97439284743986e-05,58.6341437924006,58.6361556970624,69.7338174147331,69.7350244417067
48.8,1292.04741047043,-5.25791707292004,-0.00031545210860115,-0.000177137003572449,0.000162455798263257,-0.000110749570728031,-1.12387864106548e-05,1.96077029359102e-05,58.6550277902697,58.6570591668437,69.7593730449253,69.7606121041437
48.81,1292.33949234443,-5.25797182221743,-0.000313437399623222,-0.000175518446218473,0.000161358399810225,-0.00011033679951809,-1.11669989588474e-05,1.94720423354629e-05,58.6758311188394,58.6778813510151,69.7848314787231,69.7861018947788
48.82,1292.6315719324,-5.25802607916045,-0.000311427755495112,-0.000173910840376832,0.00016026512233951,-0.000109919403572391,-1.10953922887807e-05,1.93369505835486e-05,58.6965545273686,58.6986230116287,69.8101916207281,69.8114927278359
48.83,1292.92364924677,-5.25807984700485,-0.000309423339049399,-0.000172314144589529,0.000159176010905776,-0.000109497560637112,-1.10239721419916e-05,1.92024312380035e-05,58.717199083142,58.7192852324576,69.8354565054157,69.8367876433181
48.84,1293.21572429989,-5.25813312899572,-0.000307424311052949,-0.000170728316957576,0.000158091108855114,-0.000109071436438454,-1.09527441945292e-05,1.90684877126268e-05,58.7377607274459,58.7398639706581,69.8606201311711,69.8619806460265
48.85,1293.50779710409,-5.25818592836735,-0.000305430829737095,-0.000169153315158149,0.000157010457737928,-0.000108641211833622,-1.08817140396151e-05,1.89351233512077e-05,58.7582479691945,58.7603677489982,69.8856942433878,69.8870834883096
48.86,1293.79986767163,-5.25823824834306,-0.000303443050225939,-0.000167589096460881,0.00015593409777485,-0.000108207013480543,-1.08108871680359e-05,1.88023414179373e-05,58.7786434135581,58.7807791882035,69.9106557348346,69.912073070364
48.87,1294.09193601473,-5.25829009213508,-0.000301461123829366,-0.000166035617741904,0.000154862067472622,-0.000107769020951506,-1.07402689412394e-05,1.86701449937683e-05,58.7989572871386,58.8011085215213,69.935518146607,69.9369629465461
48.88,1294.38400214555,-5.2583414629444,-0.000299485197979916,-0.000164492835502028,0.000153794403597214,-0.000107327405283095,-1.0669864589105e-05,1.85385370612714e-05,58.8191888203283,58.8213549981458,69.9602800176096,69.9617516568335
48.89,1294.67606607622,-5.25839236396059,-0.000297515415900339,-0.000162960705882513,0.000152731141495878,-0.000106882294102798,-1.05996791986254e-05,1.84075205936526e-05,58.8393381279619,58.8415187512391,69.9849428972942,69.9864407530968
48.9,1294.96812781881,-5.25844279836167,-0.000295551916331905,-0.000161439184678605,0.00015167231515391,-0.000106433826269074,-1.05297177030861e-05,1.82770984155541e-05,58.8594038556196,58.8615984391063,70.0095029378132,70.0110263949069
48.91,1295.26018738532,-5.25849276931401,-0.000293594833214591,-0.000159928227352142,0.000150617957398975,-0.000105982113617214,-1.04599848703541e-05,1.81472733057497e-05,58.8793832634062,58.8815913331072,70.033958628352,70.0355070802071
48.92,1295.55224478772,-5.25854227997211,-0.000291644295320432,-0.000158427789044066,0.000149568099712218,-0.00010552728849097,-1.03904852888169e-05,1.80180480130777e-05,58.89927769319,58.9014987853623,70.0583114236313,70.0598842723613
48.93,1295.84430003793,-5.25859133347852,-0.000289700426129033,-0.000156937824587409,0.000148522772261622,-0.000105069494712177,-1.03212233625846e-05,1.78894248839523e-05,58.919083610054,58.9213172730317,70.082555721725,70.0841523767166
48.94,1296.1363531478,-5.25863993296364,-0.000287763343778826,-0.000155458288521154,0.000147482003863359,-0.000104608864213516,-1.02522033088379e-05,1.77614065421393e-05,58.9388033267187,58.9410491199211,70.1066952926051,70.1083151706532
48.95,1296.42840412916,-5.25868808154567,-0.000285833160981713,-0.000153989135103104,0.000146445822078039,-0.000104145506729754,-1.01834291544934e-05,1.76339953878849e-05,58.9584392223009,58.960696719187,70.1307330190604,70.1323755408577
48.96,1296.72045299374,-5.25873578233036,-0.000283909985119454,-0.000152530318321447,0.000145414253402454,-0.000103679531727556,-1.01149047394885e-05,1.75071937929231e-05,58.9779901678385,58.9802589550733,70.1546677993727,70.1563323909793
48.97,1297.01249975327,-5.258783038411,-0.000281993918229011,-0.000151081791904943,0.000144387323315117,-0.000103211035485196,-1.00466337153642e-05,1.73810040881911e-05,58.9974556786667,58.9997353523827,70.1784978402008,70.180183936153
48.98,1297.3045444194,-5.25882985286819,-0.000280085057063438,-0.000149643509332912,0.000143365056296447,-0.000102740130866406,-9.97861954690182e-06,1.7255428304718e-05,59.0168334356614,59.0191236014082,70.2022201096234,70.2039271528162
48.99,1297.59658700373,-5.25887622876978,-0.000278183493107593,-0.000148215423845526,0.000142347475808202,-0.00010226690753045,-9.91086551197693e-06,1.71304685830042e-05,59.0361254546102,59.0384257246605,70.2258392688299,70.2275667125884
49,1297.88862751781,-5.25892216917073,-0.000276289312457709,-0.000146797488453825,0.000141334604332593,-0.000101791468862373,-9.84337469679142e-06,1.70061269065477e-05,59.055324612068,59.0576346048735,70.2493450495773,70.2510923586622
49.01,1298.18066597313,-5.25896767711299,-0.000274402595978188,-0.000145389655950346,0.000140326463133512,-0.000101313945862377,-9.77615000051913e-06,1.68824051914006e-05,59.0744380921433,59.0767574327098,70.2727464016219,70.2745130500502
49.02,1298.47270238115,-5.25901275562537,-0.000272523419782027,-0.000143991878921299,0.000139323072342307,-0.000100834446942955,-9.70919415259066e-06,1.67593051467801e-05,59.0934662825449,59.0957946097871,70.2960427753295,70.2978282395494
49.03,1298.76473675325,-5.25905740772345,-0.000270651855506265,-0.00014260410975655,0.00013832445125649,-0.000100353030458862,-9.64250972258543e-06,1.66368286016183e-05,59.1124087018176,59.1147456652069,70.3192359124186,70.3210396748562
49.04,1299.05676910078,-5.25910163640951,-0.000268787970206574,-0.00014122630065613,0.000137330618603305,-9.98697768927143e-05,-9.57609911598666e-06,1.65149770942037e-05,59.131252640898,59.1335978914484,70.3423082652875,70.3441298244478
49.05,1299.34879943502,-5.25914544467237,-0.000266931826751851,-0.000139858403639812,0.000136341591677157,-9.93848316571413e-05,-9.50996458609472e-06,1.63937521497769e-05,59.1500215653246,59.1523747576752,70.3652899925947,70.3671288560568
49.06,1299.6408277672,-5.25918883548734,-0.000265083484213532,-0.00013850037055856,0.000135357387184086,-9.88982411960613e-05,-9.444108250747e-06,1.62731551760983e-05,59.1686958050488,59.1710566105841,70.3881546372386,70.3900103133795
49.07,1299.93285410851,-5.25923181181611,-0.000263242997856802,-0.000137152153101074,0.000134378020872872,-9.8410106251167e-05,-9.37853208999129e-06,1.61531875071757e-05,59.1872860778651,59.1896541678012,70.4109177543539,70.4127897664495
49.08,1300.22487847008,-5.25927437660671,-0.000261410419481254,-0.000135813702802722,0.000133403507781142,-9.79204958977677e-05,-9.31323795838357e-06,1.60338503299123e-05,59.2057853748265,59.2081604258064,70.4335703296039,70.4354582107749
49.09,1300.51690086297,-5.25931653279336,-0.000259585797459789,-0.000134484971053434,0.0001324338619737,-9.74295183817667e-05,-9.24822758606136e-06,1.59151446781198e-05,59.2241938052251,59.2265754964628,70.4561114724706,70.458014767958
49.1,1300.80892129821,-5.25935828329647,-0.000257769177161212,-0.000133165909108255,0.00013146909645837,-9.69372766782482e-05,-9.18350259361115e-06,1.57970715372706e-05,59.2425178680131,59.2449058860971,70.4785498315573,70.4804680929311
49.11,1301.10093978678,-5.25939963102252,-0.000255960601264309,-0.000131856468096961,0.000130509223444343,-9.64438349547342e-05,-9.11906450416298e-06,1.56796319381583e-05,59.2607572471491,59.2631512888853,70.5008847566162,70.5028175396802
49.12,1301.39295633958,-5.25944057886403,-0.000254160109898557,-0.000130556599030376,0.000129554254544613,-9.59492644421593e-05,-9.0549147483219e-06,1.55628264313025e-05,59.2789035899742,59.2813033555086,70.5231066772589,70.5250535496216
49.13,1301.68497096749,-5.25948112969949,-0.000252367740769876,-0.000129266252807708,0.000128604200512536,-9.54536597813359e-05,-8.99105466748547e-06,1.54466557985241e-05,59.2969592252097,59.2993644124941,70.5452173177706,70.5471778628287
49.14,1301.9769836813,-5.25952128639329,-0.000250583529428439,-0.0001279853802266,0.000127659070982299,-9.49571205796115e-05,-8.9274855237723e-06,1.53311205198727e-05,59.3149327462617,59.3173430615789,70.5672283445771,70.5692021494477
49.15,1302.26899449179,-5.25956105179571,-0.000248807509564063,-0.000126713931992223,0.000126718874928831,-9.44597238969113e-05,-8.86420851212331e-06,1.5216221117218e-05,59.3328177919369,59.3352329515306,70.5891304493404,70.5911171058254
49.16,1302.56100340965,-5.25960042874285,-0.000247039713037681,-0.000125451858723644,0.000125783620721353,-9.3961509419272e-05,-8.80122476062682e-06,1.51019580224543e-05,59.3506109400615,59.3530306612715,70.6109213024002,70.6129204147575
49.17,1302.85301044553,-5.25963942005657,-0.000245280170088988,-0.000124199110960787,0.000124853315734117,-9.34626012645323e-05,-8.73853533726391e-06,1.49883312954425e-05,59.3683222502157,59.3707462521104,70.632611259732,70.6346224422684
49.18,1303.14501561005,-5.2596780285445,-0.000243528909646487,-0.000122955639174126,0.000123927966695722,-9.29630582059299e-05,-8.67614126240956e-06,1.48753410992969e-05,59.3859421897474,59.388370200267,70.6541894755619,70.6562123474815
49.19,1303.43701891373,-5.25971625699998,-0.000241785959045654,-0.00012172139377096,0.000123007579562181,-9.24629459196838e-05,-8.61404349817777e-06,1.4762987623386e-05,59.4034716302719,59.4059033762314,70.6756581728282,70.677692366995
49.2,1303.72902036709,-5.25975410820202,-0.000240051344325951,-0.000120496325103755,0.000122092159336903,-9.19623726699839e-05,-8.5522429589173e-06,1.46512706823503e-05,59.4209182009629,59.423353414834,70.69702511348,70.6990702683195
49.21,1304.02101998056,-5.2597915849153,-0.000238325090547534,-0.000119280383479099,0.000121181710358516,-9.14613984826788e-05,-8.49074052382065e-06,1.4540190198102e-05,59.4382783842067,59.4407168081717,70.7182872237807,70.7203429808022
49.22,1304.31301776452,-5.25982868989013,-0.000236607221489963,-0.000118073519162724,0.000120276236535941,-9.0960070766773e-05,-8.42953702595733e-06,1.44297458955578e-05,59.4555366509021,59.4579780252986,70.7394242757348,70.7414902919887
49.23,1304.60501372932,-5.25986542586241,-0.000234897760038052,-0.00011687568238821,0.000119375740285281,-9.0458541494317e-05,-8.36863326393287e-06,1.43199373813831e-05,59.4727273416677,59.4751714100461,70.7604784397362,70.7625543768279
49.24,1304.89700788524,-5.25990179555367,-0.000233196728557655,-0.000115686823367474,0.000118480223849964,-8.99568130906854e-05,-8.30803001988637e-06,1.42107643270719e-05,59.4898281273286,59.4922746534199,70.7814237435271,70.7835092570364
49.25,1305.18900024252,-5.25993780167102,-0.000231504148312434,-0.0001145068922924,0.00011758968896773,-8.94549377465183e-05,-8.2477280363165e-06,1.41022262144593e-05,59.5068336660771,59.5092824055769,70.802251958278,70.8043467244112
49.26,1305.48099081133,-5.25997344690712,-0.000229820039519862,-0.000113335839341304,0.000116704136576531,-8.89530054404991e-05,-8.18772801717028e-06,1.39943225159899e-05,59.523754607827,59.5262053140117,70.822978201457,70.8250819082456
49.27,1305.77297960179,-5.2600087339402,-0.000228144421490643,-0.000112173614688276,0.000115823566647067,-8.84511307830555e-05,-8.12803063427945e-06,1.38870523730774e-05,59.5405915829715,59.5430440199125,70.843600174854,70.8457125102397
49.28,1306.064966624,-5.26004366543406,-0.000226477312699304,-0.000111020168511367,0.000114947978646864,-8.79493372420656e-05,-8.06863653062055e-06,1.37804152415813e-05,59.5573352405955,59.5597891794517,70.8641090327819,70.8662296898034
49.29,1306.35695188797,-5.26007824403802,-0.000224818730777343,-0.000109875450998566,0.000114077371065459,-8.74477147130267e-05,-8.00954631856604e-06,1.36744103183344e-05,59.5740051799102,59.5764603951055,70.8845283660454,70.8866570430713
49.3,1306.64893540367,-5.26011247238695,-0.000223168692767842,-0.000108739412354427,0.000113211742230962,-8.69462966127344e-05,-7.95076059144722e-06,1.35690366806552e-05,59.5905845008779,59.593040778112,70.9048358048511,70.9069722013952
49.31,1306.94091718103,-5.26014635310127,-0.000221527214720554,-0.000107612002803168,0.000112351089917149,-8.64451286644894e-05,-7.89227990733162e-06,1.34642933959893e-05,59.6070723768746,59.6095294969848,70.9250321781488,70.9271760092327
49.32,1307.23289722991,-5.26017988878692,-0.000219894311632312,-0.000106493172595282,0.000111495411067877,-8.59443103836759e-05,-7.83410478653306e-06,1.33601794987254e-05,59.6234778168473,59.6259355619949,70.9451277097638,70.9472786978548
49.33,1307.52487556014,-5.26021308203542,-0.000218269997520303,-0.000105382872015445,0.000110644702039204,-8.544388966194e-05,-7.77623571580319e-06,1.32566938816502e-05,59.6397957202033,59.6422538828482,70.9651168311925,70.9672746988084
49.34,1307.81685218148,-5.26024593542378,-0.000216654285597266,-0.000104281051389384,0.000109798958307918,-8.49439498920385e-05,-7.71867315367608e-06,1.3153835443295e-05,59.6560380693297,59.6584964488388,70.9850134099689,70.9871778816876
49.35,1308.10882710365,-5.26027845151459,-0.000215047188254734,-0.000103187661089104,0.000108958175290597,-8.4444490734352e-05,-7.6614175314308e-06,1.30516031246414e-05,59.6721887183897,59.6746471215598,71.004797957976,71.0069687623953
49.36,1308.40080033632,-5.26031063285599,-0.000213448716714035,-0.00010210265153501,0.000108122347810145,-8.39455807887123e-05,-7.60446923882111e-06,1.29499956031099e-05,59.6882561070615,59.6907143365103,71.0244808218824,71.0266577006246
49.37,1308.69277188909,-5.26034248198168,-0.000211858881155626,-0.000101025973202559,0.000107291470102755,-8.34472929451598e-05,-7.54782862914913e-06,1.28490115846092e-05,59.7042370240876,59.7066948873854,71.0440574596784,71.0462401586289
49.38,1308.98474177155,-5.26037400141092,-0.000210277690707094,-9.99575766291899e-05,0.000106465535632659,-8.2949675544558e-05,-7.49149601901793e-06,1.27486498881424e-05,59.720141019452,59.7225983323895,71.063540755104,71.0657290201475
49.39,1309.27670999319,-5.26040519364853,-0.000208705153316939,-9.88974124183324e-05,0.000105644537789092,-8.24527560683544e-05,-7.4354716850313e-06,1.26489090295058e-05,59.7359517733395,59.7384083568393,71.0829101275304,71.0851037104424
49.4,1309.5686765635,-5.26043606118495,-0.00020714127576981,-9.78454312435895e-05,0.000104828469153944,-8.19566017311813e-05,-7.37975586184276e-06,1.25497876723867e-05,59.7516828250399,59.7541384982106,71.1021817927405,71.104380454548
49.41,1309.86064149187,-5.26046660649617,-0.000205586063657865,-9.68015838544744e-05,0.000104017322039219,-8.14612521240179e-05,-7.32434874309984e-06,1.24512842997111e-05,59.767326080255,59.7697806700691,71.1213475060259,71.1235510092445
49.42,1310.15260478767,-5.26049683204381,-0.000204039521467271,-9.57658210816328e-05,0.000103211087936189,-8.09667814633095e-05,-7.26925048321519e-06,1.23533974307134e-05,59.7828918986061,59.7853452367018,71.1404175925857,71.1426257027538
49.43,1310.44456646022,-5.26052674027512,-0.000202501652687389,-9.47380938420216e-05,0.000102409758185574,-8.04731998781328e-05,-7.21446120275311e-06,1.22561255741062e-05,59.798372895058,59.8008248218238,71.1593840610521,71.1615965443028
49.44,1310.73652651877,-5.26055633362296,-0.000200972459689759,-9.37183531415541e-05,0.000101613323672891,-7.99805551208237e-05,-7.1599809829974e-06,1.21594671701249e-05,59.8137742025326,59.8162245600658,71.1782532582688,71.1804698870726
49.45,1311.02848497256,-5.26058561450587,-0.000199451943662204,-9.27065500783675e-05,0.000100821775109379,-7.94888597190033e-05,-7.10580986409366e-06,1.20634206634612e-05,59.8290891666939,59.8315377997775,71.1970169720756,71.1992375249196
49.46,1311.32044183074,-5.26061458532803,-0.000197940104487273,-9.17026358461749e-05,0.000100035102621506,-7.89981936721194e-05,-7.05194783981184e-06,1.19679842302952e-05,59.8443224545425,59.846769208364,71.2156810354902,71.2179052980038
49.47,1311.61239710242,-5.26064324847933,-0.00019643694093831,-9.07065617405993e-05,9.92532958229828e-05,-7.85085896286108e-05,-6.99839486489445e-06,1.18731563323415e-05,59.8594765483812,59.8619212752004,71.2342479040116,71.2364756623292
49.48,1311.90435079668,-5.26067160633535,-0.000194942450520749,-8.97182791628048e-05,9.8476344060888e-05,-7.8020070736253e-05,-6.94515085002429e-06,1.17789352911588e-05,59.8745474179785,59.8769899758826,71.25271349939,71.2549445421075
49.49,1312.19630292253,-5.26069966125741,-0.000193456629596404,-8.87377396223664e-05,9.77042362592332e-05,-7.75326897770342e-05,-6.89221566532201e-06,1.16853192185227e-05,59.8895405064445,59.8919807555813,71.2710841962349,71.2733183171803
49.5,1312.48825348895,-5.26072741559255,-0.000191979473357086,-8.77648947409223e-05,9.69369611891661e-05,-7.70464590163358e-05,-6.83958913984196e-06,1.15923063751531e-05,59.9044453263329,59.9068831290581,71.2893472055053,71.291584204834
49.51,1312.78020250486,-5.2607548716736,-0.000190510975797028,-8.67996962562958e-05,9.61745067942988e-05,-7.65614597685348e-05,-6.7872710592668e-06,1.14998949702801e-05,59.919280413204,59.9217156347656,71.3075239772983,71.3097636576686
49.52,1313.07214997913,-5.26078203181917,-0.000189051129854248,-8.58420960267624e-05,9.54168611873316e-05,-7.60776738151975e-05,-6.73526117356662e-06,1.14080831790154e-05,59.934028114493,59.9364606302214,71.3255951885643,71.3278373517085
49.53,1313.36409592059,-5.2608088983337,-0.000187599927189436,-8.48920460319945e-05,9.46640119481341e-05,-7.55951414915505e-05,-6.68355918651388e-06,1.13168691660815e-05,59.9486952284007,59.9511249094791,71.3435664748521,71.3458109332538
49.54,1313.65604033801,-5.26083547350746,-0.000186157358253025,-8.39494983764951e-05,9.39159465058819e-05,-7.51139135895765e-05,-6.63216475908394e-06,1.12262509245845e-05,59.9632795476274,59.9657062677913,71.3614382827778,71.3636848535211
49.55,1313.94798324013,-5.26086175961658,-0.000184723412588128,-8.30144052951118e-05,9.31726514236212e-05,-7.46340477230122e-05,-6.58107751915759e-06,1.11362265064635e-05,59.9777959754758,59.9802196157565,71.3792263429457,71.3814748410383
49.56,1314.23992463563,-5.26088775892311,-0.000183298078866802,-8.20867191567447e-05,9.24341134933332e-05,-7.41555173218536e-05,-6.53029706543419e-06,1.10467941181591e-05,59.9922261826605,59.9946466341623,71.396908756789,71.3991589961331
49.57,1314.53186453314,-5.26091347367501,-0.000181881344519644,-8.11663924630175e-05,9.17003192681886e-05,-7.3678352470851e-05,-6.47982295183399e-06,1.09579517328317e-05,60.0065758056436,60.0089929523497,71.4144927113635,71.4167445193917
49.58,1314.82380294125,-5.26093890610619,-0.000180473196008008,-8.02533778519527e-05,9.09712549184014e-05,-7.3202601736151e-05,-6.42965469721192e-06,1.08696972690387e-05,60.020848083218,60.0232618115793,71.4319828452046,71.4342360526351
49.59,1315.11573986851,-5.26096405843656,-0.00017907361894128,-7.93476281027192e-05,9.02469060927199e-05,-7.27283163661134e-05,-6.37979179012341e-06,1.07820286619187e-05,60.0350491306757,60.0374593351309,71.4493852906105,71.4516397262049
49.6,1315.4076753234,-5.26098893287205,-0.000177682598096816,-7.84490961385192e-05,8.9527258475308e-05,-7.22554782435322e-05,-6.33023369027075e-06,1.06949438690631e-05,60.0491655528541,60.0515721328662,71.4666841243227,71.468939619592
49.61,1315.69960931438,-5.26101353160464,-0.000176300117261208,-7.75577350272966e-05,8.8812297326391e-05,-7.17841406455596e-05,-6.28097982110038e-06,1.0608440772037e-05,60.0632077758988,60.0656106267501,71.4838927347218,71.4861491307506
49.62,1315.99154184985,-5.2610378568124,-0.000174926159366578,-7.6673497985348e-05,8.81020078033271e-05,-7.13143089368758e-05,-6.23202957583685e-06,1.05225172596026e-05,60.0771687512671,60.0795677736416,71.5010018437173,71.5032589825993
49.63,1316.28347293817,-5.26106191065954,-0.000173560706355526,-7.57963383793057e-05,8.73963746723608e-05,-7.08460258393933e-05,-6.18338231209765e-06,1.04371711836118e-05,60.0910525531591,60.0934476481625,71.5180172547755,71.5202749840316
49.64,1316.57540258764,-5.26108569529639,-0.000172203739518498,-7.49262097303479e-05,8.66953822751117e-05,-7.03793352933515e-05,-6.1350373638655e-06,1.03524003140301e-05,60.104866861487,60.1072579364556,71.5349470483722,71.537205214406
49.65,1316.86733080652,-5.26110921285953,-0.000170855239613261,-7.40630657169998e-05,8.59990149193499e-05,-6.99142276305647e-05,-6.08699404683431e-06,1.02682025654366e-05,60.1186030429735,60.1209900126278,71.5517814045744,71.5540398532178
49.66,1317.15925760304,-5.26113246547174,-0.000169515186606741,-7.32068601745447e-05,8.53072568869643e-05,-6.94507140831562e-05,-6.03925164842353e-06,1.01845756585229e-05,60.1322614648182,60.134644240799,71.5685203121996,71.5707788984033
49.67,1317.45118298538,-5.26115545524211,-0.000168183559732521,-7.23575470970261e-05,8.4620092165567e-05,-6.89888211457573e-05,-5.9918094292455e-06,1.01015174788712e-05,60.145846775236,60.1482252686523,71.5851702571015,71.5874288412672
49.68,1317.74310696165,-5.26117818426603,-0.000166860337420259,-7.15150806394733e-05,8.39375045630432e-05,-6.8528581330579e-05,-5.94466662139626e-06,1.00190255161777e-05,60.159351472165,60.1617255970825,71.6017217160675,71.6039801616576
49.69,1318.03502953994,-5.26120065462525,-0.000165545497462167,-7.06794151216682e-05,8.32594773683129e-05,-6.80700368223087e-05,-5.89782243334629e-06,9.93709759051879e-06,60.17278303448,60.1751527061328,71.6181837860515,71.620441960137
49.7,1318.3269507283,-5.26122286838793,-0.000164239017130087,-6.98505050318454e-05,8.258599363035e-05,-6.76132117969997e-05,-5.8512760551554e-06,9.85573136840423e-06,60.18614537607,60.1885105174231,71.634560516903,71.6368182838672
49.71,1318.6188705347,-5.26124482760869,-0.000162940873263473,-6.9028305027986e-05,8.19170364415501e-05,-6.71580889919318e-05,-5.80502666201703e-06,9.77492456402272e-06,60.1994304570489,60.2017909951834,71.6508435574072,71.6531007837052
49.72,1318.91078896712,-5.26126653432861,-0.00016165104209959,-6.82127699376361e-05,8.12525887580956e-05,-6.67046866982351e-05,-5.75907340722491e-06,9.69467496632912e-06,60.2126431670132,60.2149990264738,71.6670379716783,71.6692945311932
49.73,1319.20270603343,-5.26128799057534,-0.000160369499254632,-6.74038547588163e-05,8.05926334956444e-05,-6.62530228999719e-05,-5.71341542198422e-06,9.61498005585312e-06,60.2257771370151,60.2281282428651,71.6831359954103,71.685391766812
49.74,1319.49462174152,-5.2613091983631,-0.000159096219862999,-6.6601514662973e-05,7.9937153062173e-05,-6.5803144998556e-05,-5.66805181949382e-06,9.53583737996373e-06,60.2388411072852,60.2411873858725,71.6991487361414,71.7014036009921
49.75,1319.7865360992,-5.26133015969274,-0.000157831178719074,-6.58057049991666e-05,7.92861296209596e-05,-6.53550669286387e-05,-5.62298170102344e-06,9.45724473279874e-06,60.2518375145414,60.254178899953,71.7150780626558,71.7173318995052
49.76,1320.07844911424,-5.26135087655178,-0.000156574350057248,-6.50163812936123e-05,7.86395456267476e-05,-6.49087644635344e-05,-5.57820414887193e-06,9.37919965062232e-06,60.2647501308762,60.2670865585456,71.7309048460987,71.7331575386102
49.77,1320.37036079437,-5.26137135091449,-0.000155325707574231,-6.42334992497114e-05,7.79973830713366e-05,-6.44642830225975e-05,-5.5337182246952e-06,9.30169963863671e-06,60.2775958810705,60.2799272804282,71.746651253195,71.7489026942804
49.78,1320.66227114727,-5.26139158474188,-0.000154085224773342,-6.34570147528843e-05,7.73596236401632e-05,-6.40216567562304e-05,-5.48952298335228e-06,9.22474228039292e-06,60.2903751256589,60.2927014362512,71.7623155141609,71.7645655907345
49.79,1320.9541801806,-5.26141157998182,-0.000152852874795742,-6.26868838711918e-05,7.67262491958011e-05,-6.35808617521876e-05,-5.44561746786735e-06,9.14832507066705e-06,60.3030749401428,60.3053961050262,71.7778823193747,71.78013092109
49.8,1321.24608790195,-5.26143133856902,-0.00015162863038578,-6.19230628555707e-05,7.60972412274527e-05,-6.31419345226924e-05,-5.4020007059627e-06,9.07244558922063e-06,60.3157104771948,60.3180264348207,71.7933711285689,71.795618152899
49.81,1321.53799431888,-5.26145086242515,-0.000150412464088009,-6.11655081426732e-05,7.54725811413315e-05,-6.27048911978363e-05,-5.35867171871062e-06,8.99710132524914e-06,60.3282789602252,60.330589656806,71.808777359274,71.8110227002386
49.82,1321.82989943892,-5.26147015345883,-0.000149204348052635,-6.04141763548274e-05,7.48522504476235e-05,-6.22697140680738e-05,-5.31562951381104e-06,8.92228982502831e-06,60.3407723883939,60.3430777706801,71.8240923417148,71.826335898281
49.83,1322.12180326954,-5.26148921356574,-0.000148004253884201,-5.96690242999883e-05,7.42362304592587e-05,-6.18364296605635e-05,-5.27287307872616e-06,8.84800843529553e-06,60.3531906314177,60.3554906407219,71.8393142591311,71.8415559396318
49.84,1322.41370581817,-5.26150804462861,-0.00014681215268822,-5.89300089746779e-05,7.36245021398062e-05,-6.14050797059988e-05,-5.23040138258361e-06,8.77425473882597e-06,60.3655430295682,60.3678376081776,71.8544565853157,71.8566963004435
49.85,1322.70560709219,-5.26152664851731,-0.000145628015084727,-5.81970875668011e-05,7.30170463808188e-05,-6.09756561854261e-05,-5.18821337775177e-06,8.70102622939004e-06,60.3778201797871,60.3801092765977,71.8695074143855,71.8717450727709
49.86,1322.99750709897,-5.2615450270889,-0.000144451811468354,-5.74702174570325e-05,7.24138436408385e-05,-6.05482086545454e-05,-5.14630800803024e-06,8.62832022614172e-06,60.3900347624281,60.3923183292157,71.8844805689627,71.8867160795219
49.87,1323.28940584581,-5.26156318218767,-0.000143283512390913,-5.67493562215988e-05,7.18148744753189e-05,-6.01227152840705e-05,-5.10468422359101e-06,8.55613429752303e-06,60.4021866791519,60.404464677029,71.8993779392017,71.9016112057754
49.88,1323.58130333997,-5.26158111564521,-0.000142123088095925,-5.60344616294063e-05,7.12201198012119e-05,-5.96991396435341e-05,-5.06334096441283e-06,8.48446589231605e-06,60.4142576662093,60.4165300530519,71.9141754567367,71.9164063919887
49.89,1323.87319958869,-5.26159882928045,-0.000140970508372885,-5.53254916410449e-05,7.06295602098544e-05,-5.92775288441936e-05,-5.02227715308598e-06,8.41331247423451e-06,60.4262692818429,60.4285360081493,71.928901338614,71.9311298646111
49.9,1324.16509459915,-5.26161632489974,-0.000139825742810402,-5.46224044124078e-05,7.00431761519162e-05,-5.88578971627461e-05,-4.98149170561518e-06,8.34267142377221e-06,60.4382123749821,60.4404734000629,71.9435427327543,71.9457687665854
49.91,1324.45698837849,-5.26163360429687,-0.000138688760605703,-5.39251582949703e-05,6.94609480903222e-05,-5.84402431631287e-05,-4.94098352457054e-06,8.27254014617836e-06,60.4500822195939,60.4523375029437,71.9580942076798,71.9603176709151
49.92,1324.74888093381,-5.26165066925315,-0.000137559530633111,-5.323371183699e-05,6.88828561524017e-05,-5.80245985654065e-05,-4.90075150006609e-06,8.20291601324888e-06,60.4618881875891,60.46413768636,71.9725672063089,71.9747880254339
49.93,1325.0407722722,-5.26166752153746,-0.000136438021618583,-5.25480237860942e-05,6.83088804250116e-05,-5.76109553919188e-05,-4.86079451739412e-06,8.13379641643542e-06,60.4736279475145,60.4758716262024,71.9869609710982,71.9891790687693
49.94,1325.33266240066,-5.26168416290631,-0.000135324202034949,-5.18680530894932e-05,6.77390008957646e-05,-5.71993283450893e-05,-4.82111145304375e-06,8.06517891416411e-06,60.4853023419954,60.4875401665114,72.0012733343273,72.0034886355473
49.95,1325.62455132618,-5.26170059510387,-0.000134218040166836,-5.11937588937651e-05,6.71731976827057e-05,-5.67897108628732e-05,-4.78170117720939e-06,7.99706082145859e-06,60.4969136557213,60.4991455938726,72.0155089691011,72.0177214003692
49.96,1325.91643905572,-5.26171681986206,-0.000133119504151302,-5.05251005448098e-05,6.66114508496656e-05,-5.63821018042959e-05,-4.74256255479879e-06,7.92943952323578e-06,60.5084567735317,60.510682793275,72.0296611651526,72.0318706564286
49.97,1326.20832559617,-5.2617328389006,-0.000132028561800263,-4.98620375879951e-05,6.60537403721606e-05,-5.59765171540351e-05,-4.70369443896252e-06,7.86231236264397e-06,60.5199352589243,60.5221553263941,72.0437346217043,72.0459411078543
49.98,1326.50021095441,-5.26174865392705,-0.000130945180588704,-4.92045297696567e-05,6.55000461427724e-05,-5.55729611389218e-05,-4.66509567082118e-06,7.79567675713655e-06,60.5313425841709,60.5335566666579,72.0577202059174,72.0599236240033
49.99,1326.79209513726,-5.26176426663688,-0.000129869327656182,-4.85525370382773e-05,6.49503477904399e-05,-5.51714664067314e-05,-4.6267650792615e-06,7.72953002630512e-06,60.5426886357783,60.5448967021217,72.0716308512416,72.0738311392746
50,1327.08397815152,-5.26177967871353,-0.000128800970035191,-4.79060195465004e-05,6.44046249520235e-05,-5.47720195869035e-05,-4.58870148976041e-06,7.66386959262988e-06,60.5539689400319,60.5561709645302,72.0854617694553,72.0876588634536
50.01,1327.37586000393,-5.26179489182844,-0.000127740074608296,-4.72649376509011e-05,6.38628571648096e-05,-5.43746328629981e-05,-4.55090372245091e-06,7.59869287521742e-06,60.5651904247714,60.5673863832921,72.0992209379346,72.1014147750328
50.02,1327.6677407012,-5.26180990764116,-0.000126686608151384,-4.66292519115268e-05,6.3325024226675e-05,-5.39792870519399e-05,-4.51337059430741e-06,7.53399724899009e-06,60.5763433005123,60.5785331708167,72.1128950807903,72.1150856001133
50.03,1327.95962025002,-5.26182472779935,-0.000125640537277036,-4.59989230912857e-05,6.27911057269316e-05,-5.35859907359832e-05,-4.47610091597442e-06,7.46978006836664e-06,60.5874361338551,60.5896198919415,72.1264959655087,72.1286831100727
50.04,1328.25149865701,-5.2618393539389,-0.000124601828460626,-4.53739121568194e-05,6.22610813414972e-05,-5.31947481251879e-05,-4.43909349367791e-06,7.40603870742589e-06,60.5984660090623,60.6006436339739,72.1400199559538,72.1422036688871
50.05,1328.54337592879,-5.26185378768393,-0.000123570447888574,-4.47541802782109e-05,6.17349307269678e-05,-5.28055578527579e-05,-4.40234712334243e-06,7.34277052253122e-06,60.6094288442984,60.6116003136061,72.1534622747318,72.155642503807
50.06,1328.8352520719,-5.26186803064688,-0.000122546361557299,-4.41396888302058e-05,6.12126332443118e-05,-5.24184473468912e-05,-4.36586059353025e-06,7.27997286344628e-06,60.6203364017495,60.6225016939156,72.1668372468715,72.1690139406388
50.07,1329.12712709288,-5.26188208442856,-0.00012152953533046,-4.35303993933778e-05,6.06941684542394e-05,-5.20334015150978e-05,-4.32963268893574e-06,7.21764311855918e-06,60.6311756096992,60.6333347082732,72.180127335462,72.1823004412028
50.08,1329.41900099821,-5.26189595061822,-0.000120519934831171,-4.29262737533416e-05,6.01795157313786e-05,-5.16504339497838e-05,-4.29366218512662e-06,7.15577864845865e-06,60.6419554079946,60.6441082939637,72.1933451100396,72.195514579666
50.09,1329.71087379434,-5.26190963079359,-0.000119517525552902,-4.23272739015501e-05,5.96686545665958e-05,-5.12695307902535e-05,-4.25794785331792e-06,7.09437683749439e-06,60.6526743830419,60.6548210401312,72.2064895970041,72.2086553824227
50.1,1330.00274548769,-5.26192312652095,-0.000118522272900483,-4.17333620356925e-05,5.91615642277741e-05,-5.08907081737697e-05,-4.22248846135054e-06,7.03343505046704e-06,60.6633332462278,60.6654736606824,72.2195593642268,72.2217214169827
50.11,1330.29461608463,-5.26193643935518,-0.000117534142093285,-4.11445005589804e-05,5.86582243192208e-05,-5.05139539136392e-05,-4.18728277117803e-06,6.97295068679497e-06,60.6739287297187,60.6760628878581,72.2325515675099,72.2347098425985
50.12,1330.58648559152,-5.26194957083984,-0.000116553098275529,-4.05606520805417e-05,5.81586140620504e-05,-5.01392811391106e-05,-4.15232954110524e-06,6.91292109480848e-06,60.6844708828686,60.6865987708522,72.2454791617598,72.2476336154294
50.13,1330.87835401464,-5.26196252250721,-0.000115579106387878,-3.99817794151098e-05,5.76627131564156e-05,-4.97666628406252e-05,-4.1176275233945e-06,6.8533436785095e-06,60.6949396233154,60.6970612298691,72.2583164420032,72.2604670320878
50.14,1331.17022136027,-5.26197529587835,-0.000114612131061584,-3.94078455824035e-05,5.71705007902667e-05,-4.93961414448471e-05,-4.08317545776343e-06,6.7942157774884e-06,60.7053570280892,60.7074723361163,72.2710909849414,72.2732376757806
50.15,1331.46208763464,-5.26198789246318,-0.000113652137031363,-3.88388138102703e-05,5.66819562601807e-05,-4.90277083316137e-05,-4.04897208839377e-06,6.73553479283925e-06,60.7157150140436,60.7178240171227,72.283793208665,72.2859359565152
50.16,1331.75395284396,-5.26200031376049,-0.000112699088914183,-3.82746475330239e-05,5.6197058986999e-05,-4.86613406140564e-05,-4.01501615567877e-06,6.67729813330934e-06,60.7260103551856,60.72811304653,72.2964181043435,72.2985568688828
50.17,1332.04581699437,-5.26201256125806,-0.000111752951241272,-3.77153103905044e-05,5.5715788396082e-05,-4.82970422097479e-05,-3.9813063964608e-06,6.61950317983008e-06,60.7362481539854,60.7383445240571,72.308973214721,72.3111079601557
50.18,1332.33768009201,-5.2620246364327,-0.000110813688588683,-3.71607662288785e-05,5.52381237738278e-05,-4.79348327504554e-05,-3.94784154911362e-06,6.56214732633635e-06,60.7464319257146,60.7485219691543,72.3214606569834,72.323591344964
50.19,1332.62954214297,-5.26203654075027,-0.000109881265516952,-3.66109791002009e-05,5.47640447259195e-05,-4.75746740294314e-05,-3.91462035240167e-06,6.50522797897724e-06,60.7565549156354,60.7586386298277,72.3338753352502,72.336001927839
50.2,1332.92140315331,-5.26204827566582,-0.000108955646375754,-3.60659132606278e-05,5.42935307666575e-05,-4.72165790836278e-05,-3.88164153686817e-06,6.44874251104271e-06,60.7666183259824,60.7686957024071,72.3462162441505,72.3483387112233
50.21,1333.21326312905,-5.26205984262356,-0.000108036795337679,-3.55255331711857e-05,5.38265613859945e-05,-4.68605595283224e-05,-3.84890382652682e-06,6.39268830711446e-06,60.7766237480278,60.7786947784426,72.3584869536297,72.3606052664782
50.22,1333.50512207617,-5.26207124305699,-0.000107124676493166,-3.4989803499229e-05,5.33631158765648e-05,-4.65066232246509e-05,-3.81640594234144e-06,6.33706275693152e-06,60.7865732840153,60.7886379645301,72.3706888642327,72.3728029914758
50.23,1333.79698000064,-5.26208247838892,-0.00010621925392885,-3.44586891187125e-05,5.29031736241483e-05,-4.61547599284948e-05,-3.78414660549338e-06,6.28186329262523e-06,60.7964655204536,60.7985238498972,72.3828204404967,72.3849303504169
50.24,1334.08883690837,-5.26209355003152,-0.000105320491682028,-3.3932155109106e-05,5.24467141598837e-05,-4.58049557177428e-05,-3.7521245354258e-06,6.22708733821016e-06,60.8062976467711,60.8083496234743,72.3948778961228,72.3969835597087
50.25,1334.38069280524,-5.26210445938645,-0.00010442835375177,-3.34101667546976e-05,5.19937169318508e-05,-4.54572225339011e-05,-3.7203384498178e-06,6.17273230789752e-06,60.816077141086,60.8181227625403,72.4068720322213,72.4089734226007
50.26,1334.67254769711,-5.26211520784483,-0.000103542804305856,-3.28926895456407e-05,5.15441613335958e-05,-4.51115648271121e-05,-3.68878707257127e-06,6.11879563655951e-06,60.8258077800611,60.8278470496944,72.4188056603768,72.4209027462678
50.27,1334.9644015898,-5.26212579678735,-0.000102663807475497,-3.23796891759932e-05,5.10980272827153e-05,-4.47679143399904e-05,-3.65746912735206e-06,6.06527477491764e-06,60.835470194035,60.8375031149854,72.4306565489786,72.4327493029657
50.28,1335.25625448909,-5.26213622758435,-0.000101791327202013,-3.18711315420416e-05,5.06552942209632e-05,-4.4426340830414e-05,-3.62638332932948e-06,6.01216710960709e-06,60.8450871457941,60.8471137131314,72.442450875938,72.4445392786489
50.29,1335.54810640074,-5.26214650159581,-0.000100925327443081,-3.13669827443948e-05,5.02159419990982e-05,-4.40868038755774e-05,-3.59552839542407e-06,5.95947008539882e-06,60.8546393260387,60.8566595425552,72.4541661935647,72.4562502207731
50.3,1335.83995733046,-5.26215662017147,-0.000100065771970101,-3.08672090869757e-05,4.97799499849294e-05,-4.37493462466507e-05,-3.56490303479973e-06,5.90718111899511e-06,60.8641446911642,60.8661585555358,72.4658240230679,72.4679036553213
50.31,1336.13180728395,-5.26216658465088,-9.92126247294574e-05,-3.03717770789504e-05,4.93472978816678e-05,-4.34139262371677e-05,-3.53450596368319e-06,5.85529769886938e-06,60.8735924767306,60.8755999954026,72.4774121191743,72.4794873314898
50.32,1336.42365626684,-5.26217639636343,-9.83658495865514e-05,-2.98806534323152e-05,4.89179653664285e-05,-4.30805465277978e-05,-3.50433589519674e-06,5.80381727380112e-06,60.8829838223913,60.8849849989855,72.4889301214148,72.491000893439
50.33,1336.71550428477,-5.26218605662844,-9.75254103673461e-05,-2.93938050612619e-05,4.84919322970721e-05,-4.27491984925575e-05,-3.47439154098002e-06,5.75273731911151e-06,60.8923199055713,60.8943147422088,72.5003811107715,72.502447425234
50.34,1337.00735134333,-5.26219556675519,-9.66912709454483e-05,-2.89111990826418e-05,4.80691782703469e-05,-4.24199102120202e-05,-3.44467161389673e-06,5.70205528386322e-06,60.9016080473534,60.903596548538,72.511772761242,72.513834599259
50.35,1337.29919744806,-5.26220492804303,-9.58633954495644e-05,-2.84328028167381e-05,4.76496830776942e-05,-4.20926428525012e-05,-3.41517483672789e-06,5.65176868192862e-06,60.9108451178272,60.9128272951078,72.5231025848434,72.5251599223806
50.36,1337.5910426045,-5.26221414178138,-9.50417479630876e-05,-2.79585837841436e-05,4.72334268325365e-05,-4.17673757172849e-05,-3.38589993095882e-06,5.60187499809616e-06,60.9200213069807,60.9219971672581,72.5343570127029,72.5364098330409
50.37,1337.88288681814,-5.26222320924984,-9.42262924557528e-05,-2.74885097045987e-05,4.68203895091038e-05,-4.1444126562472e-05,-3.35684561299019e-06,5.55237169259926e-06,60.9291468987926,60.9311164436263,72.545549807745,72.5475980998697
50.38,1338.17473009444,-5.2622321317182,-9.34169929183985e-05,-2.70225484986118e-05,4.6410551002041e-05,-4.11229146604767e-05,-3.3280106001214e-06,5.50325624746597e-06,60.938222683646,60.9401859195565,72.556682035901,72.5587257850358
50.39,1338.46657243883,-5.26224091044655,-9.26138134103812e-05,-2.65606682878249e-05,4.60038912574304e-05,-4.08037082369584e-05,-3.2993936124403e-06,5.45452617207055e-06,60.9472450953828,60.9492020323944,72.5677492839696,72.5697884736315
50.4,1338.75841385671,-5.26224954668531,-9.18167180462456e-05,-2.61028373939007e-05,4.56003902837755e-05,-4.04865126796802e-05,-3.27099337186522e-06,5.4061789871631e-06,60.9562157572299,60.958166404428,72.5787523000383,72.5807869160952
50.41,1339.05025435344,-5.26225804167527,-9.10256710258816e-05,-2.56490243377611e-05,4.52000282011328e-05,-4.01713219166631e-05,-3.24280860337441e-06,5.35821221997468e-06,60.9651371433648,60.967081510169,72.5896954309172,72.5917254601675
50.42,1339.34209393438,-5.26226639664771,-9.02406365285065e-05,-2.51991978384253e-05,4.48027853148239e-05,-3.98581039794096e-05,-3.21483803140569e-06,5.31062339560046e-06,60.9739993011126,60.9759373965268,72.600565245073,72.6025906765263
50.43,1339.63393260481,-5.26227461282439,-8.94615786668425e-05,-2.47533268123801e-05,4.44086417131051e-05,-3.95468973028788e-05,-3.18708037730552e-06,5.26341002593826e-06,60.9828173295365,60.9847491600466,72.6113820183125,72.6134028438897
50.44,1339.92577037003,-5.26228269141765,-8.8688461748998e-05,-2.43113803751247e-05,4.40175775981456e-05,-3.92376841337226e-05,-3.15953436988367e-06,5.21656966670893e-06,60.9915839631377,60.9935095419206,72.622134910795,72.6241511172363
50.45,1340.21760723526,-5.26229063363045,-8.79212501830404e-05,-2.38733278396864e-05,4.36295732542014e-05,-3.89304454113775e-05,-3.13219874168531e-06,5.17009988124659e-06,61.0003014822824,61.0022208226929,72.6328287857709,72.634840361093
50.46,1340.50944320574,-5.26229844065646,-8.71599083748837e-05,-2.34391387147897e-05,4.32446092345242e-05,-3.86251668630401e-05,-3.1050722252379e-06,5.12399822978323e-06,61.008964550595,61.0108776630429,72.6434553245434,72.6454622613767
50.47,1340.80127828664,-5.26230611368007,-8.64044007744119e-05,-2.30087827046587e-05,4.28626658461588e-05,-3.83218667264598e-05,-3.07815355388454e-06,5.07826225175151e-06,61.0175808872531,61.0194877814673,72.654024227871,72.6560265197031
50.48,1341.09311248313,-5.26231365387647,-8.56546917470054e-05,-2.25822297085015e-05,4.24837238103614e-05,-3.80205208157591e-05,-3.0514414588509e-06,5.03288955062704e-06,61.0261388682137,61.028039555119,72.6645221802124,72.6665198216959
50.49,1341.38494580031,-5.26232106241174,-8.49107457243524e-05,-2.2159449820894e-05,4.21077633100166e-05,-3.77211538392627e-05,-3.02493467233305e-06,4.9878776586746e-06,61.03465707648,61.0365515663902,72.6749718193681,72.6769648051104
50.5,1341.6767782433,-5.26232834044284,-8.41725275391125e-05,-2.1740413333193e-05,4.17347648356161e-05,-3.74237541634755e-05,-2.99863194207858e-06,4.94322423006018e-06,61.0431286707732,61.0450169844969,72.6853632243601,72.6873515403129
50.51,1341.96860981716,-5.26233548911773,-8.34400020912241e-05,-2.13250907297435e-05,4.13647093435928e-05,-3.71282584221959e-05,-2.97253201884696e-06,4.89892688764404e-06,61.0515444560129,61.0534266102282,72.6956872429767,72.6976708816152
50.52,1342.26044052692,-5.26234250957539,-8.27131341509991e-05,-2.09134526850985e-05,4.09975777052716e-05,-3.68346894018419e-05,-2.94663364755652e-06,4.85498320570293e-06,61.0599092738123,61.0617852759537,72.7059483481664,72.7079273113647
50.53,1342.5522703776,-5.26234940294592,-8.19918885054294e-05,-2.05054700657606e-05,4.06333506485192e-05,-3.65430709460208e-05,-2.92093557356962e-06,4.81139077820967e-06,61.0682297309599,61.0700995924193,72.7161549293086,72.7181292152967
50.54,1342.84409937416,-5.26235617035052,-8.12762302013995e-05,-2.01011139320113e-05,4.02720087682247e-05,-3.62533997289519e-05,-2.89543655190175e-06,4.76814723494737e-06,61.07650812824,61.0783718685121,72.7263104246151,72.7282800244133
50.55,1343.13592752158,-5.26236281290163,-8.05661245743567e-05,-1.97003555364591e-05,3.99135330228904e-05,-3.59656371277064e-05,-2.87013534862066e-06,4.72525025389066e-06,61.0847404617316,61.086598102587,72.7364094299694,72.738374334239
50.56,1343.42775482476,-5.26236933170295,-7.98615369090576e-05,-1.93031663200602e-05,3.95579047783474e-05,-3.56797405388955e-05,-2.84503072795778e-06,4.68269749071687e-06,61.0929143731918,61.0947659284798,72.7464371480028,72.7483973570653
50.57,1343.71958128862,-5.2623757278495,-7.91624322995344e-05,-1.89095179109939e-05,3.92051050426785e-05,-3.53957641743883e-05,-2.8201214459174e-06,4.6404865332258e-06,61.1010465170013,61.1028919942909,72.7564135158405,72.7583690356172
50.58,1344.011406918,-5.26238200242765,-7.84687759190834e-05,-1.85193821275897e-05,3.88551149042475e-05,-3.51137032970601e-05,-2.79540626200575e-06,4.59861504451421e-06,61.1091297618362,61.1109691770794,72.7663296384895,72.768280467782
50.59,1344.30323171775,-5.26238815651522,-7.77805329525322e-05,-1.81327309777427e-05,3.85079154044666e-05,-3.48335381205938e-05,-2.77088393606918e-06,4.55708071489102e-06,61.1171644687429,61.1189978384518,72.7761865216721,72.7781326598111
50.6,1344.59505569268,-5.26239419118151,-7.70976687769585e-05,-1.7749536658487e-05,3.81634875878299e-05,-3.45552815755392e-05,-2.74655323451222e-06,4.51588125457156e-06,61.1251577278202,61.1269850696013,72.7859927148701,72.7879341604488
50.61,1344.88687884756,-5.26240010748736,-7.6420148958515e-05,-1.73697715545708e-05,3.78218129453641e-05,-3.42788775538317e-05,-2.72241293132331e-06,4.47501438265814e-06,61.1330982329376,61.134919567072,72.7957345235748,72.7976712742934
50.62,1345.17870118717,-5.26240590648521,-7.57479391755607e-05,-1.69934082364032e-05,3.74828727579544e-05,-3.40043551041172e-05,-2.69846180367263e-06,4.43447779380169e-06,61.1409998192297,61.1428151625029,72.8054278041678,72.8073598611301
50.63,1345.47052271621,-5.26241158921916,-7.50810053525999e-05,-1.66204194600221e-05,3.71466486591212e-05,-3.37316841262932e-05,-2.67469863829882e-06,4.3942692249492e-06,61.1488536202558,61.1506629932914,72.8150631359086,72.8169904978237
50.64,1345.76234343939,-5.262417156725,-7.44193135893362e-05,-1.62507781658236e-05,3.68131221036726e-05,-3.34608685260279e-05,-2.65112222774962e-06,4.35438637999032e-06,61.1566679489287,61.1584713717228,72.8246493858797,72.826572052194
50.65,1346.0541633614,-5.26242261003032,-7.37628300822835e-05,-1.58844574771922e-05,3.64822750683909e-05,-3.31918682646273e-05,-2.62773136892089e-06,4.31482701052609e-06,61.1644287293672,61.166226221762,72.8341704809206,72.8360884532583
50.66,1346.34598248686,-5.26242795015451,-7.31115207479872e-05,-1.55214306980089e-05,3.61540893972841e-05,-3.29247044443116e-05,-2.604524847624e-06,4.27558881076163e-06,61.1721442677126,61.1739358398386,72.8436373901168,72.8455506800625
50.67,1346.63780082041,-5.26243317810882,-7.24653515400224e-05,-1.51616713152811e-05,3.58285466617523e-05,-3.26593927743671e-05,-2.58150145038584e-06,4.23666950499779e-06,61.1798134045112,61.181599070844,72.8530468770415,72.8549554915393
50.68,1346.92961836662,-5.26243829489644,-7.18242886140036e-05,-1.48051530005421e-05,3.55056283731933e-05,-3.23959389698145e-05,-2.55865997143719e-06,4.1980668812505e-06,61.187443578119,61.189223361141,72.8624079740199,72.8643119127191
50.69,1347.22143513007,-5.26244330151254,-7.1188298575001e-05,-1.4451849609207e-05,3.51853163162708e-05,-3.21343046369162e-05,-2.53599922168801e-06,4.15977876630676e-06,61.1950333862234,61.196807313463,72.8717196161138,72.8736188748585
50.7,1347.5132511153,-5.26244819894434,-7.05573483054001e-05,-1.41017351765787e-05,3.48675926898864e-05,-3.18744514910201e-05,-2.5135180222906e-06,4.12180297786058e-06,61.202580360629,61.2043484566228,72.8809787679925,72.882873346837
50.71,1347.80506632683,-5.26245298817114,-6.99314045460261e-05,-1.37547839137613e-05,3.45524400937403e-05,-3.16163544522069e-05,-2.49121518925896e-06,4.0841372929549e-06,61.2100706704569,61.211832950119,72.8901692916206,72.8920592016367
50.72,1348.09688076913,-5.26245767016439,-6.93104339045287e-05,-1.3410970208381e-05,3.42398404728367e-05,-3.13600844232345e-05,-2.46908953209627e-06,4.04677943793104e-06,61.2175268479231,61.2192833226445,72.8993169758116,72.9012022299265
50.73,1348.38869444667,-5.26246224588772,-6.86944032014824e-05,-1.30702686281356e-05,3.39297760290277e-05,-3.11056098824093e-05,-2.44713986929126e-06,4.0097272490467e-06,61.2249360422546,61.2266867356292,72.9084067762016,72.9102873767433
50.74,1348.68050736389,-5.26246671629704,-6.80832793401399e-05,-1.27326539190357e-05,3.36222289147324e-05,-3.08529185806916e-05,-2.42536502199635e-06,3.97297855644083e-06,61.2323057174178,61.2340506510805,72.9174502183875,72.9193261703579
50.75,1348.97231952519,-5.26247108234053,-6.74770294472293e-05,-1.23981010042634e-05,3.3317181509973e-05,-3.06019932461792e-05,-2.40376381926215e-06,3.9365312255674e-06,61.2396303517795,61.2413695473427,72.92643686765,72.9283081766492
50.76,1349.26413093496,-5.26247534495877,-6.68756208303094e-05,-1.20665849827567e-05,3.30146162259233e-05,-3.03528424991803e-05,-2.38233509656808e-06,3.90038311017925e-06,61.2469152529936,61.2486487327076,72.9353740488413,72.9372407201765
50.77,1349.55594159756,-5.26247950508469,-6.62790209832331e-05,-1.17380811280573e-05,3.27145157606263e-05,-3.01054246394872e-05,-2.36107769652423e-06,3.86453208256043e-06,61.2541577787666,61.2558855658199,72.9442607728539,72.9461228117973
50.78,1349.84775151733,-5.26248356364375,-6.56871974551416e-05,-1.14125648865329e-05,3.24168628310257e-05,-2.985974409681e-05,-2.33999046338571e-06,3.8289759931912e-06,61.2613577647014,61.2630798792715,72.9530949043044,72.9549523196615
50.79,1350.13956069856,-5.26248752155387,-6.51001178652472e-05,-1.1090011877017e-05,3.21216402106202e-05,-2.96157938961612e-05,-2.31907224377693e-06,3.7937127098089e-06,61.2685144852808,61.2702309470288,72.9618760533001,72.9637288547431
50.8,1350.43136914556,-5.26249137972557,-6.45177498245378e-05,-1.0770397890352e-05,3.18288307073473e-05,-2.93735806756858e-05,-2.29832188395136e-06,3.7587401130316e-06,61.2756278268174,61.277338654837,72.9706045958586,72.9724527941907
50.81,1350.72317686256,-5.26249513906196,-6.39400611564482e-05,-1.0453698890192e-05,3.15384169570147e-05,-2.91331052161727e-05,-2.27773823736574e-06,3.72405609894285e-06,61.2827056867999,61.284410903503,72.9792889651733,72.9811325676327
50.82,1351.01498385382,-5.26249880045884,-6.3367019935655e-05,-1.01398910121739e-05,3.12503819651485e-05,-2.88943388583344e-05,-2.25732016734366e-06,3.68965861612721e-06,61.289738544788,61.2914381764741,72.9879179384369,72.9897569497966
50.83,1351.30679012353,-5.26250236480472,-6.27985943723086e-05,-9.82895056138232e-06,3.09647087706886e-05,-2.8657275528305e-05,-2.23706654157769e-06,3.65554558641847e-06,61.2967351547813,61.298429223657,72.9965029059605,72.9983373352271
50.84,1351.59859567589,-5.26250583298089,-6.22347528542612e-05,-9.52085401145138e-06,3.06813806564773e-05,-2.8421889596019e-05,-2.21697623434229e-06,3.62171494663801e-06,61.3036883292829,61.3053768581262,73.0050348133632,73.0068646696506
50.85,1351.89040051505,-5.26250920586145,-6.1675463802747e-05,-9.21557800325938e-06,3.04003808265406e-05,-2.81881973942386e-05,-2.19704812076146e-06,3.58816461856499e-06,61.3106046617465,61.3122876712266,73.013521453348,73.0153467479589
50.86,1352.18220464516,-5.26251248431339,-6.11206957489448e-05,-8.91309934499813e-06,3.01216926754502e-05,-2.79561730615601e-05,-2.1772810801278e-06,3.55489255636715e-06,61.3174741903676,61.3191517026253,73.0219506235661,73.0237713671407
50.87,1352.47400807033,-5.2625156691966,-6.05704172566079e-05,-8.6133950113003e-06,2.98452994352516e-05,-2.77258306726551e-05,-2.15767399231526e-06,3.5218967090367e-06,61.3243076042854,61.3259796396583,73.0303351656334,73.0321513703885
50.88,1352.76581079465,-5.26251876136396,-6.00245970946128e-05,-8.31644214365238e-06,2.95711845382916e-05,-2.74971624341149e-05,-2.13822574494115e-06,3.48917507989911e-06,61.3311030454173,61.3327696280857,73.0386736873794,73.0404853623774
50.89,1353.05761282218,-5.26252176166137,-5.94832041813371e-05,-8.02221804883759e-06,2.92993315413651e-05,-2.72701394646473e-05,-2.11893523100665e-06,3.4567256407673e-06,61.3378557373133,61.3395168911785,73.0469601051271,73.0487672603471
50.9,1353.34941415697,-5.26252467092779,-5.89462075310192e-05,-7.73070019733278e-06,2.90297240654432e-05,-2.70447576688771e-05,-2.09980134661683e-06,3.42454641271426e-06,61.344569020488,61.3462247668512,73.0551979741128,73.0570006222585
50.91,1353.64121480303,-5.26252748999531,-5.84135763335908e-05,-7.44186622317153e-06,2.87623457718588e-05,-2.68210232636313e-05,-2.08082299415868e-06,3.3926354000369e-06,61.3512448733849,61.3528952356874,73.0633891985811,73.0651873503709
50.92,1353.93301476436,-5.2625302196892,-5.78852800308624e-05,-7.15569392335729e-06,2.84971804320273e-05,-2.65989161072081e-05,-2.06199908530385e-06,3.36099063825155e-06,61.3578847267922,61.3595297311117,73.0715367015847,73.0733303655349
50.93,1354.22481404494,-5.26253286082793,-5.7361288262159e-05,-6.87216125615277e-06,2.82342120210554e-05,-2.63784149307622e-05,-2.04332853894513e-06,3.32961014441616e-06,61.3644843369068,61.3661240083006,73.0796355154633,73.0814247018053
50.94,1354.5166126487,-5.26253541422325,-5.68415707255138e-05,-6.59124633926538e-06,2.79734246316726e-05,-2.61595155097263e-05,-2.0248102758216e-06,3.29849196997831e-06,61.3710434917735,61.3726778517511,73.08768410719,73.089468830029
50.95,1354.80841057959,-5.26253788068023,-5.63260972288328e-05,-6.31292744986324e-06,2.77148022471941e-05,-2.59422270612105e-05,-2.00644322022842e-06,3.26763414677713e-06,61.3775700699337,61.379199140347,73.0956937637385,73.0974740364694
50.96,1355.1002078415,-5.2625402609973,-5.58148377088508e-05,-6.03718302438905e-06,2.74583290936316e-05,-2.57265267452244e-05,-1.98822630163783e-06,3.23703473094046e-06,61.3840521099477,61.3856759154545,73.1036477206375,73.1054235548845
50.97,1355.39200443832,-5.26254255596631,-5.53077621981157e-05,-5.7639916574256e-06,2.72039892424738e-05,-2.55124202156614e-05,-1.97015845224991e-06,3.20669178917755e-06,61.3905004660715,61.392119028628,73.1115603467003,73.1133317564224
50.98,1355.68380037391,-5.26254476637255,-5.48048409894833e-05,-5.49333210194058e-06,2.69517669728886e-05,-2.52999027221653e-05,-1.95223861398631e-06,3.17660342033206e-06,61.3969154472749,61.3985287930175,73.1194326168895,73.1211996123079
50.99,1355.97559565209,-5.26254689299485,-5.43060444708152e-05,-5.2251832670651e-06,2.67016468314842e-05,-2.50889261414068e-05,-1.93446573245505e-06,3.14676773965862e-06,61.4032842710564,61.4048924243759,73.1272481421063,73.1290107362069
51,1356.26739027669,-5.26254893660556,-5.38113429590852e-05,-4.95952421610958e-06,2.6453613292316e-05,-2.48795181361268e-05,-1.91683874989546e-06,3.11718283426896e-06,61.409619205951,61.411222185111,73.1350230114211,73.1367812228707
51.01,1356.5591842515,-5.26255089797066,-5.33207070265086e-05,-4.69633416833287e-06,2.62076507471177e-05,-2.46716799218944e-05,-1.89935661763171e-06,3.08784679705146e-06,61.4159182704842,61.4175160998606,73.1427523099422,73.1445061510527
51.02,1356.85097758029,-5.26255277784975,-5.28341076508207e-05,-4.43559249904802e-06,2.59637435976492e-05,-2.44653979616366e-05,-1.88201830194939e-06,3.05875780700097e-06,61.4221895407908,61.42378225105,73.1504482696472,73.1521977466385
51.03,1357.14277026681,-5.26255457699616,-5.23515158807528e-05,-4.17727873548584e-06,2.57218771192689e-05,-2.42605965748298e-05,-1.86482277288741e-06,3.02991402118197e-06,61.428407106296,61.4299947234873,73.1580784037562,73.159823529942
51.04,1357.43456231478,-5.26255629615692,-5.18729027053091e-05,-3.92137255456142e-06,2.54820359094392e-05,-2.40573435275335e-05,-1.84776899581974e-06,3.00131354062042e-06,61.4346024437517,61.4361849829525,73.1656810473118,73.1674218446516
51.05,1357.72635372791,-5.2625579360729,-5.13982393966938e-05,-3.66785378575192e-06,2.52442049876858e-05,-2.38556067127049e-05,-1.83085594778948e-06,2.97295452507786e-06,61.4407550098058,61.4423324982573,73.1732315750957,73.1749680544739
51.06,1358.01814450988,-5.26255949747874,-5.09274973180597e-05,-3.41670240943079e-06,2.50083691070587e-05,-2.36553897501971e-05,-1.81408260852653e-06,2.94483515399452e-06,61.4468776712309,61.4484501337627,73.1807450361513,73.1824772107347
51.07,1358.30993466437,-5.26256098110301,-5.04606480980052e-05,-3.1678985562238e-06,2.47745134961498e-05,-2.34566562107418e-05,-1.79744796784269e-06,2.9169536188171e-06,61.4529609823126,61.4545284453628,73.188210880163,73.1899387623722
51.08,1358.601724195,-5.26256238766818,-4.99976633789308e-05,-2.92142250445003e-06,2.4542623327745e-05,-2.32594108465963e-05,-1.78095101543761e-06,2.88930812022883e-06,61.4590079475557,61.4605704325006,73.1956316186031,73.197355225779
51.09,1358.8935131054,-5.26256371789069,-4.95385149111631e-05,-2.67725468016351e-06,2.43126838688637e-05,-2.30636569369446e-05,-1.76459074486761e-06,2.86189683203816e-06,61.4650212309082,61.4665787603149,73.2030118074004,73.2047311557053
51.1,1359.18530139916,-5.262564972481,-4.9083174558353e-05,-2.43537565685775e-06,2.40846804057613e-05,-2.28693768289339e-05,-1.74836615375588e-06,2.83471800471271e-06,61.4709969969794,61.4725495944695,73.2103455363056,73.2120606410785
51.11,1359.47708907987,-5.2625661521436,-4.86316145036257e-05,-2.19576615563569e-06,2.38585980772862e-05,-2.26765850680965e-05,-1.73227625085694e-06,2.80776979957919e-06,61.4769477450347,61.4784954376073,73.2176481024875,73.2193589751218
51.12,1359.76887615109,-5.26256725757713,-4.81838072146836e-05,-1.95840704357074e-06,2.36344226397425e-05,-2.24852205725292e-05,-1.7163200563104e-06,2.78105056566525e-06,61.4828554128636,61.4843982297347,73.2248985109625,73.2266051622905
51.13,1360.06066261635,-5.26256828947433,-4.77397250327921e-05,-1.72327932977201e-06,2.34121398008297e-05,-2.2295292607883e-05,-1.70049658470281e-06,2.75455849196469e-06,61.4887264673657,61.4902644271437,73.2321036895977,73.2338061407168
51.14,1360.35244847916,-5.26256924852216,-4.72993405197022e-05,-1.49036416707689e-06,2.31917350778924e-05,-2.21068269724939e-05,-1.68480485804699e-06,2.72829181369302e-06,61.4945722953909,61.4961054205856,73.2392778180545,73.2409760851379
51.15,1360.64423374303,-5.2625701354018,-4.68626264322898e-05,-1.25964285213608e-06,2.29731943140553e-05,-2.19197819924467e-05,-1.66924390645103e-06,2.70224880341346e-06,61.5003776900637,61.5019060086879,73.2464032390226,73.2480973340701
51.16,1360.93601841143,-5.2625709507887,-4.64295556279046e-05,-1.03109682341249e-06,2.27565032170588e-05,-2.17341631724917e-05,-1.6538127627363e-06,2.67642774168806e-06,61.5061530380011,61.5076765727566,73.2534915223386,73.2551814622496
51.17,1361.22780248781,-5.26257169535264,-4.60001010371977e-05,-8.0470766018745e-07,2.254164793968e-05,-2.15499452407688e-05,-1.63851046289846e-06,2.65082695348647e-06,61.511885143059,61.5134039168385,73.2605260078908,73.2622118101792
51.18,1361.51958597561,-5.26257236975776,-4.55742357153401e-05,-5.80457082204364e-07,2.23286141464021e-05,-2.13671670154114e-05,-1.62333604622124e-06,2.62544468940034e-06,61.5175976766864,61.5191117114655,73.2675372148519,73.2692188965024
51.19,1361.81136887825,-5.26257297466259,-4.51519331862111e-05,-3.58326950839699e-07,2.21173879742148e-05,-2.11857759713561e-05,-1.60828857017487e-06,2.60027929435691e-06,61.5232750043537,61.5247843320579,73.274505398771,73.2761829679325
51.2,1362.10315119912,-5.26257351072013,-4.47331670465383e-05,-1.38299264996396e-07,2.19079557285583e-05,-2.10057518228938e-05,-1.59336709464408e-06,2.57532911618168e-06,61.5289137303491,61.530418375879,73.2814251782192,73.2830986507384
51.21,1362.39493294161,-5.26257397857786,-4.43179109532967e-05,7.9643840320462e-08,2.1700303786852e-05,-2.08271003828158e-05,-1.57857068105996e-06,2.55059244403527e-06,61.5345225377149,61.5360225214808,73.2883096326338,73.2899790282001
51.22,1362.68671410905,-5.26257437887777,-4.39061385971926e-05,2.95520093787695e-07,2.14944185529841e-05,-2.06498273143929e-05,-1.56389839216076e-06,2.52606762641801e-06,61.5400960338375,61.5415913776481,73.2951499725788,73.2968153096669
51.23,1362.97849470481,-5.26257471225646,-4.34978238680969e-05,5.09347086921979e-07,2.12902861708381e-05,-2.04739392159111e-05,-1.54934929738673e-06,2.50175297270179e-06,61.5456435575239,61.547134286031,73.3019583567529,73.3036196503306
51.24,1363.27027473218,-5.2625749793451,-4.30929408183099e-05,7.21142275177678e-07,2.10878933542665e-05,-2.02993904000227e-05,-1.53492247307413e-06,2.47764691598462e-06,61.5511511125766,61.5526372525482,73.3087186156864,73.3103758800823
51.25,1363.56205419447,-5.26257518076955,-4.26914635894684e-05,9.30922979959173e-07,2.08872265020512e-05,-2.01261955685529e-05,-1.52061699744138e-06,2.45374777400192e-06,61.5566315286479,61.5581131013578,73.315444624656,73.3170978785797
51.26,1363.85383309497,-5.26257531715035,-4.22933666036986e-05,1.13870638822333e-06,2.06882723161496e-05,-1.99543452930606e-05,-1.50643195946905e-06,2.43005398688038e-06,61.5620817166397,61.5635587486545,73.3221341468031,73.323783404016
51.27,1364.14561143693,-5.26257538910276,-4.18986243959987e-05,1.34450955441194e-06,2.04910176381898e-05,-1.97838093243359e-05,-1.49236645230102e-06,2.4065639193595e-06,61.5674960891887,61.5689686056693,73.3287798888805,73.3304251650195
51.28,1364.43738922358,-5.26257539723683,-4.1507211453618e-05,1.54834940256224e-06,2.02954494699867e-05,-1.96145852256944e-05,-1.47841956700952e-06,2.38327599558306e-06,61.5728720272203,61.5743400472565,73.3353777943912,73.3370191113618
51.29,1364.72916645816,-5.26257534215744,-4.11191024311938e-05,1.75024272498075e-06,2.0101554426716e-05,-1.94467081434382e-05,-1.46459039977633e-06,2.36018857608863e-06,61.5782273031508,61.579690848435,73.3419507951474,73.3435881707419
51.3,1365.02094314387,-5.26257522446428,-4.07342724196647e-05,1.95020618116445e-06,1.99093194545229e-05,-1.92801330356478e-05,-1.45087806370445e-06,2.33730015516704e-06,61.583551213079,61.5850103153017,73.3484851689323,73.3501186119314
51.31,1365.31271928389,-5.26257504475198,-4.03526967761191e-05,2.14825630106811e-06,1.9718731643622e-05,-1.91148458328834e-05,-1.43728168135533e-06,2.31460915584014e-06,61.5888462853755,61.5903009728767,73.3549837975118,73.3566133203507
51.32,1365.6044948814,-5.26257480361009,-3.99743509398191e-05,2.34440948813293e-06,1.9529778561586e-05,-1.89508140988947e-05,-1.42380037839671e-06,2.2921140588588e-06,61.5941051067684,61.5955554018261,73.3614393763121,73.3630649980921
51.33,1365.89626993953,-5.26257450162313,-3.95992102543078e-05,2.53868202029145e-06,1.93424474789652e-05,-1.87880633390333e-05,-1.41043327599725e-06,2.26981323272687e-06,61.5993336990131,61.6007796190151,73.3678569128527,73.3694786565152
51.34,1366.18804446143,-5.26257413937064,-3.9227250249487e-05,2.7310900474883e-06,1.91567255388453e-05,-1.86266131430184e-05,-1.39717950213347e-06,2.24770515810718e-06,61.6045373534493,61.6059789223281,73.3742433543906,73.3758612359379
51.35,1366.4798184502,-5.26257371742719,-3.88584466706352e-05,2.92164959188249e-06,1.89726001416422e-05,-1.84664214224382e-05,-1.38403819322218e-06,2.22578830633797e-06,61.6097077062197,61.6111449519007,73.3805894934275,73.3822035257322
51.36,1366.77159190894,-5.26257323636246,-3.84927752939459e-05,3.11037655077458e-06,1.8790058838851e-05,-1.8307478323662e-05,-1.37100848633466e-06,2.2040611962989e-06,61.6148458736254,61.616278817465,73.3868963373025,73.3885065399932
51.37,1367.06336484072,-5.26257269674125,-3.81302119509663e-05,3.29728669721213e-06,1.86090891967036e-05,-1.81497891611851e-05,-1.35808952007804e-06,2.18252228944638e-06,61.6199537019742,61.6213823641507,73.3931664138751,73.3947728071431
51.38,1367.35513724861,-5.26257209912352,-3.77707326864539e-05,3.48239567931537e-06,1.8429678684385e-05,-1.79933490936007e-05,-1.34528044070178e-06,2.1611701174571e-06,61.6250358556788,61.6264602609473,73.3994044536589,73.4010070527074
51.39,1367.64690913565,-5.26257144406443,-3.74143137327405e-05,3.66571902145025e-06,1.82518150957912e-05,-1.7838144679485e-05,-1.33258040185546e-06,2.14000319941933e-06,61.6300837243056,61.6315038988047,73.4055996486532,73.4071984682696
51.4,1367.93868050485,-5.26257073211438,-3.70609315101204e-05,3.84727212593014e-06,1.80754861963399e-05,-1.7684154925091e-05,-1.31998856327894e-06,2.11902008474081e-06,61.6351061229788,61.6365220896568,73.4117651594347,73.413360216945
51.41,1368.23045135922,-5.26256996381905,-3.6710562660526e-05,4.02707027370126e-06,1.79006799373294e-05,-1.75313821270052e-05,-1.30750409297131e-06,2.09821929243867e-06,61.6400990013358,61.6415107854353,73.417893090314,73.4194844008977
51.42,1368.52222170176,-5.26256913971943,-3.63631839037312e-05,4.20512862605944e-06,1.77273844415543e-05,-1.73797983153658e-05,-1.29512616182102e-06,2.07759939083434e-06,61.6450580437199,61.6464656676846,73.4239804036792,73.4255679856509
51.43,1368.81399153543,-5.26256826035187,-3.60187720992731e-05,4.38146222482525e-06,1.75555876019985e-05,-1.72294360501968e-05,-1.28285394495913e-06,2.05715888571727e-06,61.6499962643825,61.6513997498255,73.4300418983811,73.43162576989
51.44,1369.10576086318,-5.26256732624808,-3.56773043663746e-05,4.55608599203656e-06,1.7385277688485e-05,-1.70802540202403e-05,-1.27068662778812e-06,2.03689639176156e-06,61.6549020740294,61.6563014478072,73.4360639926047,73.4376441673865
51.45,1369.39752968795,-5.26256633793523,-3.53387579201524e-05,4.72901473207633e-06,1.72164428435742e-05,-1.69322482151944e-05,-1.25862339850368e-06,2.01681043733191e-06,61.6597802647994,61.661175549523,73.442051526155,73.4436280217769
51.46,1369.68929801267,-5.26256529593593,-3.50031102084757e-05,4.90026313175572e-06,1.70490713569132e-05,-1.67854227435492e-05,-1.24666345374512e-06,1.99689964455307e-06,61.664632757434,61.6660239773938,73.4480079677469,73.4495807999034
51.47,1369.98106584024,-5.26256420076829,-3.46703386694565e-05,5.06984576222656e-06,1.68831518567889e-05,-1.66397468325205e-05,-1.23480599027179e-06,1.97716258124297e-06,61.6694511245524,61.6708383017823,73.4539232143275,73.4554924018126
51.48,1370.27283317353,-5.26256305294593,-3.43404207795919e-05,5.23777707933911e-06,1.67186726079152e-05,-1.64952474602565e-05,-1.22305020498147e-06,1.95759783727179e-06,61.6742448793155,61.6756280323477,73.459807326802,73.4613728906896
51.49,1370.56460001543,-5.26256185297806,-3.40133341741509e-05,5.40407142282145e-06,1.65556221212778e-05,-1.63519076937854e-05,-1.21139530116315e-06,1.93820402141819e-06,61.6790082040084,61.6803873566386,73.4656541728965,73.467216129348
51.5,1370.85636636878,-5.26256060136949,-3.3689056650543e-05,5.5687430170757e-06,1.63939888512832e-05,-1.62097222601994e-05,-1.19984048766484e-06,1.91897978521179e-06,61.6837489262955,61.6851241023771,73.4714735942092,73.4730319591241
51.51,1371.14813223642,-5.26255929862063,-3.33675663256235e-05,5.73180597190557e-06,1.62337614407438e-05,-1.60686677641911e-05,-1.18838498501002e-06,1.89992375728689e-06,61.6884592176258,61.6898304435174,73.4772550520672,73.4788098389123
51.52,1371.43989762117,-5.26255794522759,-3.30488413605386e-05,5.89327428545666e-06,1.6074928828677e-05,-1.59287272038202e-05,-1.17702801548979e-06,1.88103461899866e-06,61.6931421731954,61.6945094708029,73.4830043104602,73.4845555375699
51.53,1371.73166252583,-5.26255654168218,-3.27328598943366e-05,6.05316184528542e-06,1.59174799937882e-05,-1.57898983420235e-05,-1.16576880011718e-06,1.86231096958389e-06,61.6977896762632,61.699153063621,73.4887091487902,73.4902568381283
51.54,1372.02342695319,-5.26255508847195,-3.241960021413e-05,6.21148242718635e-06,1.57614035092909e-05,-1.56522162386507e-05,-1.15460656445073e-06,1.84375147187568e-06,61.7024206509767,61.7037801484289,73.4943937995176,73.4959379693437
51.55,1372.31519090602,-5.2625535860802,-3.21090409900896e-05,6.36824969409661e-06,1.56066883580787e-05,-1.55156426791387e-05,-1.1435405491408e-06,1.82535481507533e-06,61.7070221421334,61.7083777793228,73.5000423711133,73.5015830314143
51.56,1372.60695438706,-5.26255203498606,-3.18011611021174e-05,6.52347719936728e-06,1.54533236049898e-05,-1.53801569588666e-05,-1.13257000202134e-06,1.80711971208784e-06,61.7115995909881,61.7129513927085,73.5056615137026,73.5071986793782
51.57,1372.89871739907,-5.26255043566449,-3.14959396417102e-05,6.67717838838105e-06,1.53012985440641e-05,-1.52457455309183e-05,-1.12169417846156e-06,1.78904482786828e-06,61.7161496688995,61.717497658208,73.5112463281357,73.5127800155949
51.58,1373.19047994476,-5.26254878858632,-3.11933557335052e-05,6.82936659990096e-06,1.51506025451857e-05,-1.51124019334931e-05,-1.11091233499906e-06,1.77112886515967e-06,61.7206733594423,61.7220175570373,73.5168000801346,73.5183303081306
51.59,1373.48224202685,-5.2625470942183,-3.08933883822888e-05,6.98005506679552e-06,1.50012250534808e-05,-1.49801283452786e-05,-1.10022372370214e-06,1.75337047579431e-06,61.7251615657984,61.7265019888606,73.5223094323936,73.5238362233257
51.6,1373.77400364801,-5.26254535302309,-3.0596016684793e-05,7.12925691436367e-06,1.48531550528533e-05,-1.4848959867938e-05,-1.08962759889702e-06,1.73576837146335e-06,61.7296343489152,61.730971016146,73.5278001892209,73.52932356243
51.61,1374.06576481094,-5.26254356545934,-3.03012200573675e-05,7.27698515919027e-06,1.47063819379328e-05,-1.47188575815673e-05,-1.0791232277017e-06,1.71832129919683e-06,61.7340779806868,61.7354109201003,73.5332553764912,73.5347753430503
51.62,1374.35752551828,-5.26254173198171,-3.00089781202256e-05,7.423252711953e-06,1.45608950886436e-05,-1.45898111761798e-05,-1.06870988406007e-06,1.70102802961531e-06,61.7384992923332,61.7398285280673,73.5386821670503,73.5401987416941
51.63,1374.64928577269,-5.26253985304087,-2.97192706259257e-05,7.56807237967453e-06,1.44166843851656e-05,-1.44617796065573e-05,-1.05838684710596e-06,1.6838873044614e-06,61.7428878739119,61.7442134278792,73.5440701296639,73.5455833298694
51.64,1374.94104557678,-5.26253792908357,-2.94320772105334e-05,7.71145686755671e-06,1.42737394940644e-05,-1.43347963466273e-05,-1.04815339086032e-06,1.66689786096656e-06,61.7472520325575,61.7485739201509,73.549428114842,73.5509379638151
51.65,1375.23280493318,-5.26253596055265,-2.91473777517745e-05,7.85341877654188e-06,1.41320499324231e-05,-1.42088635310413e-05,-1.03800879794825e-06,1.65005842489054e-06,61.751593435713,61.752911679133,73.5547566294126,73.5562631427197
51.66,1375.52456384448,-5.26253394788709,-2.88651524896101e-05,7.9939706031351e-06,1.39916053410476e-05,-1.40839598831381e-05,-1.02795236468414e-06,1.63336782166854e-06,61.7559164543892,61.7572310820373,73.560064496833,73.5615676842307
51.67,1375.81632231327,-5.26253189152202,-2.8585381815812e-05,8.13312474279575e-06,1.38523958715686e-05,-1.39600472937014e-05,-1.01798339332365e-06,1.61682483228436e-06,61.7602055589285,61.7615165948353,73.5653293446092,73.5668292213213
51.68,1376.10808034212,-5.26252979188878,-2.83080460260833e-05,8.27089349268845e-06,1.37144116247779e-05,-1.38371271170929e-05,-1.00810118158501e-06,1.60042823565574e-06,61.7644668808526,61.7657743396203,73.5705610142181,73.5720576040392
51.69,1376.39983793358,-5.26252764941492,-2.80331255745872e-05,8.40728904944213e-06,1.35776423276994e-05,-1.37152507312349e-05,-9.98305032349646e-07,1.58417677027789e-06,61.768716841079,61.7700207424551,73.5757786362307,73.5772719563485
51.7,1376.6915950902,-5.26252546452423,-2.77606010773752e-05,8.54232350900387e-06,1.34420783311942e-05,-1.35943419414034e-05,-9.88594256033794e-07,1.56806930588739e-06,61.7729266857971,61.7742270553661,73.5809466579704,73.5824367217397
51.71,1376.98335181448,-5.26252323763682,-2.74904531448388e-05,8.67600886914118e-06,1.33077094429696e-05,-1.34744460061564e-05,-9.78968160884906e-07,1.55210459038425e-06,61.7771217970703,61.7784186512357,73.586096273546,73.5875831017304
51.72,1377.27510810895,-5.26252096916906,-2.72226627106658e-05,8.80835702805353e-06,1.31745260389328e-05,-1.33555285746597e-05,-9.69426068012662e-07,1.53628152461472e-06,61.7812893551972,61.782582718654,73.5912124318854,73.5926960376269
51.73,1377.5668639761,-5.26251865953371,-2.69572108182614e-05,8.93937978663925e-06,1.30425182766308e-05,-1.32375786630272e-05,-9.59967301921871e-07,1.52059888994032e-06,61.7854359716304,61.7867258663462,73.5963035947997,73.5977839934966
51.74,1377.85861941841,-5.26251630913988,-2.66940786383054e-05,9.0690888496676e-06,1.29116767132556e-05,-1.31205914832766e-05,-9.5059119210228e-07,1.5050555775757e-06,61.7895530162163,61.7908394628181,73.6013572060793,73.6028344150276
51.75,1378.15037443835,-5.26251391839309,-2.64332474019868e-05,9.19749582656577e-06,1.27819917189787e-05,-1.30045656728346e-05,-9.41297069512384e-07,1.48965037860506e-06,61.7936510930483,61.7949341099088,73.6063890531074,73.6078630909043
51.76,1378.44212903836,-5.26251148769529,-2.61746985242019e-05,9.32461223097372e-06,1.26534537989724e-05,-1.28894950325362e-05,-9.32084272084776e-07,1.47438218355434e-06,61.7977222510098,61.7990018600233,73.611386746002,73.6128576279062
51.77,1378.73388322089,-5.26250901744489,-2.59184134403407e-05,9.45044948227034e-06,1.25260535551309e-05,-1.27753710080643e-05,-9.22952138438846e-07,1.45924982982533e-06,61.8017666394717,61.8030428597914,73.6163513567119,73.6178191008641
51.78,1379.02563698836,-5.26250650803678,-2.56643738212485e-05,9.57501890509633e-06,1.23997814272047e-05,-1.26622034956777e-05,-9.13900015075586e-07,1.4442522112486e-06,61.8057970592566,61.807069911636,73.621300119943,73.6227647418628
51.79,1379.31739034319,-5.2625039598624,-2.54125615570795e-05,9.69833173019282e-06,1.22746282678162e-05,-1.2549955815904e-05,-9.04927257376532e-07,1.42938821112932e-06,61.8097964447167,61.8110659535785,73.6262100871244,73.6276715995755
51.8,1379.60914328775,-5.26250137330969,-2.51629585321403e-05,9.82039909704515e-06,1.21505848851781e-05,-1.24386254060424e-05,-8.96033219785203e-07,1.41465672853086e-06,61.8137739798387,61.8150401623961,73.6310933706815,73.632551793234
51.81,1379.90089582444,-5.26249874876321,-2.49155468638802e-05,9.94123205284855e-06,1.20276420126622e-05,-1.23282268986069e-05,-8.87217264868674e-07,1.40005662604883e-06,61.8177318217449,61.8189946986687,73.6359522086831,73.6374075566117
51.82,1380.19264795563,-5.2624960866041,-2.46703087862202e-05,1.00608415534884e-05,1.1905790676416e-05,-1.22187342643508e-05,-8.78478760145511e-07,1.38558685160552e-06,61.8216632059367,61.8229227992917,73.6407790273997,73.6422313153576
51.83,1380.48439968366,-5.26249338721013,-2.44272265250263e-05,1.01792384652163e-05,1.17850219089363e-05,-1.21101365719529e-05,-8.69817072264873e-07,1.37124627507196e-06,61.8255680301893,61.826824356919,73.6455730576571,73.6470223051203
51.84,1380.77615101088,-5.26249065095575,-2.41862825546808e-05,1.02964335634763e-05,1.16653264565342e-05,-1.20024688077426e-05,-8.61231576187719e-07,1.35703383259385e-06,61.8294611817501,61.8307142620999,73.6503519101239,73.6517981319387
51.85,1381.06790193962,-5.26248787821206,-2.39474595785915e-05,1.04124375335125e-05,1.15466956515362e-05,-1.18956734127853e-05,-8.5272165663355e-07,1.34294848243115e-06,61.8333246484678,61.8345745079104,73.6550956440879,73.6565388513691
51.86,1381.35965247218,-5.26248506934692,-2.37107402733694e-05,1.05272609735416e-05,1.14291206557992e-05,-1.17897519011137e-05,-8.44286696186991e-07,1.32898911824617e-06,61.8371650080213,61.838411662669,73.6598105356334,73.6612507481281
51.87,1381.65140261088,-5.2624822247249,-2.34761073882417e-05,1.0640914394243e-05,1.13125927686807e-05,-1.16847251273348e-05,-8.35926080058562e-07,1.31515469925991e-06,61.8409842494135,61.8422277162408,73.6644995845698,73.6659368208554
51.88,1381.94315235799,-5.26247934470733,-2.3243543821575e-05,1.07534082180607e-05,1.11971031100375e-05,-1.15805773809482e-05,-8.27639198703952e-07,1.30144419174675e-06,61.844783559338,61.8460238589136,73.6691636983665,73.6705979728657
51.89,1382.23490171579,-5.26247642965237,-2.30130325959516e-05,1.08647527803672e-05,1.10826431386765e-05,-1.14772877933387e-05,-8.1942544766709e-07,1.28785652839638e-06,61.8485565964087,61.8497937501169,73.6737966890328,73.6752280160901
51.9,1382.52665068654,-5.26247347991496,-2.27845567929487e-05,1.09749583309317e-05,1.09692042236462e-05,-1.13748648337461e-05,-8.11284223818134e-07,1.27439070726678e-06,61.8523074379433,61.853541462288,73.6784013295001,73.6798297277441
51.91,1382.81839927248,-5.26247049584691,-2.25580996186012e-05,1.1084035033818e-05,1.08567778464122e-05,-1.12733054161811e-05,-8.03214928645473e-07,1.26104567312827e-06,61.8560378814395,61.8572687951608,73.6829815905678,73.6844070760987
51.92,1383.11014747585,-5.26246747779691,-2.23336445998076e-05,1.11919929668027e-05,1.07453553201514e-05,-1.1172599825477e-05,-7.95216975035619e-07,1.24782047819429e-06,61.8597549925098,61.860982818961,73.6875456929434,73.6889682766064
51.93,1383.40189529887,-5.26246442611052,-2.21111753837392e-05,1.1298842124072e-05,1.06349286076825e-05,-1.1072710664914e-05,-7.87289781396909e-07,1.23471408766066e-06,61.8634382905873,61.8646630521151,73.6920674708876,73.693487166067
51.94,1383.69364274374,-5.26246134113025,-2.18906756717791e-05,1.14045924179039e-05,1.05254892481595e-05,-1.09736645497287e-05,-7.79432766374828e-07,1.22172549389026e-06,61.8671095925302,61.8683313036753,73.6965746774872,73.6979915036458
51.95,1383.98538981268,-5.26245822319557,-2.16721293380501e-05,1.15092536775481e-05,1.04170291891132e-05,-1.08754356139702e-05,-7.71645355936882e-07,1.20885369413789e-06,61.8707560045264,61.87197468622,73.7010520973973,73.7024660682047
51.96,1384.27713650785,-5.26245507264289,-2.14555200820633e-05,1.16128356514395e-05,1.03095402946213e-05,-1.07780243151171e-05,-7.63926969279526e-07,1.19609769962115e-06,61.8743727481551,61.8755884143455,73.7054923946297,73.7069035308593
51.97,1384.56888283142,-5.26245188980565,-2.12408317580137e-05,1.17153480053396e-05,1.02030140867742e-05,-1.06814604663028e-05,-7.56277030193356e-07,1.18345650449618e-06,61.8779819218299,61.8791945888508,73.7099235492513,73.7113318675341
51.98,1384.86062878556,-5.26244867501431,-2.10280485812848e-05,1.18168003214806e-05,1.00974424971267e-05,-1.05857067185711e-05,-7.48694976893315e-07,1.17092915716483e-06,61.8815641858323,61.8827738797741,73.7143218364285,73.715727344803
51.99,1385.1523743724,-5.26244542859637,-2.08171547667537e-05,1.19172021024926e-05,9.99281756451337e-06,-1.04907494948912e-05,-7.41180247098024e-07,1.15851475661604e-06,61.8851253128742,61.8863320509185,73.7186943338136,73.7200970493515
52,1385.44411959409,-5.2624421508764,-2.06081346724936e-05,1.20165627717475e-05,9.88913137599346e-06,-1.03965857191332e-05,-7.33732283245384e-07,1.14621228774299e-06,61.8886668315193,61.8898706304131,73.7230423150705,73.7244422543742
52.01,1385.73586445274,-5.2624388421761,-2.04009727598323e-05,1.21148916735542e-05,9.78637606135107e-06,-1.0303210870715e-05,-7.26350531785428e-07,1.13402085056072e-06,61.8921865858361,61.8933874643832,73.727363876937,73.7287610545908
52.02,1386.02760895045,-5.26243550281427,-2.01956535608751e-05,1.22121980737836e-05,9.68454375755938e-06,-1.02106309216555e-05,-7.19034441601322e-07,1.12193947383963e-06,61.8956883781666,61.8968863541772,73.7316635419953,73.7330579734512
52.03,1386.31935308933,-5.26243213310686,-1.99921617306963e-05,1.23084911603084e-05,9.58362678829777e-06,-1.01188195881115e-05,-7.11783466109649e-07,1.10996722774105e-06,61.8991646686388,61.9003597600484,73.7359318713393,73.7373235719936
52.04,1386.61109687145,-5.262428733367,-1.97904820148393e-05,1.24037800435963e-05,9.48361727457615e-06,-1.0027796251931e-05,-7.04597061362908e-07,1.09810317048317e-06,61.9026248677366,61.9038170910537,73.7401802442177,73.7415692301427
52.05,1386.90284029889,-5.262425303905,-1.95905994055999e-05,1.24980737562247e-05,9.38450754999107e-06,-9.9375460053894e-06,-6.97474692828636e-07,1.08634640579031e-06,61.9060676005995,61.9072569769065,73.7444072974393,73.7457935802428
52.06,1387.19458337371,-5.2624218450284,-1.93924989995462e-05,1.25913812548429e-05,9.28629013334135e-06,-9.84804048265248e-06,-6.90415829853154e-07,1.07469599680554e-06,61.9094830366533,61.9106695847455,73.7486006048641,73.7499841988465
52.07,1387.48632609795,-5.26241835704199,-1.91961659303268e-05,1.26837114212686e-05,9.18895741335935e-06,-9.75929907631555e-06,-6.83419942351707e-07,1.06315107869419e-06,61.9128854323025,61.9140691669243,73.7527781692127,73.7541590917672
52.08,1387.77806847366,-5.26241484024781,-1.90015854911607e-05,1.27750730618274e-05,9.09250200569759e-06,-9.6713025412661e-06,-6.76486506612861e-07,1.05171070610048e-06,61.9162647267934,61.9174456673138,73.7569277048109,73.7583059689686
52.09,1388.06981050284,-5.26241129494521,-1.88087430426921e-05,1.28654749085265e-05,8.99691638164229e-06,-9.58405650525603e-06,-6.69615000902913e-07,1.04037402659778e-06,61.9196262046777,61.9208043679567,73.7610551525388,73.7624307734683
52.1,1388.36155218752,-5.26240772143082,-1.86176240149814e-05,1.2954925619545e-05,8.90219330300674e-06,-9.49754461537523e-06,-6.62804906324404e-07,1.02914014506704e-06,61.9229650571038,61.9241404601596,73.7651544541911,73.7665274471102
52.11,1388.65329352969,-5.26240411999863,-1.84282138992232e-05,1.30434337798727e-05,8.80832536016871e-06,-9.41177703021673e-06,-6.56055705597673e-07,1.01800816232301e-06,61.9262863289623,61.9274589871017,73.7692325984121,73.770602979648
52.12,1388.94503453135,-5.26240049093998,-1.82404982631497e-05,1.31310079014091e-05,8.71530536029797e-06,-9.3267314778052e-06,-6.49366884543559e-07,1.00697722143226e-06,61.9295834955594,61.9307534254034,73.7732814195477,73.7746492043025
52.13,1389.23677519446,-5.26239683454358,-1.80544628876505e-05,1.32176564226949e-05,8.62312577416209e-06,-9.24243505859738e-06,-6.42737935912724e-07,9.960464193862e-07,61.9328712805059,61.9340385000695,73.7773177148837,73.7786829158244
52.14,1389.528515521,-5.26239315109554,-1.78700939136626e-05,1.33033877090124e-05,8.53177957446962e-06,-9.1588435881011e-06,-6.36168366640044e-07,9.85215003965808e-07,61.9361376651212,61.9373021984126,73.7813285856794,73.7826912104494
52.15,1389.82025551291,-5.26238944087942,-1.76873774076185e-05,1.33882100566449e-05,8.44125992471296e-06,-9.07593130121233e-06,-6.29657680716547e-07,9.74482087865661e-07,61.9393773121852,61.9405391743958,73.7853056757392,73.7866657410029
52.16,1390.11199517215,-5.26238570417619,-1.75062994166441e-05,1.34721316930786e-05,8.35155978913244e-06,-8.99373659628616e-06,-6.23205380457756e-07,9.63846790433872e-07,61.9426045504341,61.9437637523991,73.7892689117818,73.7906264373234
52.17,1390.40373450064,-5.26238194126432,-1.73268461588842e-05,1.35551607747478e-05,8.262672107457e-06,-8.91225421654651e-06,-6.16810974769221e-07,9.53308265802793e-07,61.9458121292965,61.9469686892768,73.7932072434184,73.7945622414822
52.18,1390.6954735003,-5.26237815241973,-1.71490039896721e-05,1.36373053876798e-05,8.17458985380108e-06,-8.8314710857966e-06,-6.10473977634477e-07,9.42865664369484e-07,61.9490023895841,61.9501563264829,73.7971242589456,73.7984767413205
52.19,1390.98721217304,-5.26237433791588,-1.69727594190832e-05,1.37185735485337e-05,8.08730617462659e-06,-8.75136768203703e-06,-6.04193908516765e-07,9.32518233011555e-07,61.9521724360946,61.9533237673667,73.8010161045633,73.8023660843966
52.2,1391.27895052076,-5.26237049802375,-1.67980989137795e-05,1.37989732065454e-05,8.00081438821171e-06,-8.67194449231102e-06,-5.97970285342229e-07,9.22265127138115e-07,61.9553228282622,61.9564715681795,73.8048848050572,73.8062322986948
52.21,1391.57068854535,-5.26236663301187,-1.66250090299164e-05,1.38785122432021e-05,7.91510762894717e-06,-8.59321048102864e-06,-5.91802628706005e-07,9.12105484068143e-07,61.9584574756856,61.9596036384375,73.8087340360049,73.810079059096
52.22,1391.86242624868,-5.26236274314634,-1.64534764316234e-05,1.39571984718642e-05,7.83017918067036e-06,-8.51514825436878e-06,-5.85690463510925e-07,9.0203856724369e-07,61.9615707164711,61.9627143191732,73.8125572100829,73.8138997755669
52.23,1392.15416363262,-5.26235882869086,-1.62834878841936e-05,1.4035039638559e-05,7.74602222791217e-06,-8.4377717414863e-06,-5.79633317955342e-07,8.92063551241693e-07,61.964670155077,61.9658112141349,73.816362205866,73.8177023268781
52.24,1392.44590069903,-5.26235488990673,-1.61150304191932e-05,1.41120434222154e-05,7.66263023391592e-06,-8.36104721395094e-06,-5.7363073029924e-07,8.82179668237545e-07,61.9677511714385,61.9688897062675,73.8201458253684,73.821483512286
52.25,1392.73763744974,-5.2623509270529,-1.59480910697151e-05,1.41882174371054e-05,7.57999675318579e-06,-8.28496481373023e-06,-5.67682238669399e-07,8.72386125966122e-07,61.9708101502444,61.9719461754139,73.8239022032501,73.8252374713518
52.26,1393.02937388658,-5.26234694038596,-1.57826569420085e-05,1.42635692327614e-05,7.49811523502881e-06,-8.20954550861653e-06,-5.61787383300139e-07,8.62682100334026e-07,61.9738557199096,61.9749892489923,73.8276417473322,73.8289746120728
52.27,1393.32111001139,-5.26234293016018,-1.56187152233535e-05,1.43381062936301e-05,7.41697928865134e-06,-8.13477045195022e-06,-5.55945707815776e-07,8.53066877185959e-07,61.976878107692,61.978009156676,73.8313529580166,73.8326834327784
52.28,1393.61284582597,-5.26233889662753,-1.54562530708799e-05,1.44118360401454e-05,7.33658243311188e-06,-8.06064815109894e-06,-5.50156754338657e-07,8.43539653047447e-07,61.9798842825049,61.9810128646078,73.8350443324377,73.836372432911
52.29,1393.90458133213,-5.26233484003767,-1.52952580149065e-05,1.44847658271317e-05,7.25691804840845e-06,-7.98718210738648e-06,-5.44420078223668e-07,8.34099674722807e-07,61.9828815660709,61.9840077006784,73.8387242220629,73.8400499569027
52.3,1394.19631653164,-5.26233076063802,-1.51357176765103e-05,1.45569029464001e-05,7.17798023462365e-06,-7.9143073649595e-06,-5.38735239553848e-07,8.24746230807145e-07,61.9858481934874,61.9869718998707,73.8423676911572,73.843691070955
52.31,1394.4880514263,-5.26232665867373,-1.49776196804854e-05,1.46282546285802e-05,7.09976246439743e-06,-7.84208957350682e-06,-5.33101796403524e-07,8.15478488009561e-07,61.9888095472264,61.9899308352069,73.8460028876521,73.8473239303746
52.32,1394.77978601788,-5.26232253438774,-1.48209519500407e-05,1.46988280409435e-05,7.02225873824842e-06,-7.77047281280048e-06,-5.27519319100409e-07,8.06295794767049e-07,61.9917503588577,61.9928692485003,73.8496153400347,73.8509340540644
52.33,1395.07152030813,-5.26231838802078,-1.46657022166655e-05,1.4768630290636e-05,6.94546298339948e-06,-7.69946662112517e-06,-5.21987370716112e-07,7.97197357475278e-07,61.9946705859446,61.9957870896721,73.8532009985244,73.8545174001161
52.34,1395.3632542988,-5.26231421981138,-1.4511858330933e-05,1.48376684236e-05,6.86936899556043e-06,-7.62908015851533e-06,-5.1650551784761e-07,7.88182429452451e-07,61.9975750673911,61.9986891971158,73.8567676895184,73.8580817943708
52.35,1395.65498799163,-5.2623100299959,-1.43594081376178e-05,1.49059494245688e-05,6.79397074155292e-06,-7.5593164705566e-06,-5.11073327450189e-07,7.79250296267884e-07,62.0004593083036,62.0015710784141,73.8603091322728,73.8616209540177
52.36,1395.94672138836,-5.26230581880855,-1.42083396459561e-05,1.49734802167321e-05,6.71926198129919e-06,-7.49016474074181e-06,-5.05690371820644e-07,7.70400204050219e-07,62.0033315466471,62.0044409723468,73.8638363332386,73.8651458839101
52.37,1396.23845449069,-5.2623015864814,-1.40586410557283e-05,1.50402676623867e-05,6.64523677746168e-06,-7.42161208698634e-06,-5.00356230728653e-07,7.61631529868929e-07,62.0061836731449,62.0072907720136,73.8673382573921,73.8686455471396
52.38,1396.53018730034,-5.26229733324442,-1.39103007361365e-05,1.51063185643836e-05,6.57188913942628e-06,-7.35364910810399e-06,-4.95070489674818e-07,7.52943510964801e-07,62.009024852561,62.0101296410693,73.870826824645,73.8721318641055
52.39,1396.82191981901,-5.26229305932545,-1.37633072055634e-05,1.51716396672806e-05,6.49921341840579e-06,-7.28626155952404e-06,-4.8983274007908e-07,7.44335515493431e-07,62.0118454751578,62.0129479695079,73.8742905910296,73.8755933916583
52.4,1397.11365204839,-5.26228876495028,-1.36176489578395e-05,1.52362376587145e-05,6.4272038358007e-06,-7.21944869113201e-06,-4.84642571880856e-07,7.35806787913792e-07,62.0146512893233,62.015751501634,73.8777357773965,73.8790363540429
52.41,1397.40538399015,-5.26228445034263,-1.34733147364423e-05,1.53001191678799e-05,6.35585447430649e-06,-7.15323015988523e-06,-4.79499583895671e-07,7.27356625307689e-07,62.0174495824799,62.0185475292697,73.8811720845155,73.8824704469319
52.42,1397.69711564597,-5.26228011572419,-1.3330293255956e-05,1.53632907672065e-05,6.28515998042594e-06,-7.08755023032048e-06,-4.74403375021944e-07,7.18984363219655e-07,62.0202157345051,62.0213114311464,73.8845690568689,73.8858652175233
52.43,1397.98884701752,-5.2622757613146,-1.31885729201816e-05,1.54257589743263e-05,6.21511459390064e-06,-7.02245776797819e-06,-4.69353531188164e-07,7.10689265322889e-07,62.022967753946,62.0240612040157,73.8879484285058,73.88924241028
52.44,1398.28057810642,-5.26227138733151,-1.30481423986544e-05,1.54875302476981e-05,6.14571229108753e-06,-6.95797506220328e-06,-4.64349647796158e-07,7.02470657833014e-07,62.0257137263196,62.0268049445908,73.8913200844253,73.8926118977131
52.45,1398.57230891434,-5.26226699399055,-1.29089905737103e-05,1.55486109872287e-05,6.07694753608592e-06,-6.89403922372497e-06,-4.59391329497331e-07,6.9432789901033e-07,62.0284348487206,62.0295238564241,73.8946617898113,73.8959514402529
52.46,1398.8640394429,-5.2622625815054,-1.27711063497245e-05,1.56090075377298e-05,6.00881470846563e-06,-6.83065873505464e-06,-4.5447818055766e-07,6.86260353613844e-07,62.0311416036184,62.0322284121201,73.8979856417612,73.8992731441908
52.47,1399.15576969372,-5.26225815008778,-1.26344788583539e-05,1.56687261884327e-05,5.94130828756857e-06,-6.76783607075774e-06,-4.49609813489514e-07,6.78267406480255e-07,62.0338377114338,62.0349223355756,73.9012961072552,73.9025814722772
52.48,1399.44749966841,-5.26225369994746,-1.24990974004732e-05,1.57277731739158e-05,5.87442293605315e-06,-6.70554014652722e-06,-4.44785847636252e-07,6.70348382682869e-07,62.036516167142,62.0375986250013,73.9045857318778,73.9058689673333
52.49,1399.73922936858,-5.26224923129229,-1.23649513055377e-05,1.5786154676011e-05,5.80815335946917e-06,-6.64378018848099e-06,-4.40005902992153e-07,6.62502620185721e-07,62.0391783798251,62.040258683584,73.9078547535319,73.9091358731501
52.5,1400.03095879582,-5.26224474432823,-1.22320300158986e-05,1.58438768231955e-05,5.74249418405223e-06,-6.58256357422191e-06,-4.35269603224077e-07,6.54729457255122e-07,62.041828344461,62.0429065065019,73.9111083926045,73.9123874091655
52.51,1400.32268795172,-5.26224023925933,-1.21003229798996e-05,1.59009456908446e-05,5.677440204272e-06,-6.52187307127136e-06,-4.3057657269286e-07,6.47028254030946e-07,62.0444582930993,62.0455343268346,73.9143384910969,73.9156154167758
52.52,1400.61441683785,-5.26223571628778,-1.19698195277722e-05,1.59573673020315e-05,5.61298612226882e-06,-6.46171490906725e-06,-4.25926430936627e-07,6.39398357790092e-07,62.0470694284642,62.0481433428623,73.9175445299246,73.9188193809497
52.53,1400.90614545578,-5.2622311756139,-1.18405091460138e-05,1.60131476258062e-05,5.5491264168806e-06,-6.40211366702976e-06,-4.21318802691786e-07,6.31839111248436e-07,62.0496744782039,62.0507462860624,73.9207437331564,73.9220165209737
52.54,1401.19787380706,-5.26222661743617,-1.17123814124449e-05,1.60682925778196e-05,5.48585604407067e-06,-6.34301634723271e-06,-4.16753317128084e-07,6.24349989031096e-07,62.0522520444367,62.0533217616352,73.9239086430883,73.9251793772827
52.55,1401.48960189325,-5.26222204195126,-1.15854259710602e-05,1.61228080218957e-05,5.42316953473584e-06,-6.28446160609658e-06,-4.12229604420669e-07,6.16930300981373e-07,62.0548275153969,62.0558951532192,73.9270717830634,73.9283404762838
52.56,1401.78132971587,-5.262217449354,-1.14596328721224e-05,1.61766997689189e-05,5.36106188582917e-06,-6.22640523018023e-06,-4.07747310585209e-07,6.0957953836949e-07,62.0573845363016,62.0584501144812,73.9302118604049,73.9314785174852
52.57,1402.07305727647,-5.26221283983745,-1.13349921218449e-05,1.62299735805664e-05,5.29952819529305e-06,-6.16883428716698e-06,-4.0330607997779e-07,6.02297058583615e-07,62.0599246472608,62.060988178978,73.9333316818988,73.9345963144958
52.58,1402.36478457656,-5.26220821359289,-1.12114938125886e-05,1.6282635169422e-05,5.23856347610272e-06,-6.11177258579836e-06,-3.9890555936182e-07,5.95082236089835e-07,62.0624529042751,62.0635143995335,73.9364362835371,73.9376989056293
52.59,1402.65651161766,-5.26220357080985,-1.10891280891197e-05,1.63346901983271e-05,5.17816283389331e-06,-6.05520401074431e-06,-3.94545397803005e-07,5.87934464076675e-07,62.0649637332706,62.0660232050892,73.9395195270011,73.9407801496658
52.6,1402.94823840127,-5.26219891167609,-1.09678849642544e-05,1.63861442812849e-05,5.11832136799617e-06,-5.99913438274459e-06,-3.90225239409545e-07,5.80853133824027e-07,62.0674555519937,62.0685130093498,73.9425793086322,73.9438379470522
52.61,1403.23996492888,-5.26219423637764,-1.08477546259513e-05,1.64370029816345e-05,5.05903383340943e-06,-5.94358636779979e-06,-3.85944733794262e-07,5.73837617600086e-07,62.0699418495712,62.0709973045315,73.9456323960075,73.9468890609764
52.62,1403.53169120198,-5.26218954509883,-1.07287274007671e-05,1.64872718124514e-05,5.00029551463943e-06,-5.88851025133339e-06,-3.81703536936637e-07,5.66887436841482e-07,62.0724066307957,62.0734601000799,73.9486597828234,73.9499144817368
52.63,1403.82341722205,-5.26218483802227,-1.0610793599633e-05,1.65369562388937e-05,4.94210144908621e-06,-5.83393017660485e-06,-3.77501303182688e-07,5.60001969523213e-07,62.0748613354578,62.0759128292198,73.9516739459647,73.952926691932
52.64,1404.11514299055,-5.2621801153289,-1.04939438151805e-05,1.65860616773295e-05,4.88444685654221e-06,-5.77982566069383e-06,-3.73337697393584e-07,5.53180662925951e-07,62.0773025065481,62.0783520399235,73.9546717466175,73.9559225474872
52.65,1404.40686850895,-5.26217537719798,-1.03781686495819e-05,1.66345934972035e-05,4.82732713693678e-06,-5.72618774681476e-06,-3.69212385138785e-07,5.46422923916514e-07,62.0797252936222,62.0807728796664,73.9576466010132,73.9588954673199
52.66,1404.69859377871,-5.26217062380711,-1.02634586737269e-05,1.66825570217388e-05,4.77073762923309e-06,-5.67301406478465e-06,-3.6512503020968e-07,5.39728223199979e-07,62.0821346679826,62.0831803151644,73.9606062352139,73.9618531815049
52.67,1404.99031880125,-5.26216585533224,-1.01498045829575e-05,1.67299575266832e-05,4.71467345640563e-06,-5.62033397785654e-06,-3.61075300647902e-07,5.33095964793881e-07,62.0845370483892,62.0855807690056,73.963556511678,73.9648015477517
52.68,1405.28204357802,-5.26216107194773,-1.00371972381527e-05,1.6776800240463e-05,4.65913014251851e-06,-5.56809989278189e-06,-3.5706287151699e-07,5.26525623498544e-07,62.0869184266197,62.0879602369136,73.9664812394143,73.9677243722002
52.69,1405.57376811045,-5.26215627382627,-9.92562737306592e-06,1.68230903468777e-05,4.60410313385313e-06,-5.51632580896102e-06,-3.53087412437752e-07,5.20016603172344e-07,62.0892819507725,62.090321857989,73.9693831565291,73.9706244016104
52.7,1405.86549239995,-5.262151461139,-9.8150859017696e-06,1.68688329830733e-05,4.54958762904222e-06,-5.46503043289652e-06,-3.4914859893454e-07,5.1356840517075e-07,62.0916427727897,62.0926807879346,73.9722823745789,73.9735217423795
52.71,1406.15721644794,-5.26214663405543,-9.70556395971217e-06,1.6914033239353e-05,4.49557917710182e-06,-5.41418426868395e-06,-3.4524611587391e-07,5.07180496294845e-07,62.0939875114939,62.0950236530896,73.9751617997221,73.9763992941611
52.72,1406.44894025581,-5.26214179274354,-9.59705268097293e-06,1.69586961623058e-05,4.44207343798495e-06,-5.36376246988036e-06,-3.4137964766804e-07,5.00852335692976e-07,62.0963142274365,62.0973485063304,73.9780193609106,73.9792549937672
52.73,1406.74066382496,-5.26213693736973,-9.48954319199284e-06,1.70028267551233e-05,4.3890659703116e-06,-5.31379773976015e-06,-3.37548877718486e-07,4.94583345829296e-07,62.0986304649347,62.0996628884837,73.9808635955777,73.9820973811902
52.74,1407.03238715679,-5.26213206809887,-9.38302670690679e-06,1.70464299761267e-05,4.33655232908125e-06,-5.26427693684796e-06,-3.33753492923232e-07,4.88373048944911e-07,62.100933893264,62.1019644736287,73.983692860943,73.9849248086809
52.75,1407.32411025266,-5.26212718509427,-9.27749433535699e-06,1.70895107400737e-05,4.28452824856669e-06,-5.21518692104409e-06,-3.29993176739883e-07,4.82220901711853e-07,62.1032150620211,62.1042438092122,73.9864939113345,73.9877240333227
52.76,1407.61583311394,-5.26212228851774,-9.1729371206904e-06,1.71320739185022e-05,4.23298927826684e-06,-5.16654668696058e-06,-3.26267609316176e-07,4.76126370677499e-07,62.1054862539688,62.1065131739475,73.9892839275963,73.9905122391339
52.77,1407.90755574199,-5.2621173785296,-9.06934641102158e-06,1.71741243373125e-05,4.18193080018304e-06,-5.11836895961224e-06,-3.22576481778065e-07,4.70088927534418e-07,62.1077495811055,62.1087746881578,73.9920630352402,73.9932895425602
52.78,1408.19927813818,-5.26211245528864,-8.96671388408227e-06,1.72156667776611e-05,4.13134853073299e-06,-5.07060990493252e-06,-3.18919498147537e-07,4.6410816899236e-07,62.1099977862236,62.1110210996149,73.994823583029,73.9960482882368
52.79,1408.49100030384,-5.26210751895222,-8.86503125015332e-06,1.72567059799116e-05,4.0812385204346e-06,-5.02324304444905e-06,-3.15296363598421e-07,4.58183577890358e-07,62.1122319093717,62.1132534407937,73.9975673231787,73.9987902362704
52.8,1408.78272224031,-5.2621025696762,-8.76429038622135e-06,1.72972466437794e-05,4.03159655737713e-06,-4.97629733819741e-06,-3.11706788409186e-07,4.523146148387e-07,62.1144620858559,62.1154818453306,74.0003070649689,74.0015281963065
52.81,1409.07444394893,-5.26209760761501,-8.66448324030565e-06,1.73372934281855e-05,3.98241872357628e-06,-4.92975805767739e-06,-3.08150486395092e-07,4.46500755828597e-07,62.1166711050603,62.1176891055205,74.0030192065337,74.0042385644149
52.82,1409.36616543102,-5.26209263292165,-8.56560158250325e-06,1.73768509522716e-05,3.93370096048576e-06,-4.88361858201424e-06,-3.04627164257296e-07,4.40741525016726e-07,62.1188659575878,62.1198822052412,74.0057147728696,74.0069323718776
52.83,1409.6578866879,-5.26208764574767,-8.46763700520141e-06,1.74159237947611e-05,3.88543922303567e-06,-4.8379000117311e-06,-3.01136522128293e-07,4.3503639181406e-07,62.1210446354914,62.1220591354874,74.0083906595307,74.0096065150718
52.84,1409.94960772086,-5.26208264624322,-8.37058116810854e-06,1.74545164918943e-05,3.83762908141206e-06,-4.79262556267725e-06,-2.97678262001316e-07,4.29384855874741e-07,62.123216869118,62.1242296306138,74.0110584607661,74.0122725832482
52.85,1410.24132853121,-5.26207763455705,-8.27442598548236e-06,1.7492633536772e-05,3.79026641235972e-06,-4.74775765099316e-06,-2.94252095954823e-07,4.23786462566342e-07,62.1253734016452,62.1263844406279,74.0137069623771,74.0149193560635
52.86,1410.53304912025,-5.2620726108365,-8.17916350877862e-06,1.75302793817732e-05,3.74334714196893e-06,-4.70329126173959e-06,-2.90857740687069e-07,4.18240812964047e-07,62.1275205443485,62.1285298732822,74.0163437052533,74.0175543778108
52.87,1410.82476948925,-5.26206757522757,-8.08478602788779e-06,1.75674584395914e-05,3.69686739459422e-06,-4.65920740623261e-06,-2.87494921666103e-07,4.12747427810597e-07,62.1296564094671,62.1306640420379,74.0189671231402,74.0201760807174
52.88,1411.1164896395,-5.26206252787486,-7.99128587067792e-06,1.76041750852327e-05,3.65082347037274e-06,-4.61550214635302e-06,-2.84163365992737e-07,4.07305833600644e-07,62.131778139468,62.132784086677,74.0215724375,74.0227796892576
52.89,1411.40820957226,-5.26205746892165,-7.89865531562995e-06,1.76404336564832e-05,3.60521164084951e-06,-4.57217371026239e-06,-2.80862798572192e-07,4.01915506302412e-07,62.1338852618498,62.1348895306718,74.0241607834037,74.025366342259
52.9,1411.6999292888,-5.26205239850988,-7.80688659947887e-06,1.76762384528386e-05,3.56002794476755e-06,-4.52924208880486e-06,-2.77592942345464e-07,3.9657601256203e-07,62.1359817713859,62.1369843687576,74.0267350895127,74.0279389676669
52.91,1411.99164879038,-5.26204731678013,-7.71597204352469e-06,1.77115937341898e-05,3.51526846264807e-06,-4.48671056634506e-06,-2.74353523733027e-07,3.91286879097494e-07,62.1380678784983,62.1390688163237,74.0292974348435,74.0304996395693
52.92,1412.28336807823,-5.26204222387169,-7.62590405092254e-06,1.77465037217782e-05,3.47092940698212e-06,-4.44455083007388e-06,-2.71144272213121e-07,3.86047666600924e-07,62.1401381611167,62.1411374506387,74.0318397435225,74.033040283058
52.93,1412.57508715361,-5.26203711992255,-7.53667506624648e-06,1.77809725991706e-05,3.42700697842287e-06,-4.40277388805342e-06,-2.67964918328707e-07,3.80857900834485e-07,62.1421981740803,62.1431958239861,74.0343703229007,74.0355692076328
52.94,1412.86680601775,-5.26203200506939,-7.44827767966357e-06,1.78150045118505e-05,3.38349737571676e-06,-4.36137538664693e-06,-2.64815197898501e-07,3.75717198331914e-07,62.1442475313062,62.145243552722,74.0368866552056,74.0380838927084
52.95,1413.15852467186,-5.26202687944762,-7.36070447369252e-06,1.7848603568603e-05,3.34039705580335e-06,-4.3203401850041e-06,-2.61694847008779e-07,3.70625104823778e-07,62.1462827584599,62.1472771619809,74.0393865255831,74.0405821245152
52.96,1413.45024311718,-5.26202174319138,-7.27394816061306e-06,1.78817738415135e-05,3.29770222794606e-06,-4.27966996390553e-06,-2.5860360561505e-07,3.65581160571057e-07,62.1483086755224,62.1493014704229,74.0418745627613,74.0430685321639
52.97,1413.74196135491,-5.26201659643354,-7.18800156048149e-06,1.79145193661286e-05,3.25540932854475e-06,-4.2393720177143e-06,-2.55541218160335e-07,3.60584924163389e-07,62.1503242864366,62.15131548428,74.04434970928,74.0455420563069
52.98,1414.03367938626,-5.26201143930574,-7.1028575788463e-06,1.79468441418432e-05,3.21351477342263e-06,-4.19941991354266e-06,-2.52507431948484e-07,3.55636010101416e-07,62.1523281558334,62.1533177670158,74.0468114191188,74.0480021518593
52.99,1414.32539721244,-5.26200627193838,-7.01850897924316e-06,1.79787521336217e-05,3.17201518315785e-06,-4.15981738248805e-06,-2.49501989323544e-07,3.50733965482231e-07,62.1543113871983,62.1552994182481,74.0492460175585,74.0504351482925
53,1414.61711483462,-5.26200109446063,-6.93494846982401e-06,1.80102472712497e-05,3.13090685278936e-06,-4.12059320124193e-06,-2.46524629733545e-07,3.4587833593492e-07,62.1562907508514,62.1572772064467,74.0516777319468,74.0528652736937
53.01,1414.90883225399,-5.26199590700045,-6.85216897620507e-06,1.804133344722e-05,3.09018613735679e-06,-4.08173446081197e-06,-2.4357510101294e-07,3.41068694077393e-07,62.1582563832491,62.1592412760688,74.0540913400459,74.0552772979188
53.02,1415.20054947174,-5.26199070968459,-6.77016359966963e-06,1.80720145177613e-05,3.04984941515105e-06,-4.0432214368199e-06,-2.40653157393253e-07,3.36304700668429e-07,62.160214080022,62.1611974232889,74.05649590808,74.0576802866625
53.03,1415.49226648903,-5.26198550263861,-6.68892546723201e-06,1.81022943052582e-05,3.00989351671455e-06,-4.00503223944623e-06,-2.37758554509453e-07,3.31585946020986e-07,62.1621530969096,62.1631349004942,74.0588773831652,74.0600601910962
53.04,1415.78398330702,-5.2619802859869,-6.60844767258188e-06,1.81321765992558e-05,2.97031498123778e-06,-3.96719294914067e-06,-2.34891045757611e-07,3.26911982750748e-07,62.1640880397819,62.1650683087116,74.0612545393477,74.0624357889913
53.05,1416.07569992688,-5.26197505985265,-6.52872344155278e-06,1.81616651548469e-05,2.93111043759393e-06,-3.9296947365856e-06,-2.32050389786233e-07,3.22282381411739e-07,62.1660052203716,62.1669839647814,74.0636087987312,74.0647884974428
53.06,1416.36741634974,-5.26196982435793,-6.4497460899804e-06,1.81907636926889e-05,2.89227633075562e-06,-3.8925493537629e-06,-2.29236348226896e-07,3.17696790691664e-07,62.1679188176344,62.1688960480906,74.0659587088862,74.0671368631263
53.07,1416.65913257677,-5.26196457962364,-6.37150908815652e-06,1.82194758996e-05,2.85380950575166e-06,-3.85572130402214e-06,-2.26448689025881e-07,3.13154815498578e-07,62.1698169047524,62.1707926336939,74.0682895967278,74.069466211806
53.08,1416.95084860908,-5.26195932576952,-6.2940058899267e-06,1.82478054304601e-05,2.81570668308339e-06,-3.81921367650423e-06,-2.23687178860399e-07,3.08656036863801e-07,62.1717046529987,62.1726788874909,74.0706086899344,74.0717837760008
53.09,1417.24256444782,-5.26195406291423,-6.2172300051798e-06,1.82757559076368e-05,2.77796459232471e-06,-3.78304817681729e-06,-2.20951586396142e-07,3.04200029961361e-07,62.1735834300361,62.1745561781624,74.0729156480377,74.0740892139179
53.1,1417.53428009411,-5.26194879117527,-6.14117485576431e-06,1.83033309212577e-05,2.74058014662363e-06,-3.74718919870015e-06,-2.18241677498873e-07,2.9978645803069e-07,62.175441541169,62.1764128100319,74.075197357488,74.0763694135068
53.11,1417.82599554906,-5.26194351066904,-6.06583384588779e-06,1.83305340287771e-05,2.70354977776261e-06,-3.71168973807739e-06,-2.15557216274863e-07,2.95414882063149e-07,62.1773027059692,62.1782725015193,74.0774841903804,74.0786547465088
53.12,1418.11771081379,-5.26193822151085,-5.99120074795372e-06,1.83573687530937e-05,2.66687029117015e-06,-3.67650714094793e-06,-2.12897981347736e-07,2.91084967218944e-07,62.1791491399042,62.180117478159,74.0797515246048,74.0809205815299
53.13,1418.40942588939,-5.26193292381491,-5.91726925767078e-06,1.83838385864262e-05,2.63053868590544e-06,-3.64162083481205e-06,-2.10263748532601e-07,2.86796314335168e-07,62.180979621377,62.1819465108617,74.0819994612173,74.0831670277459
53.14,1418.70114077698,-5.26192761769437,-5.84403303271861e-06,1.84099469906326e-05,2.59455183632431e-06,-3.60704944491651e-06,-2.07654291330932e-07,2.82548582043393e-07,62.1828011595226,62.1837666038922,74.0842366821587,74.0854027708968
53.15,1418.99285547763,-5.26192230326128,-5.77148584204425e-06,1.84356973955746e-05,2.55890644689441e-06,-3.57281749558141e-06,-2.05069387441788e-07,2.78341365589699e-07,62.1846199555674,62.1855839647132,74.0864707842696,74.0876354009867
53.16,1419.28456999244,-5.26191698062666,-5.69962148956744e-06,1.84610931999127e-05,2.52359970510623e-06,-3.53886186064127e-06,-2.02508816927324e-07,2.74174323208407e-07,62.186414625394,62.1873772103134,74.0886749505502,74.0898381013237
53.17,1419.57628432248,-5.26191164990045,-5.62843369187642e-06,1.84861377725464e-05,2.48862831527454e-06,-3.50523638634344e-06,-1.99972355004118e-07,2.70047023953873e-07,62.1882091521677,62.1891703157209,74.0908797116345,74.0920414092368
53.18,1419.86799846883,-5.26190631119156,-5.55791651313684e-06,1.85108344496713e-05,2.45398913502614e-06,-3.47192873580264e-06,-1.97459790169611e-07,2.65959191450386e-07,62.1899948136107,62.1909545692589,74.0930720860748,74.0942323325446
53.19,1420.15971243255,-5.26190096460789,-5.48806395996426e-06,1.85351865378771e-05,2.41967939292508e-06,-3.43889182951996e-06,-1.94970909687556e-07,2.61910460995756e-07,62.1917614408883,62.1927197993444,74.0952412681265,74.0964000694213
53.2,1420.45142621471,-5.26189561025629,-5.41886991160971e-06,1.85591973157697e-05,2.3856961600923e-06,-3.40615524461661e-06,-1.92505495006317e-07,2.57900446638294e-07,62.1935205676996,62.1944775306032,74.0974026394987,74.0985600098197
53.21,1420.74313981636,-5.2618902482426,-5.35032833091571e-06,1.85828700317565e-05,2.35203636426829e-06,-3.3737292016637e-06,-1.90063330502252e-07,2.53928756113655e-07,62.1952694801079,62.1962250541548,74.099550806779,74.1007067545142
53.22,1421.03485323854,-5.26188487867166,-5.28243339297474e-06,1.86062079027905e-05,2.31869680701557e-06,-3.34161974319508e-06,-1.87644208509956e-07,2.49995108055328e-07,62.1970143340837,62.1979685321056,74.1016932455065,74.1028477728181
53.23,1421.32656648229,-5.26187950164732,-5.21517936015429e-06,1.86292141165495e-05,2.28567488416258e-06,-3.30976881395271e-06,-1.85247925509148e-07,2.46099174236718e-07,62.1987415017701,62.1996943354247,74.1038146339955,74.1049677455469
53.24,1421.61827954867,-5.26187411727244,-5.14856046312235e-06,1.86518918334797e-05,2.2529676554838e-06,-3.27820656912849e-06,-1.82874275400835e-07,2.42240571320801e-07,62.2004622439601,62.2014137170152,74.1059283750346,74.1070800821049
53.25,1421.90999243868,-5.26186872564889,-5.08257095516198e-06,1.86742441858412e-05,2.22057242269678e-06,-3.24692899663858e-06,-1.80523053543807e-07,2.38418939857259e-07,62.202169249434,62.2031193687846,74.1080252003906,74.1091755113875
53.26,1422.20170515336,-5.26186332687761,-5.01720505585063e-06,1.86962742773006e-05,2.18848620174028e-06,-3.21594663755666e-06,-1.78194053596679e-07,2.34633969709627e-07,62.203868398213,62.2048171700968,74.1101121530654,74.1112610765634
53.27,1422.49341769373,-5.26185792105853,-4.95245710864927e-06,1.87179851823231e-05,2.15670612667214e-06,-3.18525603691247e-06,-1.75887074015139e-07,2.30885321257212e-07,62.2055597719335,62.2065072059264,74.1121895705249,74.1133371117646
53.28,1422.78513006079,-5.26185250829066,-4.88832163211249e-06,1.87393799467299e-05,2.125229376148e-06,-3.1548373440153e-06,-1.73601919612384e-07,2.27172671537004e-07,62.207239997456,62.2081861043157,74.1142529694377,74.1153991324851
53.29,1423.07684225556,-5.26184708867206,-4.82479319185671e-06,1.87604615893074e-05,2.09405329633899e-06,-3.12468935471445e-06,-1.713383969651e-07,2.23495674240518e-07,62.2089115446962,62.2098563323346,74.1163062628019,74.1174510547442
53.3,1423.36855427902,-5.26184166229987,-4.76186641128854e-06,1.87812331018694e-05,2.06317517195564e-06,-3.09481003935341e-06,-1.69096314419138e-07,2.19854043320526e-07,62.2105729899275,62.2115164653606,74.1183463957614,74.1194898240912
53.31,1423.66026613219,-5.26183622927028,-4.69953589265278e-06,1.88016974495945e-05,2.03259235995284e-06,-3.06520161019614e-06,-1.6687547981753e-07,2.16247424910353e-07,62.212226246416,62.2131684171034,74.1203774198191,74.1215194916541
53.32,1423.95197781605,-5.26183078967859,-4.63779614598233e-06,1.88218575715086e-05,2.00230230759149e-06,-3.03585293966464e-06,-1.64675697660904e-07,2.12675487403727e-07,62.2138628302429,62.2148037008527,74.1223869858843,74.1235277113321
53.33,1424.24368933157,-5.26182534361917,-4.57664171139562e-06,1.88417163793756e-05,1.9723020657388e-06,-3.00679953629251e-06,-1.62496772626105e-07,2.09137888193198e-07,62.2154978775918,62.2164374530991,74.1243957339071,74.1255351216346
53.34,1424.53540067974,-5.2618198911855,-4.51606732045389e-06,1.88612767566457e-05,1.94258899232761e-06,-2.97801060137802e-06,-1.60338517299112e-07,2.05634324558675e-07,62.2171191677216,62.2180574599632,74.1263865758035,74.1275246282216
53.35,1424.82711186153,-5.26181443247016,-4.45606769784015e-06,1.88805415605514e-05,1.91316046323889e-06,-2.94947782523684e-06,-1.582007437299e-07,2.02164543539746e-07,62.2187325283211,62.219669544446,74.1283686129657,74.1295053372543
53.36,1425.1188228779,-5.26180896756486,-4.39663770173955e-06,1.88995136221785e-05,1.88401384515417e-06,-2.92120675406562e-06,-1.56083268543858e-07,1.98728212523567e-07,62.2203394129061,62.2212751608984,74.1303424457276,74.1314778475795
53.37,1425.41053372982,-5.26180349656043,-4.33777225447359e-06,1.8918195747254e-05,1.85514670450486e-06,-2.89318200570507e-06,-1.53985911200022e-07,1.95325004998317e-07,62.2219341639465,62.2228686525277,74.1323013206293,74.1334354054847
53.38,1425.70224441825,-5.26179801954681,-4.27946618628462e-06,1.89365907170003e-05,1.8265565662475e-06,-2.86540998602533e-06,-1.51908487415464e-07,1.91954653078457e-07,62.2235154589967,62.2244486920985,74.134242876041,74.1353756539774
53.39,1425.99395494412,-5.2617925366131,-4.22171430771749e-06,1.89547012873897e-05,1.79824082093122e-06,-2.83790182639857e-06,-1.4985081189152e-07,1.88616815067263e-07,62.2250921159421,62.2260240983715,74.1361795892885,74.1373110688047
53.4,1426.28566530838,-5.26178704784757,-4.16451150122689e-06,1.8972530188441e-05,1.77019695214971e-06,-2.81064533609462e-06,-1.4781270235116e-07,1.85311201631507e-07,62.2266561071982,62.2275868470304,74.1381014121542,74.1392315987987
53.41,1426.57737551197,-5.26178155333759,-4.10785273969931e-06,1.89900801244991e-05,1.7424223012612e-06,-2.7836551511186e-06,-1.45793979364007e-07,1.8203751856339e-07,62.2282140922164,62.2291435971441,74.1400138837682,74.1411427830335
53.42,1426.86908555583,-5.26177605316973,-4.05173318970976e-06,1.90073537744579e-05,1.71491446044422e-06,-2.75691058833332e-06,-1.43794470966914e-07,1.7879547321159e-07,62.2297637984628,62.230692078491,74.1419171840391,74.1430447994391
53.43,1427.16079544087,-5.26177054742973,-3.99614814296997e-06,1.90243537928058e-05,1.68767096758901e-06,-2.73039368844017e-06,-1.41814009458762e-07,1.75584824742281e-07,62.2313086517831,62.232235715882,74.1438154836434,74.1449418193424
53.44,1427.45250516803,-5.26176503620251,-3.94109282637815e-06,1.90410828112905e-05,1.66068970967403e-06,-2.70409978972568e-06,-1.39852425365274e-07,1.72405265349597e-07,62.2328368022353,62.233762656847,74.1456921306559,74.1468171940082
53.45,1427.74421473823,-5.26175951957216,-3.88656236432572e-06,1.90575434390957e-05,1.63396822141897e-06,-2.67805569016255e-06,-1.37909544449279e-07,1.69256434469096e-07,62.234357686382,62.235282333052,74.1475599149065,74.1486837171811
53.46,1428.03592415236,-5.26175399762199,-3.83255193145426e-06,1.90737382606637e-05,1.60750406475304e-06,-2.65225964921495e-06,-1.35985194636676e-07,1.66138107913355e-07,62.235870233428,62.2367936787583,74.1494176753428,74.150540222629
53.47,1428.32763341134,-5.26174847043447,-3.77905671815967e-06,1.9089669835868e-05,1.5812947994394e-06,-2.62670389865108e-06,-1.34079204605188e-07,1.63049983667885e-07,62.2373752209154,62.2382974729544,74.151266846379,74.1523881434987
53.48,1428.61934251607,-5.26174293809132,-3.72607200507209e-06,1.91053407006796e-05,1.55533806406021e-06,-2.60138841010261e-06,-1.32191406172136e-07,1.59991796919775e-07,62.2388705657945,62.239791631542,74.1531033134642,74.1542233662977
53.49,1428.91105146744,-5.26173740067345,-3.67359315634678e-06,1.91207533676444e-05,1.52963154079761e-06,-2.57630404519593e-06,-1.30321634083298e-07,1.56963249524269e-07,62.2403574601261,62.2412773465753,74.154929555556,74.1560483697439
53.5,1429.20276026634,-5.261731858261,-3.62161569052063e-06,1.91359103257373e-05,1.50417281384011e-06,-2.55145507998906e-06,-1.28469728534035e-07,1.53964125148339e-07,62.2418409659221,62.2427596818499,74.1567508381248,74.1578684171094
53.51,1429.49446891367,-5.26172631093334,-3.57013500894928e-06,1.91508140424087e-05,1.47896004017334e-06,-2.52679369318685e-06,-1.26635526534978e-07,1.50994147799649e-07,62.2433020289221,62.2442195804432,74.1585463915708,74.1596627427866
53.52,1429.7861774103,-5.26172075876908,-3.51914637029839e-06,1.91654669639074e-05,1.45399066794337e-06,-2.50239188116013e-06,-1.24818857941623e-07,1.48052985331128e-07,62.2447660736433,62.2456824596047,74.1603447401203,74.1614598763143
53.53,1430.0778857571,-5.26171520184606,-3.46864529741386e-06,1.91798715118736e-05,1.42926248277256e-06,-2.47821947457358e-06,-1.23019563484482e-07,1.4514038121664e-07,62.2462172425356,62.2471324738724,74.1621273689973,74.1632412914162
53.54,1430.36959395494,-5.26170964024138,-3.41862738194731e-06,1.91940300848631e-05,1.40477304755965e-06,-2.45428054312587e-06,-1.21237485981355e-07,1.42256124747997e-07,62.2476648392354,62.2485789247555,74.1639046999586,74.1650174118503
53.55,1430.6613020047,-5.26170407403139,-3.36908832301871e-06,1.92079450596087e-05,1.38052045305862e-06,-2.4305279111367e-06,-1.19472472806707e-07,1.39399965909046e-07,62.2490975846858,62.2500105327623,74.1656650820863,74.1667765877213
53.56,1430.95300990722,-5.26169850329172,-3.32002365689541e-06,1.92216187930793e-05,1.35650257004916e-06,-2.40699166537246e-06,-1.17724364592703e-07,1.36571606960956e-07,62.250522008596,62.2514338203502,74.1674146505408,74.1685249608944
53.57,1431.24471766336,-5.26169292809727,-3.27142905058088e-06,1.92350536200182e-05,1.33271708869836e-06,-2.38370149545658e-06,-1.15993006524927e-07,1.33770751828931e-07,62.2519450001073,62.2528556814484,74.1691622061899,74.1702713267139
53.58,1431.53642527398,-5.26168734852219,-3.2233004114175e-06,1.92482518519318e-05,1.30916177397788e-06,-2.36062121321337e-06,-1.14278253122413e-07,1.30997219468555e-07,62.2533602222071,62.2542697853893,74.170900543849,74.1720084739487
53.59,1431.82813273992,-5.26168176463996,-3.17563351558445e-06,1.92612157804916e-05,1.28583483944027e-06,-2.33772322145067e-06,-1.12579954645776e-07,1.28250751061688e-07,62.2547585291555,62.2556669798225,74.1726181677361,74.1737249145088
53.6,1432.11984006201,-5.2616761765233,-3.1284240339693e-06,1.92739476778748e-05,1.26273409964086e-06,-2.31504131783845e-06,-1.10897956061996e-07,1.25531047592744e-07,62.2561524399673,62.2570597774053,74.174330119346,74.1754356947281
53.61,1432.4115472411,-5.26167058424427,-3.08166765128244e-06,1.92864497946865e-05,1.23985747848263e-06,-2.29258138440612e-06,-1.09232103560905e-07,1.22837867707476e-07,62.2575365977528,62.2584428277366,74.1760302878698,74.1771346975422
53.62,1432.70325427801,-5.26166498787421,-3.03536010604467e-06,1.92987243595853e-05,1.21720268139017e-06,-2.27034496754776e-06,-1.0758224497811e-07,1.20170933432494e-07,62.2589148192789,62.2598199484293,74.1777234486391,74.1788266972148
53.63,1432.99496117357,-5.26165938748377,-2.98949740545516e-06,1.93107735788159e-05,1.19476752605087e-06,-2.24832044934765e-06,-1.0594823804534e-07,1.1753009175261e-07,62.2602916330175,62.2611956718766,74.1794149147122,74.1805170027489
53.64,1433.2866679286,-5.26165378314293,-2.94407562199375e-06,1.93225996387214e-05,1.17255025516379e-06,-2.22646553345703e-06,-1.04329943592839e-07,1.14915100952757e-07,62.2616506459408,62.2625536036683,74.1810837307814,74.1821846610934
53.65,1433.57837454392,-5.26164817492099,-2.89909073630664e-06,1.93342047076715e-05,1.15054885614159e-06,-2.20482917596026e-06,-1.0272721803085e-07,1.12325659701491e-07,62.263010280403,62.2639121580817,74.1827537104694,74.1838534931226
53.66,1433.87008102033,-5.26164256288656,-2.85453877313126e-06,1.93455909341861e-05,1.12876154963736e-06,-2.18336207292248e-06,-1.01139919982115e-07,1.09761582905554e-07,62.2643527937091,62.2652535968479,74.1844034199374,74.1855020607147
53.67,1434.16178735865,-5.26163694710761,-2.81041550624517e-06,1.93567604479729e-05,1.10718620246426e-06,-2.16211453052418e-06,-9.95678983547446e-08,1.07222575364448e-07,62.265689828786,62.2665895582643,74.1860457682231,74.1871432770891
53.68,1434.45349355968,-5.26163132765145,-2.76671687225759e-06,1.93677153573807e-05,1.08582076089853e-06,-2.14107782477755e-06,-9.80110081380876e-08,1.04708422533212e-07,62.2670185138691,62.2679171760846,74.1876772927699,74.1887736740234
53.69,1434.7451996242,-5.2616257045847,-2.72343892433229e-06,1.93784577499515e-05,1.06466312985394e-06,-2.12024826000236e-06,-9.64691086048973e-08,1.02218908241882e-07,62.2683424570985,62.2692400603658,74.1893035041048,74.1903987601576
53.7,1435.03690555302,-5.26162007797338,-2.68057796113008e-06,1.93889896929984e-05,1.04371135989762e-06,-2.09960638536054e-06,-9.49420680253199e-08,9.9753802940139e-08,62.2696605790033,62.2705571331161,74.1909222660122,74.1920163978365
53.71,1435.32861134692,-5.26161444788285,-2.63813036178552e-06,1.93993132354514e-05,1.02296372907288e-06,-2.07912575648435e-06,-9.3429757847593e-08,9.73129729961615e-08,62.2709697131748,62.2718652258211,74.1925299920678,74.1936230029839
53.72,1435.62031700669,-5.26160881437783,-2.59609232966616e-06,1.94094304099024e-05,1.00241860309691e-06,-2.05882650598086e-06,-9.1932043011477e-08,9.48960621263706e-08,62.2722674864563,62.2731619591178,74.1941245001904,74.1952163998308
53.73,1435.9120225331,-5.26160317752242,-2.55446010996659e-06,1.94193432304128e-05,9.82073925379137e-07,-2.03873083803335e-06,-9.04487890468521e-08,9.25028579650509e-08,62.273563251518,62.2744566864112,74.195715873056,74.1968066690923
53.74,1436.20372792693,-5.2615975373801,-2.51322994709072e-06,1.94290536914191e-05,9.61927888662688e-07,-2.01882070308915e-06,-8.89798625107641e-08,9.01331904208311e-08,62.274847149059,62.2757395537678,74.1972930240615,74.1983827195336
53.75,1436.49543318895,-5.26159189401373,-2.47239803357286e-06,1.9438563768832e-05,9.41978567047136e-07,-1.99909898764778e-06,-8.75251275744263e-08,8.77868059213742e-08,62.2761258331627,62.277017211678,74.1988640525815,74.1999526538669
53.76,1436.78713831992,-5.26158624748555,-2.43196066786809e-06,1.94478754197294e-05,9.22224127811956e-07,-1.9795638538446e-06,-8.60844522558004e-08,8.54635002550327e-08,62.2773949057508,62.2782852636387,74.2004230122308,74.2015105240467
53.77,1437.07884332061,-5.2615805978572,-2.3919141975716e-06,1.94569905827083e-05,9.02662689770354e-07,-1.96021284257739e-06,-8.46577062830865e-08,8.31630609186146e-08,62.2786591240274,62.2795484672212,74.2019754263357,74.2030618527792
53.78,1437.37054819177,-5.26157494518972,-2.35225506086486e-06,1.94659111781567e-05,8.83292520631008e-07,-1.9410375893156e-06,-8.32447629346061e-08,8.08852876868667e-08,62.2799139806717,62.2808023160112,74.2035167511234,74.2046020956635
53.79,1437.66225293415,-5.26156928954355,-2.31297966393493e-06,1.94746391093775e-05,8.64111895836012e-07,-1.92203476881739e-06,-8.18454941223952e-08,7.86299644219175e-08,62.281162237483,62.2820495687301,74.2050503430952,74.206134612139
53.8,1437.95395754851,-5.26156363097855,-2.27408447806968e-06,1.94831762619842e-05,8.45119002252864e-07,-1.90321742625539e-06,-8.04597739081336e-08,7.63968743019809e-08,62.2824046088864,62.2832909408242,74.2065761605572,74.2076593590808
53.81,1438.24566203557,-5.26155796955399,-2.2355660262672e-06,1.94915245039301e-05,8.26312163828175e-07,-1.88455812564625e-06,-7.90874786181869e-08,7.41857898675126e-08,62.2836362454797,62.2845215846521,74.2080889415196,74.2091710730197
53.82,1438.53736639609,-5.26155230532857,-2.19742082403192e-06,1.94996856860182e-05,8.07689541088966e-07,-1.86609551927367e-06,-7.77284838083902e-08,7.19965247684452e-08,62.2848650117822,62.285749361817,74.2095981927903,74.2106792633219
53.83,1438.8290706308,-5.26154663836039,-2.15964542954483e-06,1.95076616416001e-05,7.89249591808672e-07,-1.84778189151617e-06,-7.63826671634736e-08,6.98289203829652e-08,62.28608163434,62.2869650012928,74.2110927678345,74.2121727813624
53.84,1439.12077474043,-5.26154096870702,-2.12223634322741e-06,1.95154541875938e-05,7.70990479571178e-07,-1.82965355221708e-06,-7.50499036212755e-08,6.76827234670323e-08,62.2872962760629,62.2881786628858,74.2125848694446,74.2136638324302
53.85,1439.4124787257,-5.26153529642544,-2.08519020993187e-06,1.95230651234088e-05,7.52910597778436e-07,-1.81168481075304e-06,-7.37300738415214e-08,6.55577538258116e-08,62.2885004363995,62.2893818498659,74.2140645879983,74.2151425033407
53.86,1439.70418258733,-5.26152962157209,-2.04850373663053e-06,1.95304962315563e-05,7.3500811522227e-07,-1.79390089911517e-06,-7.2423060273373e-08,6.34538024680588e-08,62.2897035083318,62.2905839542499,74.2155416281232,74.2166184992196
53.87,1439.99588632605,-5.26152394420284,-2.01217373746922e-06,1.95377492779404e-05,7.17281624580493e-07,-1.77625198891567e-06,-7.11287500283733e-08,6.13706991549508e-08,62.2908920252983,62.291771511107,74.2170018141499,74.2180776435111
53.88,1440.28758994257,-5.26151826437304,-1.97619690330002e-06,1.95448260134604e-05,6.99729410216189e-07,-1.75877982992885e-06,-6.98470248086845e-08,5.93081873733609e-08,62.2920798039644,62.2929583306536,74.2184607489643,74.2195355448381
53.89,1440.5792934376,-5.26151258213746,-1.94056991092005e-06,1.9551728172768e-05,6.82350027910482e-07,-1.74145850160897e-06,-6.85777663831812e-08,5.72661390733746e-08,62.2932511626049,62.2941287336234,74.2198996139096,74.2209733824601
53.9,1440.87099681183,-5.26150689755038,-1.90528941412762e-06,1.95584574738804e-05,6.65141517159844e-07,-1.72433235728208e-06,-6.73208547830533e-08,5.52442779434663e-08,62.2944293071293,62.295305925995,74.2213466834555,74.2224194295653
53.91,1441.16270006599,-5.2615012106655,-1.87035230451171e-06,1.95650156171131e-05,6.48102454114786e-07,-1.70734300923958e-06,-6.60761799756427e-08,5.32425206722399e-08,62.2955898503462,62.2964655272774,74.2227727524532,74.2238444755695
53.92,1441.45440320075,-5.26149552153603,-1.83575521377362e-06,1.95714042887307e-05,6.31231294836215e-07,-1.69051058584915e-06,-6.48436217233988e-08,5.12606350869076e-08,62.2967435465458,62.297618281289,74.2241899672111,74.2252606769896
53.93,1441.74610621682,-5.26148983021463,-1.80149494779383e-06,1.95776251586573e-05,6.14526338573525e-07,-1.67384927520692e-06,-6.36230656390677e-08,4.92984278547062e-08,62.2978946449266,62.2987684413516,74.2256035566611,74.2266732575622
53.94,1442.03780911488,-5.26148413675346,-1.76756847933128e-06,1.9583679880018e-05,5.97985978093357e-07,-1.65735013318457e-06,-6.24144041663518e-08,4.73557334595975e-08,62.299042061897,62.2999149297226,74.2270128693405,74.2280815605266
53.95,1442.32951189561,-5.26147844120417,-1.73397289972465e-06,1.95895700906709e-05,5.81608772564166e-07,-1.64098859165214e-06,-6.12175340819286e-08,4.54323264061779e-08,62.3001801437076,62.3010520899935,74.2284106492458,74.2294783329314
53.96,1442.62121455971,-5.26147274361789,-1.70070521103233e-06,1.95952974147092e-05,5.65393355567325e-07,-1.62476801726153e-06,-6.00323485921222e-08,4.35281268971674e-08,62.3013102174211,62.3021812436655,74.2297985827484,74.2308652665384
53.97,1442.91291710784,-5.26146704404526,-1.66776228945503e-06,1.96008634620774e-05,5.4933826072843e-07,-1.60869358499448e-06,-5.88587362525543e-08,4.16429316433577e-08,62.3024354084764,62.3033055165422,74.2311814043345,74.2322470948302
53.98,1443.20461954069,-5.26146134253641,-1.63514108742177e-06,1.96062698274336e-05,5.33441885673499e-07,-1.59278961402083e-06,-5.76965883929031e-08,3.97763854540455e-08,62.3035532816658,62.3044224764473,74.2325538124489,74.2336185132328
53.99,1443.49632185891,-5.26145563914098,-1.60283863671613e-06,1.96115180895277e-05,5.17702723129777e-07,-1.57702791754541e-06,-5.6545799270967e-08,3.79284894906282e-08,62.3046644698327,62.3055327563259,74.2339192957995,74.234983010651
54,1443.78802406318,-5.26144993390813,-1.57085186353707e-06,1.96166098123753e-05,5.02119282793507e-07,-1.56142040489825e-06,-5.54062592184304e-08,3.60990211559914e-08,62.3057665528327,62.3066339340891,74.2352721161363,74.2363348505364
54.01,1444.07972615416,-5.26144422688652,-1.53917780995316e-06,1.9621546544909e-05,4.86690032246726e-07,-1.54596287670805e-06,-5.42778626547633e-08,3.42878111098989e-08,62.3068685090451,62.3077349900675,74.2366266822034,74.2376884393222
54.02,1444.3714281325,-5.26143851812434,-1.50781357349597e-06,1.9626329821388e-05,4.71413617474368e-07,-1.53063959746406e-06,-5.31605064402017e-08,3.24947005891571e-08,62.3079582174878,62.3088238042517,74.2379651775805,74.2390259601466
54.03,1444.66312999886,-5.2614328076693,-1.47675631577259e-06,1.96309611618369e-05,4.56288470159103e-07,-1.51547366721286e-06,-5.20540891153578e-08,3.07195085389421e-08,62.3090484167612,62.3099131133604,74.2393037701399,74.2403635820226
54.04,1444.9548317539,-5.26142709556865,-1.4460031899073e-06,1.96354420725997e-05,4.4131351178528e-07,-1.50041895143286e-06,-5.09585098938549e-08,2.89620902087229e-08,62.3101201489069,62.3109839601386,74.2406203133743,74.2416791588254
54.05,1445.24653339824,-5.26142138186915,-1.41555120657886e-06,1.96397740470534e-05,4.26487075882565e-07,-1.4855366899365e-06,-4.9873661305261e-08,2.72221744312962e-08,62.3111965712639,62.3120594955446,74.2419433106644,74.2430011988962
54.06,1445.53823493255,-5.26141566661712,-1.38539756153322e-06,1.96439585627511e-05,4.11807848446477e-07,-1.47077701345298e-06,-4.87994436872195e-08,2.5499796071568e-08,62.312258296573,62.3131203415558,74.2432469450839,74.2443038765403
54.07,1445.82993635744,-5.2614099498584,-1.35553943209601e-06,1.96479970834764e-05,3.97274233667301e-07,-1.4561841809655e-06,-4.77357562758075e-08,2.37945629475919e-08,62.3133244216873,62.3141855925901,74.2445567733288,74.2456127505837
54.08,1446.12163767358,-5.26140423163841,-1.32597444127152e-06,1.96518910576775e-05,3.82884911033045e-07,-1.44170898654617e-06,-4.66825147838477e-08,2.21065090200492e-08,62.3143840549157,62.3152443623367,74.2458586478812,74.2469136683674
54.09,1446.41333888157,-5.26139851200209,-1.2966998809818e-06,1.96556419231325e-05,3.68638980161584e-07,-1.42732763114376e-06,-4.56396235464125e-08,2.0435422307466e-08,62.3154258178247,62.3162852631326,74.2471383562928,74.248192427709
54.1,1446.70503998206,-5.26139279099395,-1.26771288671809e-06,1.96592511061881e-05,3.5453495239553e-07,-1.41310616957334e-06,-4.46069794631649e-08,1.87810741763238e-08,62.3164674133491,62.3173259919273,74.2484173892102,74.2494705234236
54.11,1446.99674097566,-5.26138706865806,-1.23901074668188e-06,1.96627200179355e-05,3.40571363514326e-07,-1.39903896791987e-06,-4.35844858360318e-08,1.71433181001684e-08,62.3175058225828,62.31836354121,74.2496926871675,74.2507448847145
54.12,1447.288441863,-5.26138134503804,-1.21059076954217e-06,1.96660500551582e-05,3.26746884110699e-07,-1.38509739008518e-06,-4.25720471230451e-08,1.5521960278729e-08,62.3185323283212,62.3193891935739,74.2509537274359,74.2520049899712
54.13,1447.58014264469,-5.26137562017708,-1.18245029027824e-06,1.96692426012438e-05,3.13060090886482e-07,-1.371287182996e-06,-4.15695679305701e-08,1.39170168171783e-08,62.3195582015751,62.3204142158264,74.252214931786,74.2532652643987
54.14,1447.87184332135,-5.26136989411796,-1.15458665984167e-06,1.96722990268848e-05,2.99509864204204e-07,-1.35760301478949e-06,-4.05769541973406e-08,1.23281351893482e-08,62.320572492696,62.3214276610294,74.2534607012087,74.2545101066912
54.15,1448.16354389358,-5.261364166903,-1.12699740890721e-06,1.9675220689419e-05,2.86094650965068e-07,-1.34406355964431e-06,-3.95941174054192e-08,1.07553004002892e-08,62.3215902694792,62.3224445963775,74.2547103375799,74.2557588184397
54.16,1448.45524436199,-5.26135843857415,-1.0996801680047e-06,1.96780089330746e-05,2.72813426746692e-07,-1.3306294537465e-06,-3.86209739919683e-08,9.1983504714975e-09,62.3225967137033,62.3234502079383,74.2559462328809,74.2569937883064
54.17,1448.74694472719,-5.26135270917289,-1.07263241746374e-06,1.96806650916236e-05,2.59665070517915e-07,-1.31730791261336e-06,-3.76574342844301e-08,7.65710344609316e-09,62.3235980405332,62.3244507025101,74.2571769892333,74.2582236266705
54.18,1449.03864498977,-5.26134697874032,-1.04585167459409e-06,1.96831904866712e-05,2.4664826630762e-07,-1.30411292250482e-06,-3.67034094257358e-08,6.13138662411417e-09,62.3245934963238,62.3254453274861,74.2583999147934,74.2594456397318
54.19,1449.33034515033,-5.26134124731713,-1.01933529824166e-06,1.96855864276735e-05,2.33761883523752e-07,-1.29104899393543e-06,-3.57588055398134e-08,4.62106065218792e-09,62.3255786495104,62.3264296521299,74.259610005395,74.2606548232966
54.2,1449.62204520947,-5.26133551494359,-9.93080593567161e-07,1.96878542112195e-05,2.21004530067917e-07,-1.27812377063168e-06,-3.48235260356644e-08,3.12596078275856e-09,62.3265604017501,62.327410576335,74.2608160522825,74.2618599696966
54.21,1449.91374516776,-5.26132978165958,-9.67085095506731e-07,1.96899951195454e-05,2.08374719515728e-07,-1.26534090346585e-06,-3.38974826852199e-08,1.6459097413983e-09,62.3275400714155,62.3283894249486,74.262019364407,74.2630623809603
54.22,1450.2054450258,-5.26132404750456,-9.4134647432611e-07,1.96920104215848e-05,1.95871335061967e-07,-1.25265860482531e-06,-3.29805930290914e-08,1.80975268191524e-10,62.3285123436593,62.3293608850721,74.2632135887157,74.2642557029981
54.23,1450.49714478417,-5.26131831251762,-9.15862353204276e-07,1.96939013760196e-05,1.83493331266856e-07,-1.24009008388062e-06,-3.20727725719808e-08,-1.26920719203602e-09,62.3294791918643,62.3303269237162,74.264401417652,74.2654426345576
54.24,1450.78884444345,-5.26131257673746,-8.90630527635711e-07,1.96956692300719e-05,1.71239508302662e-07,-1.22763493788386e-06,-3.11739425152157e-08,-2.70463504153592e-09,62.330443200061,62.3312901256021,74.2655854088227,74.2666257318316
54.25,1451.08054400421,-5.26130684020238,-8.65648526068402e-07,1.96973152208082e-05,1.59109014572357e-07,-1.21528051897978e-06,-3.02840153721856e-08,-4.12549585378924e-09,62.3313907765534,62.3322368971918,74.2667488415311,74.2677882769648
54.26,1451.37224346702,-5.26130110295031,-8.40913850990401e-07,1.96988405738511e-05,1.47100372986525e-07,-1.20306570212657e-06,-2.94029011695893e-08,-5.53197960833848e-09,62.332342207297,62.3331875220645,74.2679179038951,74.2689564588351
54.27,1451.66394283246,-5.26129536501878,-8.16424150428519e-07,1.97002465015641e-05,1.35212502776463e-07,-1.19096472587199e-06,-2.85305165011316e-08,-6.92417899189265e-09,62.3332830886392,62.3341276049115,74.2690740350114,74.2701117091488
54.28,1451.95564210108,-5.26128962644496,-7.92177098390682e-07,1.97015342044473e-05,1.2344407042472e-07,-1.17899192264133e-06,-2.76667781764004e-08,-8.30229414730543e-09,62.3342231052725,62.3350668266609,74.2702286675473,74.2712654639765
54.29,1452.24734127346,-5.26128388726565,-7.68170629859851e-07,1.9702704870389e-05,1.11793929470824e-07,-1.16712487300506e-06,-2.68116127523569e-08,-9.66626175283314e-09,62.3351608822906,62.336003816739,74.2713805902212,74.2724165075268
54.3,1452.53904035014,-5.26127814751728,-7.44402607387466e-07,1.97037596777252e-05,1.00261245037199e-07,-1.15534848702071e-06,-2.59649448261865e-08,-1.10164245551402e-08,62.3360872884217,62.3369294407522,74.2725181134613,74.2735531542095
54.31,1452.83073933169,-5.26127240723591,-7.20870836599611e-07,1.97046997953529e-05,8.88449760632937e-08,-1.14367623550673e-06,-2.51266959009239e-08,-1.2352791506267e-08,62.3370082890347,62.3378496575547,74.2736498205099,74.2746839931674
54.32,1453.12243821865,-5.26126666645723,-6.97573032907464e-07,1.97055263812441e-05,7.75439426568504e-08,-1.13212957794876e-06,-2.42967842872499e-08,-1.36755610785286e-08,62.3379284238169,62.3387690103061,74.2747802236034,74.2758135325423
54.33,1453.41413701159,-5.2612609252166,-6.7450696526674e-07,1.97062405815775e-05,6.63570564400346e-08,-1.12069273332422e-06,-2.34751307505033e-08,-1.4984855620237e-08,62.338841763744,62.3396815733791,74.2759027272849,74.2769351740394
54.34,1453.70583571103,-5.26125518354899,-6.51670315624747e-07,1.97068435318688e-05,5.52832501937685e-08,-1.10935539092279e-06,-2.26616525880627e-08,-1.62808024310387e-08,62.3397415062717,62.3405805400838,74.2770077775989,74.2780393679356
54.35,1453.99753431754,-5.26124944148904,-6.29060822115897e-07,1.97073363561952e-05,4.43212027125924e-08,-1.09815615808531e-06,-2.18562684593148e-08,-1.75635848352097e-08,62.3406459644168,62.3414842241766,74.2781180336168,74.2791487715415
54.36,1454.28923283163,-5.26124369907103,-6.06676319440509e-07,1.97077201667011e-05,3.3470028659346e-08,-1.087044415017e-06,-2.10589017532749e-08,-1.8833124855195e-08,62.3415379898848,62.3423754825106,74.2792144551662,74.2802443406874
54.37,1454.58093125386,-5.26123795632891,-5.84514641417908e-07,1.97079960655673e-05,2.27284523521094e-08,-1.07605816762743e-06,-2.02694747967825e-08,-2.00897872252789e-08,62.342432900456,62.3432696285411,74.2803134553924,74.2813424917817
54.38,1454.87262958476,-5.26123221329626,-5.62573858133321e-07,1.97081651440701e-05,1.20956974793263e-08,-1.06514899895842e-06,-1.94879193924247e-08,-2.13334946466172e-08,62.3433149356768,62.3441509056366,74.2813976260154,74.2824258137176
54.39,1455.16432782485,-5.26122647000634,-5.40851815140409e-07,1.97082284847943e-05,1.57069188244707e-09,-1.05434189957745e-06,-1.87141584950226e-08,-2.25644017533277e-08,62.3441957605192,62.3450309722889,74.2824793207417,74.2835066658778
54.4,1455.45602597466,-5.26122072649209,-5.19346598704793e-07,1.9708187159752e-05,-8.84760150233751e-09,-1.04364820656791e-06,-1.79481239770484e-08,-2.37827919588943e-08,62.3450746018616,62.3459090610021,74.2835587764474,74.2845852793769
54.41,1455.74772403472,-5.26121498278609,-4.9805625409257e-07,1.97080422311649e-05,-1.91599979601061e-08,-1.03303135773008e-06,-1.71897466687298e-08,-2.49886186712463e-08,62.345938792716,62.3467725025956,74.2846203781986,74.2856460424139
54.42,1456.03942200554,-5.2612092389206,-4.76978650698572e-07,1.97077947520935e-05,-2.93676502581637e-08,-1.02253046801597e-06,-1.64389500150436e-08,-2.61820830745052e-08,62.3468061485996,62.3476391077582,74.2856865832065,74.2867114158131
54.43,1456.33111988765,-5.26120349492757,-4.56111884615864e-07,1.97074457641703e-05,-3.94716130715747e-08,-1.01214007583753e-06,-1.56956663019426e-08,-2.73632856208697e-08,62.3476672577351,62.3484994730588,74.2867432693901,74.2877672692775
54.44,1456.62281768156,-5.2611977508386,-4.35454015394854e-07,1.97069962993451e-05,-4.94727681973302e-08,-1.00184095835022e-06,-1.49598268270167e-08,-2.85323880186601e-08,62.348522402114,62.349353877794,74.2877942826092,74.2888174521331
54.45,1456.91451538779,-5.26119200668499,-4.15003011619056e-07,1.97064473805003e-05,-5.93720153063807e-08,-9.91615799528503e-07,-1.42313589920864e-08,-2.96893533442873e-08,62.349368086035,62.3501988215247,74.2888337103678,74.2898560561881
54.46,1457.20621300683,-5.26118626249772,-3.94756800285253e-07,1.97058000209759e-05,-6.91705091119379e-08,-9.81521212765222e-07,-1.35101884529875e-08,-3.08344725182506e-08,62.3502166912573,62.351046688256,74.2898758094832,74.2908973351278
54.47,1457.49791053921,-5.26118051830744,-3.7471360629173e-07,1.97050552227847e-05,-7.88692075015119e-08,-9.7152191282792e-07,-1.27962523459401e-08,-3.19678368199648e-08,62.3510566495914,62.351885916347,74.2909074103874,74.291928113631
54.48,1457.78960798541,-5.26117477414452,-3.54871630644029e-07,1.9704213978509e-05,-8.84690760386035e-08,-9.61606482768083e-07,-1.20894866402648e-08,-3.30894439483191e-08,62.3518951688145,62.3527237089513,74.2919374622656,74.2929573454477
54.49,1458.08130534595,-5.26116903003899,-3.35228953767262e-07,1.97032772726496e-05,-9.79707858696025e-08,-9.51766319764559e-07,-1.13898233077721e-08,-3.41993964870536e-08,62.3527227225965,62.3535505373429,74.2929539118008,74.2939729799261
54.5,1458.37300262131,-5.26116328602061,-3.15783588237195e-07,1.97022460815616e-05,-1.07375357450318e-07,-9.42034043002867e-07,-1.0697191069927e-08,-3.52980117383425e-08,62.3535483076632,62.3543753961487,74.2939679840713,74.2949862434018
54.51,1458.664699812,-5.26115754211879,-2.96533672516521e-07,1.97011213709306e-05,-1.16683818343523e-07,-9.32406074076929e-07,-1.00115234294386e-08,-3.63852271987979e-08,62.3543711900808,62.3551975562164,74.2949793528324,74.2959968049718
54.52,1458.95639691851,-5.26115179836269,-2.77477263891586e-07,1.9699904096734e-05,-1.25897070297998e-07,-9.22861952132251e-07,-9.33275133930679e-09,-3.746118811725e-08,62.3551837809618,62.3560094285873,74.2959768112568,74.2969934581889
54.53,1459.24809394132,-5.26114605478114,-2.58612457175293e-07,1.96985952059265e-05,-1.35016092359205e-07,-9.1342010283446e-07,-8.66080664578485e-09,-3.85260002888459e-08,62.3559965102999,62.3568214411446,74.2969758138419,74.2979916593231
54.54,1459.53979088092,-5.26114031140267,-2.39937523017155e-07,1.96971956356521e-05,-1.44041808414868e-07,-9.04065719563073e-07,-7.99562774759488e-09,-3.95798142750065e-08,62.3568047075872,62.3576289271768,74.2979684609686,74.2989835048614
54.55,1459.8314877378,-5.26113456825556,-2.2145062313753e-07,1.96957063149343e-05,-1.52974906129815e-07,-8.94781303614721e-07,-7.33714951621634e-09,-4.06225609860325e-08,62.3576022337044,62.3584257441309,74.2989485290982,74.2999627754111
54.56,1460.12318451242,-5.26112882536777,-2.0314977653547e-07,1.96941281653382e-05,-1.61816273040178e-07,-8.85583436950341e-07,-6.68530093549836e-09,-4.16545355985676e-08,62.3583953132856,62.3592181128231,74.2999231472614,74.300936602981
54.57,1460.41488120527,-5.26112308276697,-1.85033367892656e-07,1.96924620977012e-05,-1.70567174473956e-07,-8.7652284519331e-07,-6.04002385501629e-09,-4.26758481808162e-08,62.3591967926399,62.3600188878177,74.3009071972783,74.3019198602574
54.58,1460.70657781683,-5.26111734048056,-1.67099950891969e-07,1.96907090128615e-05,-1.79228152435287e-07,-8.67500967228404e-07,-5.40126808586656e-09,-4.36863742329756e-08,62.3599832142981,62.3608046162212,74.3018728153773,74.302884680826
54.59,1460.99827434757,-5.26111159853567,-1.49347844291968e-07,1.9688869806234e-05,-1.87799974166546e-07,-8.58559631606437e-07,-4.76897364202016e-09,-4.46864742249461e-08,62.3607684527406,62.3615891592184,74.3028373877819,74.3038484634544
54.6,1461.28997079795,-5.26110585695915,-1.31775396007037e-07,1.96869453656241e-05,-1.96283319010325e-07,-8.49695170169115e-07,-4.14308154145484e-09,-4.56761007528068e-08,62.3615450583618,62.3623650684004,74.3037916757349,74.304801967989
54.61,1461.58166716845,-5.26110011577755,-1.14380716358906e-07,1.96849365706666e-05,-2.04679160974802e-07,-8.40925976258279e-07,-3.52352410177611e-09,-4.66554934946267e-08,62.3623175712104,62.3631368844871,74.3047407367816,74.3057502508834
54.62,1461.87336345952,-5.26109437501717,-9.71619532232049e-08,1.96828442911166e-05,-2.12988459426282e-07,-8.32257601478581e-07,-2.91023515194576e-09,-4.76245712748881e-08,62.3630854066692,62.3639040259005,74.3056837363056,74.3066924746322
54.63,1462.16505967163,-5.26108863470405,-8.01173622270672e-08,1.96806693871012e-05,-2.21212192835528e-07,-8.23684329113709e-07,-2.30315246855168e-09,-4.85835779592825e-08,62.3638538793285,62.3646718100305,74.3066280151478,74.3076359770433
54.64,1462.45675580524,-5.26108289486392,-6.32454148634525e-08,1.96784127099732e-05,-2.29351097346549e-07,-8.15180265599107e-07,-1.70222189142104e-09,-4.95325852035988e-08,62.3646132570729,62.3654305049294,74.3075609748164,74.3085681601413
54.65,1462.74845186079,-5.26107715552229,-4.65444694386539e-08,1.9676075103923e-05,-2.37405917052456e-07,-8.06744739007025e-07,-1.10738478406762e-09,-5.04715288989627e-08,62.3653680522859,62.3661846175108,74.308487484654,74.3094938984036
54.66,1463.04014783876,-5.26107141670439,-3.00129094014581e-08,1.96736574056844e-05,-2.45377449529433e-07,-7.98400562887902e-07,-5.18583471913267e-10,-5.14007317772326e-08,62.3661232237026,62.3669391089902,74.3094163683572,74.3104220125781
54.67,1463.33184373957,-5.2610656784352,-1.36492941923835e-08,1.96711604434014e-05,-2.53266519353086e-07,-7.90127231267108e-07,6.42332349423632e-11,-5.23201277554189e-08,62.3668714696875,62.367686680167,74.3103346835337,74.3113395580631
54.68,1463.62353956369,-5.26105994073941,2.54800827101329e-09,1.9668585038516e-05,-2.61073730324813e-07,-7.81931598073582e-07,6.41123154527593e-10,-5.32299106389966e-08,62.3676134930353,62.3684280292126,74.3112463074129,74.3122504173238
54.69,1463.91523531156,-5.26105420364151,1.85805890734715e-08,1.96659320045332e-05,-2.68799986641629e-07,-7.73808021252917e-07,1.21214347931485e-09,-5.41300379701751e-08,62.3683536183877,62.3691674807978,74.3121555150754,74.3131588642226
54.7,1464.20693098362,-5.26104846716569,3.44500695168494e-08,1.96632021472262e-05,-2.76446025726133e-07,-7.65774933653861e-07,1.77735170792182e-09,-5.50208031908743e-08,62.3690899403719,62.3699031328058,74.3130611398478,74.3140637294062
54.71,1464.49862658032,-5.26104273133592,5.01579515893033e-08,1.96603962639352e-05,-2.84012699455871e-07,-7.57819362302782e-07,2.33680151351417e-09,-5.59021411323038e-08,62.369820469187,62.3706329943513,74.3139577151173,74.3149595472441
54.72,1464.79032210208,-5.2610369961759,6.57058598290532e-08,1.96575151447423e-05,-2.91500641071748e-07,-7.49926109292941e-07,2.8905505938629e-09,-5.67741240626099e-08,62.3705444090211,62.3713562687324,74.3148472031984,74.3158482810841
54.73,1465.08201754934,-5.26103126170911,8.10953406060035e-08,1.96545595723062e-05,-2.98910772641451e-07,-7.42134445958716e-07,3.43865446231193e-09,-5.76370260893522e-08,62.3712715855622,62.3720827815176,74.3157405299833,74.3167408563037
54.74,1465.37371292255,-5.26102552795876,9.63278002487364e-08,1.96515303208837e-05,-3.06243702146918e-07,-7.34392565620945e-07,3.98116284941345e-09,-5.84907469147224e-08,62.3719851573506,62.3727956946702,74.3166168238848,74.317616398645
54.75,1465.66540822212,-5.26101979494783,1.11405415538733e-07,1.96484281609781e-05,-3.13499395641958e-07,-7.26569325163e-07,4.51815211613896e-09,-5.93353876865432e-08,62.3726991102383,62.3735089874436,74.3174942442886,74.3184930736071
54.76,1465.95710344849,-5.26101406269906,1.26329551683568e-07,1.9645253864414e-05,-3.20678731228489e-07,-7.19011538880785e-07,5.04967139653286e-09,-6.01713414012141e-08,62.3734083180839,62.374217538639,74.3183656095588,74.3193636944467
54.77,1466.24879860207,-5.26100833123496,1.41100684238327e-07,1.96420081833006e-05,-3.27783406431771e-07,-7.11538117248198e-07,5.57574000971128e-09,-6.09986018770478e-08,62.3741099465893,62.3749185125012,74.3192274929146,74.3202248362441
54.78,1466.5404936833,-5.2610026005778,1.55720220916537e-07,1.96386918588103e-05,-3.34814405042493e-07,-7.04143517435379e-07,6.09640854626208e-09,-6.18169738965044e-08,62.3748176855694,62.375625600868,74.3200969723219,74.3210935739756
54.79,1466.83218869258,-5.26099687074963,1.70189604393845e-07,1.96353056253278e-05,-3.4177210801426e-07,-6.96799179167951e-07,6.61172720148457e-09,-6.26266496175053e-08,62.3755129770068,62.3763202486322,74.3209502340968,74.3219460923442
54.8,1467.12388363035,-5.26099114177226,1.84510276294882e-07,1.96318502121565e-05,-3.48657214447242e-07,-6.89516778861971e-07,7.12174742704668e-09,-6.34277498431576e-08,62.3762089633102,62.3770155903625,74.3218055787468,74.3228006989807
54.81,1467.41557849701,-5.26098541366729,1.98683718701802e-07,1.9628326342368e-05,-3.55470220668456e-07,-6.82285837473849e-07,7.62652170135724e-09,-6.42202399466461e-08,62.3768961401526,62.3777021234339,74.3226499347113,74.3236443207556
54.82,1467.70727329298,-5.26097968645608,2.12711630172056e-07,1.9624734733255e-05,-3.6221183982133e-07,-6.7512640454132e-07,8.12611057150356e-09,-6.5004225821997e-08,62.3775773880479,62.3783827265392,74.3234863287633,74.3244799859065
54.83,1467.99896801867,-5.26097396015978,2.2659561230069e-07,1.96210760949399e-05,-3.6888282160738e-07,-6.68062458378597e-07,8.62057114633103e-09,-6.57799496734703e-08,62.3782609875634,62.3790656830905,74.3243271153022,74.3253200459567
54.84,1468.29066267448,-5.2609682347993,2.40336945214491e-07,1.96173511285906e-05,-3.75484038351573e-07,-6.61062408069609e-07,9.10994905770036e-09,-6.6547318334706e-08,62.3789415157556,62.3797455754244,74.3251623456208,74.3261545466409
54.85,1468.58235726083,-5.26096251039534,2.53936934693051e-07,1.96135605292537e-05,-3.82015943352337e-07,-6.54106042237685e-07,9.59429003811543e-09,-6.73064257596286e-08,62.3796145746699,62.380418003647,74.3259896238144,74.3269810949673
54.86,1468.87405177811,-5.2609567869684,2.67396962088301e-07,1.9609704987501e-05,-3.88479026353518e-07,-6.47206113423806e-07,1.00736432533408e-08,-6.80573759132518e-08,62.3802836953914,62.3810864921679,74.3268118140151,74.3278025613465
54.87,1469.16574622673,-5.26095106453874,2.807185088111e-07,1.96057851885943e-05,-3.94873830042963e-07,-6.40366318072634e-07,1.0548061611039e-08,-6.880027341458e-08,62.3809441782475,62.3817463410645,74.3276229528072,74.3286129823333
54.88,1469.45744060708,-5.26094534312642,2.9390296461297e-07,1.96018018102749e-05,-4.01201358548592e-07,-6.33630166784155e-07,1.10175952683211e-08,-6.95352744221195e-08,62.3816115176439,62.3824130487877,74.3284427472238,74.3294320600742
54.89,1469.74913491956,-5.26093962275129,3.06951608218224e-07,1.95977555223795e-05,-4.07462014546838e-07,-6.2692272334629e-07,1.1482288899757e-08,-7.02622385381942e-08,62.382263752917,62.3830646594759,74.329244088728,74.3302326827117
54.9,1470.04082916457,-5.26093390343299,3.19865850227892e-07,1.9593646989774e-05,-4.13656583851326e-07,-6.20296862042479e-07,1.19421932688319e-08,-7.09814928006799e-08,62.3829180033292,62.3837182838968,74.3300472868766,74.331035167342
54.91,1470.33252334249,-5.26092818519095,3.32646769766758e-07,1.95894768696896e-05,-4.19785712524086e-07,-6.13733801082665e-07,1.23973468049649e-08,-7.16928740835537e-08,62.3835727268646,62.3843723871439,74.3308522647691,74.3318394298038
54.92,1470.62421745372,-5.2609224680444,3.45295587470754e-07,1.95852458142914e-05,-4.25849781330458e-07,-6.07213114152104e-07,1.28477922755726e-08,-7.23966721992604e-08,62.3842160243133,62.3850150677039,74.3316428560482,74.332629307078
54.93,1470.91591149864,-5.26091675201237,3.57813439230747e-07,1.95809544700103e-05,-4.31849601512425e-07,-6.00770077407251e-07,1.32935708083358e-08,-7.30928357024069e-08,62.3848646826169,62.3856631083699,74.3324388978847,74.3334246392406
54.94,1471.20760547764,-5.26091103711369,3.70201546218568e-07,1.95766034773053e-05,-4.37785473443573e-07,-5.94363488125143e-07,1.37347251935253e-08,-7.37814658605118e-08,62.3854980939891,62.3862959054163,74.3332173734604,74.3342024064532
54.95,1471.4992993911,-5.260905323367,3.82461313231872e-07,1.95721934715758e-05,-4.43658222804175e-07,-5.8803962631433e-07,1.41713061988976e-08,-7.44626858029465e-08,62.3861357408998,62.3869329348175,74.334001351498,74.3349856829619
54.96,1471.7909932394,-5.26089961079071,3.94593875254976e-07,1.95677250799177e-05,-4.49468594557342e-07,-5.81787940060532e-07,1.46033543537371e-08,-7.51365429106469e-08,62.3867698320348,62.3875664144151,74.3347793409119,74.3357629683543
54.97,1472.08268702293,-5.26089389940307,4.06600381819213e-07,1.95631989231886e-05,-4.55217093223755e-07,-5.75588570488775e-07,1.50309100985967e-08,-7.58031425281656e-08,62.3873981893503,62.3881941648504,74.335551729213,74.3365346525151
54.98,1472.37438074205,-5.26088818922214,4.18482124760234e-07,1.95586156173541e-05,-4.6090418422979e-07,-5.69430364305767e-07,1.54540196321357e-08,-7.64623997746156e-08,62.3880177313706,62.3888130976389,74.336312869506,74.3372950952834
54.99,1472.66607439714,-5.26088248026575,4.30240451034391e-07,1.95539757728553e-05,-4.66530634533531e-07,-5.63357962402245e-07,1.58727316069739e-08,-7.71146249204692e-08,62.3886402515399,62.3894350078517,74.3370776856778,74.3380592178346
55,1472.95776798857,-5.26087677255158,4.41876522422471e-07,1.95492799925689e-05,-4.72097028146831e-07,-5.57344714088211e-07,1.62870872053098e-08,-7.77597016117515e-08,62.3892552638346,62.3900494156737,74.337833041904,74.3388138789954
